amino_acid	v_gene	frequency	caTCR_score
CASSYSGSDEQYF	TRBV6-5*01	0.2015	0.2441483202137692
CASSADSGNTIYF	TRBV7-8*03	0.043738	0.2195862452509984
CASSPRWGAKGYGYTF	TRBV28*01	0.041918	0.8615212292912204
CASSPQTGGGFYEQYF	TRBV6-6*05	0.039711	0.3308414249443164
CSARVENTIYF	TRBV20-1*01	0.034925	0.8536010820883448
CASRGTRGLTRTPLHF	TRBV28*01	0.012254	0.9000019347439897
CAWSVRGRGSNTEAFF	TRBV30*01	0.011757	0.675421687474871
CASSPDSGNTIYF	TRBV7-8*01	0.010515	0.2379897917947806
CASRDDRDYGYTF	TRBV9*01	0.010449	0.25120175622959057
CASSLSETGGLFYEQYF	TRBV28*01	0.010241	0.43904601957323275
CASSYQGDGTEAFF	TRBV27*01	0.006416	0.39108465820512
CASSFQGYTEAFF	TRBV28*01	0.006005	0.23343222057090518
CASSSSGGRRSQPQHF	TRBV27*01	0.004258	0.4075202732826163
CASSQGLASGYEQYF	TRBV5-6*01	0.003536	0.21691715361174674
CSARTRNVWQPQHF	TRBV20-1*04	0.003421	0.9729482672293159
CSASVGGDQPQHF	TRBV20-1*04	0.003338	0.5697242292507849
CASSYNGGTGELFF	TRBV6-5*01	0.003265	0.2648401962385677
CASSLWPGSFQETQYF	TRBV28*01	0.00292	0.7868382418258061
CASSFTTPYEQYF	TRBV28*01	0.002682	0.5661512399054464
CASSLGSGGLGEQFF	TRBV7-3*01	0.002479	0.4821411750706384
CASSLEPRGTGLQYF	TRBV28*01	0.002397	0.8571465090298115
CSASPSGIGSYEQYF	TRBV20-1*04	0.002085	0.7418097019646113
CASSLSAGGNSPLHF	TRBV27*01	0.002066	0.2283814560418946
CASSLGAGGPGIQYF	TRBV5-1*01	0.002049	0.44180585382944537
CASSLNRDRSYEQYF	TRBV28*01	0.001534	0.18472366535354445
CAWLTLGGQDYGYTF	TRBV30*01	0.001441	0.8764906344659168
CASSWSGGGSSTDTQYF	TRBV7-2*01	0.001382	0.4556473891789094
CASRDGVTAGNEKLFF	TRBV2*01	0.001357	0.7422299058166074
CASSPDSGTQYF	TRBV3-1*01	0.00129	0.44380352327670153
CATSGGDNEQFF	TRBV24-1*01	0.001285	0.4168025110285809
CASSLEKSNYGYTF	TRBV7-9*01	0.00125	0.24804207481115087
CASSLKGQGDGYTF	TRBV27*01	0.001176	0.49181880436557807
CASSEKTQYF	TRBV2*01	0.001175	0.492230809734555
CASSLTGTSAYEQYF	TRBV28*01	0.001165	0.2813882995844627
CASSFREASVEKLFF	TRBV7-9*01	0.00105	0.8014676884836113
CASSPETSGVNEQFF	TRBV11-2*01	0.001017	0.5029650504512657
CASRGQGRYNQPQHF	TRBV28*01	0.001016	0.3829921629605713
CASSPSRGQYSGNTIYF	TRBV28*01	0.00098	0.3494942501392592
CASSVSLYGYTF	TRBV2*01	0.00095	0.25412998472093173
CASSGDSSYGYTF	TRBV3-1*01	0.000945	0.10382260701537004
CAWTGTGTYGYTF	TRBV30*01	0.000893	0.5106456505879187
CASSENQGAAEAFF	TRBV2*01	0.00086	0.44573592774373894
CASSEAQGRNSPLHF	TRBV2*01	0.00085	0.543339457394799
CASSSGTTSLYEQYF	TRBV19*01	0.000831	0.5712933934408321
CASSQEPKGGQPQHF	TRBV4-1*01	0.000795	0.5763616436372205
CASSDPPAHYEQYF	TRBV6-1*01	0.000786	0.47873551102530715
CASSFQGYTEAFF	TRBV28*01	0.000767	0.23343222057090518
CASSYTTTDTQYF	TRBV6-5*01	0.000734	0.502348971966913
CASSIGEGYEQYF	TRBV19*01	0.000732	0.127645788935251
CATSLTGRWNEQYF	TRBV15*02	0.000722	0.8292417308410055
CASSYRAGQPQHF	TRBV27*01	0.00071	0.2482561222914084
CASTTREGSNEKLFF	TRBV7-9*05	0.000696	0.4792584871655691
CASSYSDTTGYTF	TRBV6-5*01	0.000689	0.33912373708016497
CAWSVSDIMNTEAFF	TRBV30*01	0.000682	0.6080403027192501
CASSTNSGRRNNEQFF	TRBV11-2*01	0.000673	0.5955972406020672
CASRFKQGQPQHF	TRBV28*01	0.000664	0.3644579284161876
CASSLFFGTSQNYNEQFF	TRBV11-2*01	0.000636	0.6212746627328335
CAPESSGRTIEQFF	TRBV2*01	0.00062	0.8708785241083542
CASSLVRLAHRESSPLHF	TRBV11-2*01	0.000587	0.9365983282371916
CASSDSSGGGTDTQYF	TRBV6-4*01	0.000584	0.1762456136409751
CASSFVDGTASYEQYF	TRBV7-9*01	0.000577	0.6115374433631704
CSAGTGGDQPQHF	TRBV20-1*01	0.000565	0.6483654060482271
CASSTTSGRSQETQYF	TRBV11-2*01	0.000552	0.45931720305289464
CASSPAGGYEQYF	TRBV18*01	0.000551	0.1708990946229394
CASSQRDTSGYTF	TRBV3-1*01	0.000551	0.21591795707878655
CASSPPTGGLEQYF	TRBV7-9*01	0.000543	0.48863592904148767
CASSLDLGRGYTF	TRBV11-2*01	0.000514	0.5538764675952588
CASSALSAQYF	TRBV7-9*04	0.000511	0.4922806309880754
CASSQDMGPEYGYTF	TRBV4-2*01	0.000506	0.8112035779488462
CAWSVSNGNQPQHF	TRBV30*01	0.000503	0.5190702214072382
CASSYRPEYNEQFF	TRBV11-2*01	0.000503	0.7616592673480992
CASSPGASGRAGEQFF	TRBV18*01	0.000502	0.6614766563298184
CASSLRLGHFYGYTF	TRBV27*01	0.000501	0.6364389562301901
CASSPYLGTGSGNTIYF	TRBV28*01	0.000479	0.4181529028024648
CASSPDLRGYGYTF	TRBV5-1*01	0.000466	0.3667030265485113
CASSPQGYEQYF	TRBV7-2*01	0.000452	0.12823652727564963
CARGDNSPLHF	TRBV11-3*01	0.000441	0.30867165869047575
CSADKGAPDGYTF	TRBV20-1*05	0.00044	0.9850689904266229
CASSQAGTGNYGYTF	TRBV4-1*01	0.000423	0.21478714399736562
CAWTSSGNTIYF	TRBV30*01	0.000418	0.21765129984432544
CASSMTEGSPLHF	TRBV19*01	0.000418	0.505191504647762
CATSDLLAGPNTGELFF	TRBV24-1*01	0.000415	0.8077150533164664
CASSWGSGTEAFF	TRBV19*01	0.000409	0.22266716472077072
CASRNRGLGEQYF	TRBV6-1*01	0.000408	0.5628228315471768
CASTLNDPYEQYF	TRBV6-6*03	0.000402	0.6128991368352589
CASSLARQTVNSPLHF	TRBV7-8*01	0.00039	0.6414133180678694
CASRPQGAGHNEQFF	TRBV13*01	0.000385	0.48700902245497496
CASSLAGINQPQHF	TRBV7-6*01	0.000379	0.13736474939705778
CASSLVGTNEKLFF	TRBV7-9*03	0.000378	0.2037059450667626
CASSLGEGALGEQYF	TRBV7-2*01	0.000374	0.5637554047750631
CASTRRVGQPQHF	TRBV27*01	0.000372	0.4484612051302121
CAGARPDNSPLHF	TRBV28*01	0.000371	0.5732795019799737
CASSIRSSYEQYF	TRBV19*01	0.000368	0.22934953333258531
CASSLSHLGNTEAFF	TRBV7-9*03	0.000363	0.48325501981604124
CSADRTGGFNEQFF	TRBV20-1*01	0.000361	0.8473723283908444
CASTTPSGQGIYTIYF	TRBV28*01	0.000359	0.7544852601813157
CASSVHDTSQQPQHF	TRBV6-6*05	0.000358	0.45946911018734
CAIRRDRWNTEAFF	TRBV10-3*01	0.000356	0.7940528143110567
CASSRTGTSSQTYEQYF	TRBV6-6*04	0.000355	0.32766457162484774
CASSLVQGTYNEQFF	TRBV5-1*01	0.000347	0.32653503910523607
CASSLNRDTYNEQFF	TRBV27*01	0.000339	0.32807890790816663
CASSVGRNYGYTF	TRBV2*01	0.000336	0.15862555019513574
CASSLMGTGPYEQYF	TRBV4-1*01	0.000332	0.2665002401303753
CASSLGRGSIQHF	TRBV27*01	0.000332	0.4651736410575701
CASSDGQGGSSYEQYF	TRBV6-1*01	0.000328	0.23749652450970402
CASSLYEGSYEQYF	TRBV27*01	0.000328	0.24809935552938725
CASSPPSQGSNTEAFF	TRBV18*01	0.000327	0.5237577929272473
CASSYGGLSYEQYF	TRBV6-5*01	0.000325	0.37423588023828736
CASSSWTRTYEQYF	TRBV27*01	0.000317	0.573234081263405
CASSLLGGYGYTF	TRBV11-1*01	0.000313	0.11129552715211186
CASSSGGLHGYTF	TRBV6-5*01	0.000309	0.25546272435880674
CASGGTGRLQPQHF	TRBV28*01	0.000305	0.7563525097909284
CASSEGPGDEKLFF	TRBV7-7*02	0.000295	0.3885310136334564
CASSNRWDGSYGYTF	TRBV27*01	0.000294	0.7870332804989305
CASSLRRGSSYEQYF	TRBV28*01	0.00029	0.2142141827714467
CASFGGNTGELFF	TRBV6-1*01	0.00029	0.3396718388335619
CASSEAGGSYEQYF	TRBV2*01	0.000289	0.09970688100992917
CASSPRTGVIYEQYF	TRBV13*01	0.000289	0.5568565461636774
CSASIPGRYGYTF	TRBV20-1*01	0.000287	0.8791183300911914
CASTSGGEGLYEQYF	TRBV6-1*01	0.000286	0.4095195400218027
CASSYISLAEEQYF	TRBV6-5*01	0.000285	0.759843767548734
CASSRSRGASDTQYF	TRBV11-2*01	0.000281	0.37624174331311533
CASSSGTGYSNQPQHF	TRBV28*01	0.00028	0.2158016114165746
CAWSATSDAYNSPLHF	TRBV30*01	0.000279	0.650188345962841
CASSQERGGEGYTF	TRBV4-2*01	0.000279	0.25990065848899285
CASRPTNYGYTF	TRBV28*01	0.000276	0.19843035789321128
CASSPQGQRGETQYF	TRBV28*01	0.000273	0.48556438540427377
CASKPSGRGNEQFF	TRBV7-2*01	0.000273	0.5265152438503411
CASQADPYNEQFF	TRBV9*01	0.000273	0.6925822646403934
CASSFQRARSTEAFF	TRBV28*01	0.000267	0.5726771362268555
CASSSPPPKGAYEQYF	TRBV28*01	0.000267	0.6626440120526719
CASSSPGYTYEQYF	TRBV28*01	0.000267	0.43671264404063076
CSAIGQGASGNTIYF	TRBV20-1*01	0.000263	0.8264132238706502
CASSYGQGRGYTF	TRBV6-5*01	0.000261	0.4304267202422743
CASSLIPGTGSTEAFF	TRBV7-8*01	0.000261	0.45647067030522015
CASTSGQVTPGELFF	TRBV2*01	0.00026	0.921118265630606
CASSGYGYTF	TRBV6-1*01	0.00026	0.08489874591304669
CASSPGQVHFYEQYF	TRBV6-2*01	0.000257	0.8572086507029238
CASSQAGTGNYGYTF	TRBV4-1*01	0.000254	0.21478714399736562
CSARDAGTGAYEQYF	TRBV20-1*01	0.000253	0.8507809366117228
CASSLDRWGPMKTQYF	TRBV5-1*01	0.000252	0.9224566808950556
CASSSSYEQYF	TRBV28*01	0.000249	0.09365258141671477
CASSWGAGVGYTF	TRBV28*01	0.000249	0.5821534176516979
CASRKDGSSYGYTF	TRBV9*01	0.000248	0.2675315826997367
CASGRLGFGSGSYEQYF	TRBV27*01	0.000248	0.6225979935744633
CASSDPGGYEQYF	TRBV6-4*01	0.000245	0.20736147500902977
CASSYTTGSSYEQYF	TRBV28*01	0.000242	0.23044079797836015
CASSPGTGGSEQYF	TRBV7-8*03	0.000241	0.2112626756481981
CSARADINSYGYTF	TRBV20-1*01	0.000238	0.8040767631650285
CASRREVFNEQYF	TRBV6-1*01	0.000238	0.7248185164857718
CSAKSGQLLAKNIQYF	TRBV20-1*05	0.000238	0.9849063826536923
CASSSRETAFRYEQYF	TRBV6-5*01	0.000236	0.9381801237804095
CAWKAKGDGSNTIYF	TRBV30*01	0.000235	0.9112046728267696
CASSLSGNLYEQYF	TRBV6-2*01	0.000233	0.3721987017930801
CASSSSANTEAFF	TRBV6-4*01	0.00023	0.0891209889200894
CASSLLTGDTQYF	TRBV18*01	0.000229	0.21886072637605594
CASSLAENRGDNEQFF	TRBV7-9*01	0.000228	0.6852117919550264
CASSQAPGGSGNTIYF	TRBV3-1*01	0.000226	0.22219723995281693
CASRSQPHAEAFF	TRBV27*01	0.000226	0.7628065218593167
CASSFFKTGEKNSNQPQHF	TRBV27*01	0.000221	0.6639129877357042
CATEPTGYYEQYF	TRBV6-1*01	0.000221	0.556891360854701
CASSLAGAPYEQYF	TRBV6-6*04	0.000221	0.18138559323042922
CASSSGQFYSYNSPLHF	TRBV6-6*05	0.000217	0.8622006449383679
CASTAGTWYGYTF	TRBV6-6*05	0.000217	0.7567023601392558
CASSEASGGGRGYTF	TRBV6-1*01	0.000216	0.3145142230016081
CASSEGQAHQPQHF	TRBV6-1*01	0.000215	0.2839227046731116
CASSLAGTGIDGYTF	TRBV28*01	0.000214	0.5800894107799234
CASSDSGGRGNIQYF	TRBV6-4*01	0.000212	0.6384416379982043
CASLRFGGGENIQYF	TRBV2*01	0.000211	0.8265630638764573
CASSIGTETYEQYF	TRBV19*01	0.000209	0.3613630240773728
CASSGGVGGEGYEQYF	TRBV28*01	0.000208	0.22982576805869678
CASSEARTGGSFETQYF	TRBV2*01	0.000206	0.45947703363472964
CASREWSEAFF	TRBV3-1*01	0.000204	0.31791868713335564
CASSLTTGGPIYGYTF	TRBV3-1*01	0.000201	0.464113784236376
CASNSLNQPQHF	TRBV19*01	0.000201	0.22292213401596433
CASNMGGEQYF	TRBV6-1*01	0.000199	0.5710922694956028
CASSRTGANTEAFF	TRBV3-1*01	0.000199	0.09805026466415176
CASSLGQGPSYEQYF	TRBV7-2*01	0.000198	0.19462416047125186
CASTPSNYGYTF	TRBV28*01	0.000196	0.1916995854539597
CATSSGKYNEQFF	TRBV24-1*01	0.000196	0.3008055735125543
CASNERNTGELFF	TRBV6-1*01	0.000195	0.1830953468075811
CASSQTNYGYTF	TRBV3-1*01	0.000194	0.12318505563386983
CASRPTENYGYTF	TRBV27*01	0.000193	0.30327630771644076
CASSYSGPFYEQYF	TRBV6-2*01	0.000192	0.6576297702719796
CASSERVAGGHEQYF	TRBV6-1*01	0.000191	0.4558477848524478
CASSERTALNEQYF	TRBV6-1*01	0.000191	0.8598782592455668
CASSPQGGFNYGYTF	TRBV28*01	0.000191	0.2979276517983818
CATSPGTGKRGDYGYTF	TRBV24-1*01	0.00019	0.7861573668512596
CASSTGGHQPQHF	TRBV14*01	0.000188	0.17419880246325697
CASRSEEAGGIDTQYF	TRBV19*01	0.000187	0.48087611595184016
CASSDNSYEQYF	TRBV6-1*01	0.000186	0.1711421760372629
CASSYQPWQPQHF	TRBV6-5*01	0.000186	0.7654738728031982
CASSFDFLYEQYF	TRBV5-1*01	0.000184	0.5726798784549403
CAWNRGNTEAFF	TRBV30*01	0.000184	0.22928955243249502
CSAIQGKKGGYTF	TRBV20-1*01	0.000183	0.9664160662467735
CASSLAGVTIGEQYF	TRBV5-5*01	0.000181	0.8066691170074495
CASSSWGIYEQYF	TRBV6-5*01	0.000181	0.4303517005030919
CAWSSLNGNQPQHF	TRBV30*01	0.000178	0.5189848646882439
CASSIFGGLAGDNEQFF	TRBV19*01	0.000178	0.7245211082207555
CASSLGDNGSANEQFF	TRBV5-1*01	0.000178	0.3928527471378194
CATPGQGFYGYTF	TRBV6-1*01	0.000177	0.6652238988249929
CASSLRAGRVDEQFF	TRBV3-1*01	0.000177	0.6673070029430708
CSSPGTGSTEAFF	TRBV20-1*01	0.000176	0.3745235099011272
CASSDVGSTEAFF	TRBV5-1*01	0.000175	0.13307359017311987
CASSTQWGNSPLHF	TRBV28*01	0.000174	0.7729789787709448
CASSPPLATSTDTQYF	TRBV9*03	0.000172	0.6149187695299375
CASSGTGNNEQYF	TRBV27*01	0.000171	0.28248940503703596
CAWESGGKADTQYF	TRBV30*05	0.000171	0.820807899059741
CASSLRMNTEAFF	TRBV28*01	0.000171	0.15171580286360206
CASSQLTGGNEQYF	TRBV3-1*01	0.000171	0.2277128488371832
CASMAGGGPDNEQFF	TRBV28*01	0.00017	0.8546958013366123
CASRNLRGSYEQYF	TRBV6-1*01	0.00017	0.4950172967433166
CASSRQFPGDEQYF	TRBV11-3*01	0.000169	0.8239030056983886
CASSFAGTFTFSSYEQYF	TRBV28*01	0.000168	0.8429775014865564
CASSEFGGEAFF	TRBV10-1*01	0.000168	0.2789787999836809
CASRAGQANYGYTF	TRBV2*01	0.000168	0.29305834232770517
CASSLEIAGSSYEQYF	TRBV5-1*01	0.000167	0.32324127370253647
CASWEQGVNSPLHF	TRBV2*01	0.000166	0.7327670399363327
CASSPRGVRYGYTF	TRBV28*01	0.000165	0.5474355591670725
CASSSDGAGSTDTQYF	TRBV5-1*01	0.000164	0.2783404146501331
CASRFGPPGEQFF	TRBV6-1*01	0.000164	0.9460259766845897
CASSFSGGVIFNGQYF	TRBV28*01	0.000164	0.9573487402972835
CASSIDGNTEAFF	TRBV19*01	0.000164	0.2153629903978179
CASSRPCYSGANVLTF	TRBV6-8*01	0.000163	0.7289297362942663
CASREQGALYGYTF	TRBV28*01	0.000163	0.44884172203362505
CASTTPRLPHNSPLHF	TRBV6-2*01	0.000163	0.9591919754586703
CASSLTGGNNQPQHF	TRBV6-2*01	0.000162	0.232237189630532
CASNPRGGSNYGYTF	TRBV28*01	0.00016	0.31420269564886627
CASSLSGNTIYF	TRBV2*01	0.00016	0.15535695948071002
CASSPSGTGSNTEAFF	TRBV18*01	0.000159	0.21310090204931117
CASRPDREGQPQHF	TRBV28*01	0.000158	0.513529000136004
CASSPRGANYGYTF	TRBV3-1*01	0.000157	0.22209420371817648
CASNLGRVEAFF	TRBV2*01	0.000157	0.5893050034808567
CSARDVLADTGELFF	TRBV20-1*01	0.000157	0.9430583581241028
CASSLSLRGTGNSPLHF	TRBV27*01	0.000157	0.6412388360325754
CASSRGGPTTNEKLFF	TRBV6-6*04	0.000156	0.5613614332230836
CASSLQGYGYTF	TRBV28*01	0.000156	0.10909423511309774
CASSLDEGGLAFTDTQYF	TRBV28*01	0.000156	0.7267215472677053
CASSFFFRREGHYGYTF	TRBV28*01	0.000156	0.9519183226884845
CASTRGEETGELFF	TRBV10-1*01	0.000155	0.5032756642244339
CAWIREDYEQYF	TRBV30*01	0.000155	0.8472855840124147
CASSLGSGGLGEQFF	TRBV7-3*01	0.000155	0.4821411750706384
CAIREQGRGGNTIYF	TRBV10-3*01	0.000155	0.5340575594191517
CASTLVAGSYNEQFF	TRBV6-1*01	0.000154	0.5709936880657492
CASSEVRDSYEQYF	TRBV6-1*01	0.000153	0.2996502198639114
CAKGSSGKRYEQYF	TRBV10-1*01	0.000153	0.6520648419702839
CASNTQGKLDYGYTF	TRBV28*01	0.000153	0.7887388737345113
CAWSRPGAISPDGYTF	TRBV30*01	0.000152	0.9208645219161892
CASRPNRGQTNEKLFF	TRBV2*01	0.000151	0.5020781039742026
CASSPAGGGGYGYTF	TRBV28*01	0.00015	0.16902515879212174
CASSLSRGLYNEQFF	TRBV7-2*01	0.00015	0.4703252671679531
CASSEISIYYEQYF	TRBV6-1*01	0.00015	0.4123363620962511
CASSAGQAVGGYTF	TRBV5-1*01	0.00015	0.4554612253065931
CASSCCGGHGNTIYF	TRBV28*01	0.000149	0.7181476842529966
CASSYGREATYNEQFF	TRBV28*01	0.000149	0.5789220861193192
CASSSPTPPYEQYF	TRBV27*01	0.000149	0.488884358526165
CASSPTVSNQPQHF	TRBV28*01	0.000149	0.2839944623396327
CASSYGGNYEQYF	TRBV6-2*01	0.000149	0.18201435674794975
CASSLAGGGSYEQYF	TRBV7-2*01	0.000149	0.10583167592909855
CASILTGGFHEQYF	TRBV28*01	0.000148	0.6541397823797023
CASSPLRDGFSGNTIYF	TRBV18*01	0.000148	0.517430414307643
CASSLGGEQYF	TRBV27*01	0.000147	0.14660355914079848
CSVEGTGTGRSEQFF	TRBV29-1*01	0.000146	0.8366918041051565
CASRRRAITGGYEQYF	TRBV6-6*04	0.000145	0.6076723354142073
CASSLTSGLYEQYF	TRBV27*01	0.000145	0.19752422249652032
CASSLQGENTEAFF	TRBV6-5*01	0.000145	0.1252360764136832
CASSLGSNYGYTF	TRBV28*01	0.000144	0.09255575218864158
CASISTYSYGYTF	TRBV2*01	0.000144	0.4350948700950274
CAWSVRSEIGQQTNYGYTF	TRBV30*01	0.000144	0.8360526620118942
CASSLTGNNQPQHF	TRBV7-9*01	0.000144	0.19573329137126594
CASSQGAGMQYF	TRBV3-1*01	0.000143	0.4966199316899285
CSVGWGAGEQYF	TRBV29-1*01	0.000143	0.8724592927750032
CSAHGDRGNQPQHF	TRBV20-1*01	0.000143	0.8869611921847947
CATSTGYYGYTF	TRBV19*01	0.000142	0.2241628234593034
CASSNRQGGYEQYF	TRBV6-6*03	0.000142	0.2649772509501486
CASSPVDRDSQPQHF	TRBV28*01	0.000142	0.6788019175331914
CASSLGGTQYF	TRBV27*01	0.000142	0.24459131922802246
CASSTRQGGDEQYF	TRBV7-9*01	0.000141	0.4295194291104081
CASSLSKQGRYGYTF	TRBV19*01	0.000141	0.5470592826478758
CASSSSGTGYYEQYF	TRBV5-1*01	0.000141	0.1612544763849297
CASSVYGYGYTF	TRBV2*01	0.000141	0.1879963642195875
CASSFGMDSSGNTIYF	TRBV5-6*01	0.00014	0.4530396836743396
CSARDNADYEQYF	TRBV20-1*01	0.00014	0.7846261315364453
CASSPTQGANEQYF	TRBV18*01	0.00014	0.3600347661141847
CASSQTVLYEQYF	TRBV10-2*01	0.000138	0.6826740704224366
CASSYAGGSTYEQYF	TRBV6-5*01	0.000138	0.23438756347992015
CASSKLQGQPQHF	TRBV2*03	0.000138	0.4545776765602543
CATSRAARGSWQPQHF	TRBV15*01	0.000138	0.7209602055859097
CASSPRTKEQYF	TRBV27*01	0.000138	0.8181029136413952
CASSRGTGIPLHF	TRBV28*01	0.000138	0.7908917676543853
CASSSETSYEQYF	TRBV27*01	0.000138	0.14724372018656112
CASSYGGGSSYEQYF	TRBV6-5*01	0.000136	0.1546706687236175
CASSRTPYSNQPQHF	TRBV6-2*01	0.000136	0.45169833217311706
CASSLGRDVDEQYF	TRBV27*01	0.000136	0.24564878015730673
CASSSGFSGGQYF	TRBV12-3*01	0.000136	0.5915709189206051
CATSVGTETYEQYF	TRBV19*01	0.000136	0.4308529203434435
CASSELAGQEQYF	TRBV28*01	0.000136	0.4215070268533236
CASSGRYYGYTF	TRBV2*01	0.000135	0.14959806549814417
CASSPGPSSSNYGYTF	TRBV27*01	0.000135	0.2658046488410119
CASSSRTGINYGYTF	TRBV28*01	0.000135	0.3308089249967324
CASSLSGRMAYEQYF	TRBV28*01	0.000135	0.6577206860402875
CASRESPGQVYNEQFF	TRBV27*01	0.000135	0.8203629743683731
CASSLPGPVGPRNTEAFF	TRBV28*01	0.000135	0.8376849709183072
CASSRDNYGYTF	TRBV2*01	0.000135	0.20519438844257937
CASSLELQGQGSPLHF	TRBV5-1*01	0.000134	0.44796500904192893
CASIGTVANYGYTF	TRBV28*01	0.000134	0.6923059350816901
CASSLKGNYGYTF	TRBV27*01	0.000134	0.2597443510209807
CASSLTPTVGGQHGYTF	TRBV7-2*01	0.000134	0.6529636921924288
CASSLGRTGDYGYTF	TRBV28*01	0.000133	0.1154357304035708
CASSAGQGGYGYTF	TRBV2*01	0.000133	0.11655640408668481
CAWSDRGYGYTF	TRBV30*01	0.000133	0.5595273914208239
CASSFRGTPNEKLFF	TRBV7-2*01	0.000133	0.7618642945914963
CASSLDLWAGGNQPQHF	TRBV11-2*01	0.000133	0.7426749973846231
CASMDTGGSYEQYF	TRBV27*01	0.000132	0.34424533927075357
CASSLGTDYSNQPQHF	TRBV4-1*01	0.000132	0.1476462373924458
CASGQDYGYTF	TRBV2*01	0.000132	0.16747480790914673
CSARTSGSQTYEQYF	TRBV20-1*04	0.000131	0.8975779795106731
CASSFRALVGVGNTIYF	TRBV28*01	0.000131	0.5579936197776451
CAWSHKYRGGYEQYF	TRBV30*01	0.000131	0.9148221793845183
CASSPRGQGWTGELFF	TRBV2*01	0.000131	0.5995372019795134
CASGQGTTGNTIYF	TRBV5-1*01	0.00013	0.25749743136297865
CASRTSGGETQYF	TRBV6-2*01	0.00013	0.258277160201075
CASSFRGVYYGYTF	TRBV28*01	0.00013	0.25172150153948486
CASSPYKLPNYGYTF	TRBV5-1*01	0.00013	0.9586883150745648
CASSYSATDNEQFF	TRBV6-5*01	0.000129	0.5913574806810847
CASATRDYEQYF	TRBV28*01	0.000129	0.2652026401305633
CASSEVELGYTF	TRBV6-1*01	0.000129	0.5749090119493798
CASSLRQGAYEQYF	TRBV27*01	0.000129	0.1992818222628156
CASSQRRNQPQHF	TRBV3-1*01	0.000129	0.20320424520396396
CASSWGDSAYGYTF	TRBV28*01	0.000128	0.3533421204592165
CASSFQLNSPLHF	TRBV5-1*01	0.000128	0.5919490516211398
CSARGLVIYEQYF	TRBV20-1*01	0.000128	0.9448212013849052
CASSFSQGNYGYTF	TRBV28*01	0.000128	0.17512167710232693
CAWSVGGDGYTF	TRBV30*01	0.000128	0.614710390503583
CASSYTGGLDEQYF	TRBV6-6*05	0.000128	0.5382064376090585
CASSSQSGANQPQHF	TRBV6-5*01	0.000127	0.22514697546138157
CASSEKLYYGYTF	TRBV2*01	0.000127	0.33474355406943507
CASSLQGGYGYTF	TRBV27*01	0.000127	0.10649179352885661
CSARDHRGYTF	TRBV20-1*01	0.000127	0.937027504931853
CASRGFFIRGSYGYTF	TRBV6-1*01	0.000127	0.926938941929072
CASSEGVVGLKYGYTF	TRBV2*01	0.000126	0.7368068139636277
CASSEESGRVGTEAFF	TRBV2*01	0.000126	0.6644978578618297
CASRSQGEGNYGYTF	TRBV2*01	0.000126	0.17992686234622154
CASSYSFLDNEQFF	TRBV6-2*01	0.000126	0.8155259664554464
CATSPSLVNQPQHF	TRBV28*01	0.000126	0.5622715062815454
CASADRNTYEQYF	TRBV11-3*02	0.000126	0.4611401686446504
CASSLVASGREVNEQFF	TRBV13*01	0.000126	0.5461190661274384
CASSIGHGDGNQPQHF	TRBV5-1*01	0.000126	0.2986352055109789
CASSSSGVIYGYTF	TRBV6-5*01	0.000126	0.40667895109321867
CASSEDEGRGNQPQHF	TRBV6-1*01	0.000126	0.29536149460282196
CSARGDLSYEQYF	TRBV20-1*01	0.000125	0.9036944220245208
CASSLKGYGYTF	TRBV28*01	0.000125	0.20082777263547422
CASSTRDRDSYGYTF	TRBV28*01	0.000124	0.3986654736004547
CASSFLPPMGNQPQHF	TRBV28*01	0.000124	0.8045493597427885
CASSLGQGRHNQPQHF	TRBV28*01	0.000124	0.3017176616852604
CASSEVQGFEQYF	TRBV6-1*01	0.000124	0.3783423891977577
CASIGGSPPYGYTF	TRBV28*01	0.000124	0.7195363643020236
CASSEDRGYGYTF	TRBV6-1*01	0.000124	0.10618802687813608
CASRKGLGTEIYGYTF	TRBV28*01	0.000124	0.7458305382646424
CATLLRDSYEQYF	TRBV28*01	0.000123	0.5796461152043699
CASSSGRSSGNTIYF	TRBV11-2*01	0.000123	0.11908016765268095
CASSEGGNTIYF	TRBV2*01	0.000123	0.1375897725589155
CASSLIGGPNEQYF	TRBV27*01	0.000123	0.3500241713476048
CASSDDTSYEQYF	TRBV6-1*01	0.000123	0.3180759411501357
CASNPTGQENANYGYTF	TRBV28*01	0.000123	0.6494041338977072
CASSETGASSGYTF	TRBV6-1*01	0.000123	0.2505201461896423
CASSGRNRGLRQPQHF	TRBV28*01	0.000123	0.9090239352990612
CASSIGTETYEQYF	TRBV19*01	0.000122	0.3613630240773728
CASSYFTNGEQYF	TRBV6-5*01	0.000122	0.7049230483903816
CASTSGQADTIYF	TRBV28*01	0.000122	0.7859721520451012
CASSREGTGIEAFF	TRBV9*01	0.000122	0.7108636997652223
CASSEGGRGGYEQYF	TRBV6-1*01	0.000122	0.12628811025967654
CASSELRADGYTF	TRBV6-1*01	0.000122	0.5772592676769889
CASNRNTGAVYGYTF	TRBV6-6*01	0.000122	0.4471762090328159
CASSYYDRGNGYTF	TRBV28*01	0.000121	0.8228736138424256
CASSFDRRVGYTF	TRBV28*01	0.000121	0.5787979303839962
CASSEGMGMNTEAFF	TRBV2*01	0.000121	0.2683027014446519
CASSLGGSGTYEQYF	TRBV28*01	0.000121	0.14630705623489726
CASSFIDRGAVYGYTF	TRBV27*01	0.000121	0.7893608336494463
CSAGIPGQEIRPQHF	TRBV20-1*01	0.00012	0.9871245729684031
CASIRDRDGNTIYF	TRBV28*01	0.000119	0.6021860207343968
CASSEQGTLYEQYF	TRBV6-1*01	0.000119	0.46600332284137064
CAKTGESGNTIYF	TRBV2*01	0.000119	0.41742340618236573
CASSFRGVPTPTQHF	TRBV28*01	0.000119	0.9596180551526385
CASSLLSYEQYF	TRBV28*01	0.000119	0.11998451221034662
CASSLDRGQYEQYF	TRBV27*01	0.000119	0.1349080608846375
CASSIRASGELFF	TRBV19*01	0.000119	0.30650802789870596
CASSQESGYTF	TRBV3-1*01	0.000119	0.19502821634040712
CASSIYRGTYEQYF	TRBV6-6*03	0.000118	0.3737694929628036
CASSLQINYGYTF	TRBV2*01	0.000118	0.2897790640519523
CAWSEELNQPQHF	TRBV30*01	0.000118	0.6941826644233967
CASSLGGVYGYTF	TRBV28*01	0.000118	0.11611255997101859
CASTPGQGFFGYTF	TRBV28*01	0.000118	0.7245584378927986
CASSLTGLRKGYTF	TRBV28*01	0.000118	0.9310442527565017
CASTPWVGNEQYF	TRBV6-2*01	0.000118	0.8504357052073247
CASSSSRGTDTQYF	TRBV27*01	0.000118	0.13829748358220958
CASSFAQRTGVYGYTF	TRBV28*01	0.000118	0.44300064288332314
CASSPYNQPQHF	TRBV27*01	0.000118	0.23969371098628356
CASSVTSFSYEQYF	TRBV6-1*01	0.000117	0.6127410803596516
CASSSDRATYNNSPLHF	TRBV28*01	0.000117	0.3149846116158293
CASTVQGLEYEQYF	TRBV28*01	0.000117	0.4449231404160412
CASSSGVMNTEAFF	TRBV6-5*01	0.000117	0.15097694113726365
CASSPFGQGPAYEQYF	TRBV7-2*01	0.000117	0.5821874678761696
CASSEAAGGGYEQYF	TRBV6-1*01	0.000117	0.1594406307399795
CATSRDEIGTALSNEQFF	TRBV15*01	0.000116	0.9629265658869801
CASSLVPGGNQPQHF	TRBV5-1*01	0.000116	0.30511895924395044
CASSSPQRYDGYTF	TRBV28*01	0.000116	0.47650411606900217
CASSMGVEAFF	TRBV19*01	0.000116	0.4390901582637884
CASSLRDRPVYGYTF	TRBV28*01	0.000116	0.6694788197284777
CASSLWTGGDYGYTF	TRBV28*01	0.000115	0.43386208284453726
CASSSVGGLLEQFF	TRBV27*01	0.000115	0.6145533638476156
CASGTSEIGELFF	TRBV6-6*03	0.000115	0.6627145080221414
CASSHYNEQYF	TRBV27*01	0.000115	0.3372615375194141
CASRYYRGSSYEQYF	TRBV28*01	0.000115	0.36884187162919474
CAISQGKGYTEAFF	TRBV10-3*01	0.000115	0.466225387210997
CASGDRDREWQYF	TRBV28*01	0.000115	0.8111449654192181
CASSSPLIGDYGYTF	TRBV28*01	0.000115	0.6054298466154782
CATLAGPESTEQYF	TRBV6-1*01	0.000115	0.7644517891466804
CASSLNWVRAYEQYF	TRBV27*01	0.000114	0.8581300926244256
CASRGVNNEKLFF	TRBV3-1*01	0.000114	0.3017530631669358
CASSLNNQPQHF	TRBV28*01	0.000114	0.15399369026843074
CASSVGQASSYEQYF	TRBV7-2*01	0.000114	0.2987918449475764
CASSTGQASGGYTF	TRBV28*01	0.000113	0.47270367061373486
CASSYSWRRLEDF	TRBV6-2*01	0.000113	0.9844204120512267
CASSEEAGINSPLHF	TRBV6-1*01	0.000113	0.4551579295397381
CASSPPEASGEKLFF	TRBV2*01	0.000113	0.4797787007765916
CASSLREGITYEQYF	TRBV5-5*01	0.000112	0.40098357347858016
CASSLLGFGGRPSFYEQFF	TRBV28*01	0.000112	0.8496523934659663
CASRWESYEQYF	TRBV6-1*01	0.000112	0.531730866427509
CASTRGQGRAGANVLTF	TRBV28*01	0.000112	0.5253197264625391
CASILQGVNYGYTF	TRBV28*01	0.000112	0.5788669005657973
CASSYQGSSYEQYF	TRBV6-5*01	0.000112	0.19951568730374641
CASSLSQGFNQPQHF	TRBV27*01	0.000112	0.2857949598602724
CASSYGQDNYGYTF	TRBV6-5*01	0.000112	0.2188793135995907
CASCLRDRSHNEQFF	TRBV6-1*01	0.000112	0.6923236215638341
CASSLAGMDGYTF	TRBV27*01	0.000112	0.5164537677400028
CASRTFQTTYEQYF	TRBV6-6*03	0.000112	0.5615365777416392
CASSDLTYEQYF	TRBV6-1*01	0.000112	0.25860164586741535
CASGLAGVPDTQYF	TRBV28*01	0.000112	0.6920088117653607
CAWSVGGVGQPQHF	TRBV30*01	0.000112	0.37443232380041575
CASSWEPSYEQYF	TRBV27*01	0.000112	0.36865694017092854
CASSYSGTQVYEQYF	TRBV6-5*01	0.000112	0.7899931584528027
CSFTLGDTIYF	TRBV20-1*01	0.000111	0.93402530767867
CSAREHPTGASYGYTF	TRBV20-1*01	0.000111	0.9609081064858053
CASSPQGGNYGYTF	TRBV6-6*04	0.00011	0.18490818589048527
CSATGTGVWYGYTF	TRBV20-1*01	0.00011	0.9425184896224608
CASTASGGGGYEQYF	TRBV11-2*01	0.00011	0.21391450805475148
CASSSRDVSGTEAFF	TRBV7-8*01	0.00011	0.23971658792367018
CASTNPGGRQETQYF	TRBV28*01	0.00011	0.8035294277205909
CAWSSEQGGQPQHF	TRBV30*01	0.00011	0.2759297122066642
CASSRDSSYQPQHF	TRBV27*01	0.00011	0.37272064912939645
CASRGGVEEKLFF	TRBV2*01	0.00011	0.2283825484317752
CASTTDRGNYGYTF	TRBV2*02	0.00011	0.23421283514733812
CASSQDIYRGNTEAFF	TRBV4-2*01	0.00011	0.7929252282107694
CASSYPSGGEQYF	TRBV6-2*01	0.00011	0.6245263892498385
CASSPRDRGIRSYEQYF	TRBV6-6*05	0.00011	0.7327978989166746
CASFLGGEQYF	TRBV6-1*01	0.00011	0.4207779441668001
CASSLGQGGNQPQHF	TRBV28*01	0.00011	0.07556433631401586
CASSLGTGNYGYTF	TRBV28*01	0.00011	0.08738660053045336
CSAPLDRGPGYTF	TRBV20-1*01	0.00011	0.9298924798319929
CASSPTPGQGNSPLHF	TRBV19*01	0.000109	0.40665326496214654
CAWSGGYSNQPQHF	TRBV30*01	0.000109	0.4822095700503966
CASSLLDSNQPQHF	TRBV27*01	0.000109	0.25856363879077476
CASSLGQGNYGYTF	TRBV28*01	0.000109	0.11288846666757348
CASSPTGASGNTIYF	TRBV5-1*01	0.000109	0.205587956248829
CAWSEGVSYGYTF	TRBV30*01	0.000109	0.4029200278652428
CASSLGTSGRKYEQYF	TRBV28*01	0.000109	0.4804283333014755
CASTLGLGTGVYGYTF	TRBV28*01	0.000109	0.44665000979453856
CASRPGPRYEQYF	TRBV28*01	0.000109	0.5405851913364743
CATLSGTKLYEQYF	TRBV28*01	0.000109	0.877410267949478
CAWAGDSNQPQHF	TRBV30*05	0.000109	0.5449880320151378
CASSPRTSDEQYF	TRBV6-6*04	0.000109	0.3871032106443401
CASSEIRTGGTGELFF	TRBV10-1*01	0.000108	0.23670787472090976
CASSLEDRGWYGYTF	TRBV28*01	0.000108	0.5391574364800571
CASSVRASAVSYEQYF	TRBV27*01	0.000108	0.5755312696477196
CASSLGSSYEQYF	TRBV27*01	0.000108	0.08341791005071272
CASFWGREQYF	TRBV6-6*04	0.000108	0.8610594519430018
CASSTGTFSTDTQYF	TRBV2*02	0.000108	0.45062913860247455
CAWSGAGVRNEQYF	TRBV30*01	0.000108	0.7223151731312194
CASSLPTGYEQYF	TRBV6-5*01	0.000108	0.16703396826311642
CATSEAVNYGYTF	TRBV24-1*01	0.000108	0.3532951766545761
CSALDRTEQYF	TRBV20-1*01	0.000108	0.8729384994091909
CASSQEDYTSYEQYF	TRBV4-1*01	0.000108	0.468380710910671
CASSVDSAVYEQYF	TRBV6-1*01	0.000108	0.4802230974976892
CASSEVGQGLPYGYTF	TRBV2*01	0.000108	0.5623046896104134
CAWSATVYGYTF	TRBV30*01	0.000108	0.6265555458097399
CASSYFGTGNEQYF	TRBV6-5*01	0.000108	0.4418166284485531
CASSYNRDQYF	TRBV6-5*01	0.000108	0.17641014404061153
CASSKGRGEGYTF	TRBV5-1*01	0.000108	0.3811853864698604
CSANKGAGELFF	TRBV20-1*01	0.000108	0.9091848561646936
CATSDLGGQPQHF	TRBV24-1*01	0.000107	0.48877556359375174
CATSPGTASNYGYTF	TRBV28*01	0.000107	0.34097182869515136
CASSLRGGQNYGYTF	TRBV28*01	0.000107	0.16130246488894803
CASSPSTGTDYGYTF	TRBV28*01	0.000107	0.1981289378988817
CASSLEYRNYGYTF	TRBV5-1*01	0.000107	0.37719441454591873
CASSLRVGQGGNTIYF	TRBV7-8*01	0.000107	0.25877321433592826
CASILRQGPYEQYF	TRBV6-6*04	0.000107	0.7116277413246725
CAWSVLGIYGYTF	TRBV30*01	0.000107	0.5342251240772568
CASRDGDSAIYGYTF	TRBV2*01	0.000107	0.5865908301428937
CASSSGVNYGYTF	TRBV27*01	0.000107	0.19762253623175496
CASSYRGTIQYEQYF	TRBV28*01	0.000106	0.6377536775182352
CASSMRRDQPQHF	TRBV19*01	0.000106	0.4291694026869269
CASSYPGAYEQYF	TRBV6-5*01	0.000106	0.3074956354332946
CASSPKDVYEQYF	TRBV6-6*05	0.000106	0.23984047087877142
CASSPSPGNSPLHF	TRBV6-4*01	0.000106	0.427766010957141
CSARKTDRGRQGYGYTF	TRBV20-1*01	0.000106	0.9791474980594828
CASSLRGLYEQYF	TRBV28*01	0.000106	0.19117644324660565
CASSPSINQPQHF	TRBV18*01	0.000106	0.1269723559840032
CASSFSALYEQYF	TRBV28*01	0.000106	0.555821853723264
CASSDRGATRQYF	TRBV6-6*04	0.000106	0.8540227629173008
CASSLVGGSPLHF	TRBV7-2*01	0.000106	0.22193866353307076
CASSPTTGGYEQYF	TRBV28*01	0.000106	0.1880882254688807
CASSPPLTGFHFYEQYF	TRBV6-6*04	0.000106	0.8298046163439659
CASTEGGYGYTF	TRBV6-1*01	0.000106	0.12418037137573161
CASSEVGLTYEQYF	TRBV6-1*01	0.000106	0.30326503580300795
CASSQESSYITEAFF	TRBV3-1*01	0.000105	0.538343373062698
CASSYSRDEQYF	TRBV6-2*01	0.000105	0.24910788479128798
CASIRDGNSNQPQHF	TRBV6-2*01	0.000105	0.49136544186617076
CASSYMSGYGYTF	TRBV6-5*01	0.000105	0.23134705970751535
CAWSFGELHF	TRBV30*01	0.000105	0.7557185180358483
CASSRLIGVHGYTF	TRBV28*01	0.000105	0.6787471516441466
CASREWGELFF	TRBV3-1*01	0.000105	0.3117862652918313
CASLPGLSYEQYF	TRBV2*01	0.000105	0.4281423912461634
CASSYSWRLPSFEQYF	TRBV6-5*01	0.000105	0.9340611467118549
CASSPHPLDRTRFTGELFF	TRBV19*01	0.000104	0.9863668073200448
CASSFLDRGNEQYF	TRBV27*01	0.000104	0.732867918460717
CASSEIGTSRNYEQYF	TRBV6-1*01	0.000104	0.6079607211218608
CASSVTSGRLFYEQYF	TRBV6-1*01	0.000104	0.6940301792830624
CASRGTGDSYEQYF	TRBV6-1*01	0.000104	0.17755930078539872
CASSFSLLFYEQYF	TRBV28*01	0.000104	0.6752920367068425
CASSYRDKNTEAFF	TRBV6-5*01	0.000104	0.602155606558665
CASSKRQGVTEAFF	TRBV28*01	0.000104	0.5555195046167206
CASSPRDGSIEQYF	TRBV7-9*01	0.000104	0.6611287867077336
CASSLGYLWTLSGNTIYF	TRBV28*01	0.000104	0.9701710972053362
CASLRLGQGGNGYTF	TRBV28*01	0.000104	0.6604392889717542
CASRTGQVHGYTF	TRBV28*01	0.000104	0.4910934452872126
CASSSPTGANGYTF	TRBV28*01	0.000104	0.45786589604652
CASRTRGMSTEAFF	TRBV6-6*03	0.000104	0.3827387048227967
CASSGARGYTF	TRBV30*01	0.000104	0.13533036605334645
CASSLGQGGRLYGYTF	TRBV2*01	0.000104	0.46453178333631295
CASKRERGNQPQHF	TRBV6-1*01	0.000104	0.24415962781150577
CASKRTGGSYEQYF	TRBV2*01	0.000103	0.22409785560731316
CAWSSGYGYTF	TRBV30*01	0.000103	0.17983937014701876
CATAYEGDLYEQYF	TRBV6-1*01	0.000103	0.8959076231943701
CASSLGIYEQYF	TRBV28*01	0.000103	0.11465166430758088
CASSGTSGRGPYEQYF	TRBV7-2*01	0.000103	0.3005881162444122
CASSTTGFNQPQHF	TRBV27*01	0.000103	0.3405804107948017
CASTKDRNYEQYF	TRBV6-6*03	0.000103	0.48279020427839375
CASSENSYEQYF	TRBV6-1*01	0.000103	0.28849821250597824
CASSLLSEQYF	TRBV28*01	0.000103	0.207570027869281
CASSFWAGLNTEAFF	TRBV28*01	0.000103	0.7903855276015739
CASSTAGENQPQHF	TRBV27*01	0.000103	0.13227229752697953
CASSEGEQYF	TRBV2*01	0.000103	0.14670139472283242
CASSPVRTYEQYF	TRBV6-6*04	0.000103	0.5097464678769607
CASSPRGTLIQPQHF	TRBV2*01	0.000103	0.7920252838101033
CASSLEGVTYGYTF	TRBV28*01	0.000103	0.23370870530310683
CASYRAMNTEAFF	TRBV19*01	0.000103	0.5102703242388412
CASFPGTNYGYTF	TRBV19*01	0.000103	0.5118958662514246
CASSILDSSGYTF	TRBV19*01	0.000103	0.42910921377017763
CANSGSGNPHEQYF	TRBV28*01	0.000103	0.6730195639007768
CASSLSWGSNQPQHF	TRBV27*01	0.000103	0.289453825171573
CASSDPADNYGYTF	TRBV2*01	0.000102	0.2816603824302853
CASSRLAGESDTQYF	TRBV6-6*04	0.000102	0.5085444178175018
CASSPGLLSYEQYF	TRBV6-6*04	0.000102	0.3508539700316143
CASSIGQVNYGYTF	TRBV2*02	0.000102	0.2624569140582429
CASSFVQGEEVGNQPQHF	TRBV28*01	0.000102	0.49003007553125844
CAWSLGTGGHEQYF	TRBV30*01	0.000102	0.5245382566830977
CASSYSESSYEQYF	TRBV6-5*01	0.000102	0.20942637479660992
CSASGDRGRQPQHF	TRBV20-1*04	0.000102	0.7905485382185822
CASSLSRSGEQYF	TRBV28*01	0.000102	0.27028953250755106
CASSDSFNSPLHF	TRBV27*01	0.000102	0.31340780087480574
CASSRPGTGVGELFF	TRBV27*01	0.000102	0.5647794501443365
CASTTLGRRETGELFF	TRBV19*01	0.000102	0.7353057459210282
CASSEFGGNTEAFF	TRBV2*03	0.000102	0.13779065900247378
CASRDLTGNYGYTF	TRBV28*01	0.000102	0.26168767390198033
CASSPQTGPYGYTF	TRBV27*01	0.000102	0.38997600356745205
CASSMRKVGQPQHF	TRBV19*01	0.000102	0.8215026982363756
CASSLTGAGEEQYF	TRBV28*01	0.000102	0.2788192483598726
CASRGQGYYGYTF	TRBV6-1*01	0.000102	0.19549638363044672
CASSPWRRGNYGYTF	TRBV28*01	0.000101	0.7511365154852516
CASTPAGVGQPQHF	TRBV28*01	0.000101	0.4726657080601904
CASSLFGTGREAPLHF	TRBV5-1*01	0.000101	0.6743272626976101
CASTLSRGTYEQYF	TRBV6-1*01	0.000101	0.2033939478512729
CASIALIFPGPNYGYTF	TRBV28*01	0.000101	0.9642773156907801
CAWKDRGGGGTEAFF	TRBV30*01	0.000101	0.7944483518908134
CASSQPGSSGNTIYF	TRBV6-6*04	0.000101	0.18965232362360362
CASSYSGDDEQFF	TRBV6-5*01	0.000101	0.4343232698204464
CASWGRTGGYGYTF	TRBV2*01	0.000101	0.5170607730749738
CASHRVIGGRYNEQFF	TRBV6-4*01	0.000101	0.82725820065172
CASSAAGTAYEQYF	TRBV6-6*03	0.000101	0.26528560395900014
CSAYRGDQPQHF	TRBV20-1*01	0.000101	0.8283238185152924
CSALSGRQPQHF	TRBV20-1*01	0.000101	0.7692689232043732
CASSLRTGFSYEQYF	TRBV28*01	0.000101	0.48190725763113407
CASRAGEGNEQYF	TRBV27*01	0.000101	0.33618426687520375
CASSFQGQSQPQHF	TRBV28*01	0.000101	0.37120559029984707
CASSFLTGVAYEQYF	TRBV28*01	0.000101	0.5252037234944137
CASSPAGGVIYEQYF	TRBV28*01	0.000101	0.600359638141339
CASSLWGPNYGYTF	TRBV28*01	0.0001	0.49675124240197316
CASISTGSSYEQYF	TRBV6-5*01	0.0001	0.20792621869630423
CASSADGSYEQYF	TRBV28*01	0.0001	0.18017564462095098
CSAGGTAYNSPLHF	TRBV20-1*01	0.0001	0.8932267565824312
CAWSARGAGGYTF	TRBV30*01	0.0001	0.6304935893433085
CAWSEMDAGGNTIYF	TRBV30*01	0.0001	0.6601522696489964
CASSFSRGEYYGYTF	TRBV27*01	0.0001	0.2134256411381372
CASNTGRHSGNTIYF	TRBV28*01	0.0001	0.3741402141609347
CASRNAGHTF	TRBV6-6*03	0.0001	0.7789067521894377
CASSLTPGYVYGYTF	TRBV28*01	0.0001	0.4175050572225858
CASSTCRAEAYEQYF	TRBV10-1*01	0.0001	0.8944283607777468
CASILQGGDNQPQHF	TRBV6-1*01	0.0001	0.518211679206904
CSALRVLSGYGYTF	TRBV20-1*01	0.0001	0.9643769249916727
CASSPGSYGYTF	TRBV28*01	0.0001	0.13688705145257432
CASSFGGYRTEAFF	TRBV5-1*01	0.0001	0.5927036879246462
CASSKRTSGTPYEQYF	TRBV27*01	0.0001	0.5974191030376694
CASSLTGPYEQYF	TRBV27*01	0.0001	0.1563552912391605
CASSPSIQPQHF	TRBV2*01	0.0001	0.1685559531016432
CASSYSRGQNYGYTF	TRBV6-5*01	0.0001	0.26736814066519005
CASSLPGQGNQPQHF	TRBV28*01	0.0001	0.1681208280683614
CASSYSPENQPQHF	TRBV6-2*01	0.0001	0.37828799709283445
CASRKDGRANQPQHF	TRBV28*01	9.9e-05	0.4138326420377503
CASSVSGIGTDTQYF	TRBV7-9*01	9.9e-05	0.3319927472504028
CAWSVLGGNQPQHF	TRBV30*01	9.9e-05	0.37443726613508355
CSARGIAGAYEQYF	TRBV20-1*01	9.9e-05	0.8987969499193758
CASSKGGYSNQPQHF	TRBV28*01	9.9e-05	0.2951737160423783
CASSLRRSGGYTF	TRBV28*01	9.9e-05	0.4351292907382389
CASRIGGSYGYTF	TRBV2*01	9.9e-05	0.33038489800425636
CASSSSDRVYYGYTF	TRBV19*01	9.9e-05	0.25971629641757105
CASTLTGPNQPQHF	TRBV28*01	9.9e-05	0.36805188547991097
CSVVVGTGGSNQPQHF	TRBV29-1*01	9.9e-05	0.7108536293966605
CASTLEYNTEAFF	TRBV28*01	9.9e-05	0.5057640092566198
CASSFSGEDTQYF	TRBV27*01	9.8e-05	0.2814424309385326
CASSLGFRRSYGYTF	TRBV28*01	9.8e-05	0.45074276879813396
CASKERALAYEQYF	TRBV27*01	9.8e-05	0.6671349683957406
CASSPWTGGVGFSNEQFF	TRBV3-1*01	9.8e-05	0.8547313882360594
CASSSTGALGYTF	TRBV3-1*01	9.8e-05	0.5167601920746895
CASSLKPGHANYEQYF	TRBV28*01	9.8e-05	0.4193091059171354
CASRQDRGYSYEQYF	TRBV6-1*01	9.8e-05	0.37244117214821626
CASSYKNTESYEQYF	TRBV6-5*01	9.8e-05	0.7318623960610167
CASSSRTGEDEQYF	TRBV19*01	9.8e-05	0.3133193728889879
CASSLPGTDEQYF	TRBV28*01	9.8e-05	0.25643619110905314
CASSVSNNYGYTF	TRBV2*03	9.8e-05	0.1678438689864534
CASSLSGALYQPQHF	TRBV27*01	9.8e-05	0.5524807239904406
CSARDLASSYEQYF	TRBV20-1*01	9.8e-05	0.8025259596078871
CASSFLSGNSYEQYF	TRBV6-5*01	9.8e-05	0.24170340182669806
CAWRIAGSYEQYF	TRBV30*01	9.7e-05	0.6352438763238918
CASSFYPYEQYF	TRBV6-5*01	9.7e-05	0.6856853618301034
CASSYRGQGTYEQYF	TRBV6-5*01	9.7e-05	0.33654512930942215
CASSGTGAAGYEQYF	TRBV6-6*03	9.7e-05	0.21101976260978156
CASSEEDWTTYEQYF	TRBV6-1*01	9.7e-05	0.7845826152872206
CASSLRQGEGYGYTF	TRBV28*01	9.7e-05	0.15486038705664257
CASSLDNSYEQYF	TRBV11-3*01	9.7e-05	0.2296612235902268
CASSFRERYGYTF	TRBV28*01	9.7e-05	0.2854238750215535
CASSSGYQPQHF	TRBV28*01	9.7e-05	0.19524753639569192
CASSLAGQDHYGYTF	TRBV28*01	9.6e-05	0.21798802249807336
CASSEGDPANYGYTF	TRBV2*01	9.6e-05	0.3612976465290742
CASSEEGGFGEKLFF	TRBV2*01	9.6e-05	0.4142281115038918
CASSYRASFYGYTF	TRBV28*01	9.6e-05	0.8017028468552392
CAWSVGTGGRQPQHF	TRBV30*01	9.6e-05	0.5764044597564886
CASSLGRLAEQYF	TRBV27*01	9.6e-05	0.4634919270871366
CASSFMTSGRTHEQYF	TRBV28*01	9.6e-05	0.6989433932630149
CASSLTLGTGNYEQYF	TRBV28*01	9.6e-05	0.32118062963494154
CASSRTRTAARYGYTF	TRBV28*01	9.6e-05	0.8746352036065516
CASSLWGQGNTEAFF	TRBV28*01	9.6e-05	0.329848960430402
CASRVGGVYNEQFF	TRBV27*01	9.6e-05	0.35884844643586555
CASSETGIYEQYF	TRBV28*01	9.6e-05	0.3319120253766336
CASSLGGANEKLFF	TRBV7-9*01	9.6e-05	0.1787987575585549
CASSYSHYGYTF	TRBV6-2*01	9.6e-05	0.18444155683634672
CASSLDGRAYEQYF	TRBV27*01	9.6e-05	0.5271964723620456
CASSRRGYEPEAFF	TRBV28*01	9.6e-05	0.8153710898269321
CASSDRVYGYTF	TRBV6-1*01	9.6e-05	0.21931541989478098
CASSSADRRAFF	TRBV6-5*01	9.6e-05	0.8467530387547714
CASSLSGTGLNSPLHF	TRBV27*01	9.6e-05	0.3595505971997818
CASSLDSGRYGYTF	TRBV28*01	9.6e-05	0.1837128674211347
CASSLSAGGVYEAFF	TRBV28*01	9.5e-05	0.3055557838936189
CASSDRMNRKQPQHF	TRBV2*01	9.5e-05	0.899343854136948
CSARGIGGSSYEQYF	TRBV20-1*01	9.5e-05	0.7808298890541426
CASSRPGTGLYEQYF	TRBV28*01	9.5e-05	0.4558967974448841
CASSSFSGYHGYTF	TRBV27*01	9.5e-05	0.5587398315267419
CASQFPGTGYDEQYF	TRBV6-1*01	9.5e-05	0.772661750963224
CASREPGLYEQYF	TRBV5-1*01	9.5e-05	0.4376647534670688
CASSQEYTEAFF	TRBV28*01	9.5e-05	0.36150407165006726
CASSTGGGFIYEQYF	TRBV6-6*03	9.5e-05	0.6117199596776213
CASSLGDGLDSEAFF	TRBV5-1*01	9.5e-05	0.3227892892421568
CASSEDRLNTEAFF	TRBV6-1*01	9.5e-05	0.15036423645975386
CASSLDRNYGYTF	TRBV5-1*01	9.5e-05	0.1161049503279738
CASSYGDTIYF	TRBV6-2*01	9.5e-05	0.4821778819924619
CASGYRGFNQPQHF	TRBV28*01	9.5e-05	0.6904094860485773
CASSSDTWAQHF	TRBV2*02	9.5e-05	0.8431445477854567
CASTLASSRVRQPQHF	TRBV28*01	9.5e-05	0.7749147433011708
CASSYSAGLAGEQYF	TRBV6-5*01	9.5e-05	0.4299277691308884
CASSSHRGPNEQYF	TRBV28*01	9.5e-05	0.40088091933766157
CASSFSTPYEQYF	TRBV28*01	9.5e-05	0.3883715635761304
CAGTPGPSSYEQYF	TRBV6-1*01	9.5e-05	0.5058018717669549
CSALPGLGRETQYF	TRBV20-1*01	9.5e-05	0.9697173224164081
CASSRGENYGYTF	TRBV4-1*01	9.5e-05	0.20429261644753904
CASRRDGGTNYGYTF	TRBV2*01	9.4e-05	0.2266087187216843
CASSEGETDEQFF	TRBV6-4*01	9.4e-05	0.2199212955361313
CASSPLLGQGHGNQPQHF	TRBV28*01	9.4e-05	0.41424410729710803
CASSEHEVNEQFF	TRBV6-1*01	9.4e-05	0.738999986732619
CAWTPLSTIGYTF	TRBV30*01	9.4e-05	0.9647650355018214
CASSFEHEQYF	TRBV27*01	9.4e-05	0.32121544482653513
CASSSGRGNYGYTF	TRBV18*01	9.4e-05	0.14740575064375128
CASSPRTGLNTEAFF	TRBV2*01	9.4e-05	0.3729684986776089
CASSLLKFQQYF	TRBV28*01	9.4e-05	0.6619973800565506
CASSFGEGNSPLHF	TRBV5-1*01	9.4e-05	0.25599303979648536
CSAPGQVNTEAFF	TRBV20-1*01	9.4e-05	0.8460833409883117
CASSYGTGTYEQYF	TRBV6-5*01	9.3e-05	0.19824661475959093
CASSPNPRHSPLHF	TRBV7-2*01	9.3e-05	0.8801333033833056
CASSWDGSYEQYF	TRBV27*01	9.3e-05	0.3065898163471762
CASSLGGGYEQYF	TRBV27*01	9.3e-05	0.09315886729352758
CASSYSNYEQYF	TRBV6-5*01	9.3e-05	0.1705092137768434
CASSYYRDGEQYF	TRBV6-5*01	9.3e-05	0.6927774488671565
CASSSAGQLYGYTF	TRBV28*01	9.3e-05	0.252860432979481
CASSLQGDYGYTF	TRBV6-2*01	9.3e-05	0.10347546473612532
CASSLSNRGYSNQPQHF	TRBV27*01	9.3e-05	0.3982414492427962
CASSPQLGGAYEQYF	TRBV18*01	9.3e-05	0.40370651404261565
CSARDGQGGQPQHF	TRBV20-1*01	9.3e-05	0.7604610872534007
CASSSETGYGYTF	TRBV7-2*01	9.3e-05	0.09435308856172572
CASSFGGQAAFF	TRBV28*01	9.3e-05	0.535210732104464
CASSETRGIYGYTF	TRBV2*01	9.3e-05	0.37661764004659476
CASSENTGYDEQYF	TRBV2*01	9.3e-05	0.48588670281459523
CSARQGPSNQPQHF	TRBV20-1*01	9.3e-05	0.8331774793321332
CASPLASLGGDGNQPQHF	TRBV27*01	9.3e-05	0.8805342753108923
CASRLDTRVNPYEQYF	TRBV6-5*01	9.3e-05	0.8471745694101991
CASSLTTYGNQPQHF	TRBV27*01	9.3e-05	0.30973055839058733
CAWSPQPNTEAFF	TRBV30*01	9.3e-05	0.56218258923128
CASRETGGWGYEQYF	TRBV27*01	9.3e-05	0.6355679714823685
CASSYGGVYEQYF	TRBV6-5*01	9.3e-05	0.20913958103254396
CASSSEASGGYTF	TRBV28*01	9.2e-05	0.24842134630947343
CASRERVGTEAFF	TRBV28*01	9.2e-05	0.35465804760535513
CSARSGSGDTEQYF	TRBV20-1*01	9.2e-05	0.8213140419727942
CASSSEGRTTYGYTF	TRBV5-1*01	9.2e-05	0.40219604928898667
CAWSGQGDQPQHF	TRBV30*01	9.2e-05	0.3981847218351414
CASSSGDPSNQPQHF	TRBV7-2*01	9.2e-05	0.2649214393234064
CASRTEGANQPQHF	TRBV2*02	9.2e-05	0.2947009310007492
CASSLWHSSSYEQYF	TRBV28*01	9.2e-05	0.542646884324604
CASSFQGTYYGYTF	TRBV28*01	9.2e-05	0.267445556358987
CASSILAGGYGYTF	TRBV28*01	9.2e-05	0.17696051525172105
CATRQGSNTIYF	TRBV11-2*01	9.2e-05	0.4798766168567658
CASSPSGRGTRTYEQYF	TRBV28*01	9.2e-05	0.645821542648613
CSARSQTSGTYEQYF	TRBV20-1*05	9.2e-05	0.9018340239450255
CASSIGTETYEQYF	TRBV19*03	9.2e-05	0.3613630240773728
CASSQGRYGYTF	TRBV28*01	9.2e-05	0.12400863321836272
CASSAPGTGTYEQYF	TRBV28*01	9.2e-05	0.22453292267007527
CASTRSGTYEQYF	TRBV28*01	9.2e-05	0.2449215274890217
CASSLRSYGYTF	TRBV28*01	9.2e-05	0.10404638315028548
CASSLRLAGLYEQYF	TRBV27*01	9.2e-05	0.2590897986521206
CASSQEGNRNQPQHF	TRBV4-1*01	9.2e-05	0.2235351412086093
CASSPPGSPDEQYF	TRBV6-6*04	9.1e-05	0.6524228823925498
CSASAGGDQPQHF	TRBV20-1*04	9.1e-05	0.5363763905240325
CAWKSGNTIYF	TRBV30*01	9.1e-05	0.5071811841336591
CASSLEGTVGNQPQHF	TRBV28*01	9.1e-05	0.298986620537928
CASSLGGYEQYF	TRBV27*01	9.1e-05	0.08209839787367902
CASSPMEGNTIYF	TRBV18*01	9.1e-05	0.2830301714663506
CASHRGDYGYTF	TRBV27*01	9.1e-05	0.3087721624732427
CASSSLGPKEGGAKNIQYF	TRBV28*01	9.1e-05	0.7993477116364265
CASSAGTGLSNEKLFF	TRBV2*01	9.1e-05	0.5348735737465563
CASAPGTGGSYEQYF	TRBV19*03	9.1e-05	0.26454043124594634
CASSLPGHPYEQYF	TRBV28*01	9.1e-05	0.569137045625818
CANRVPTNEKLFF	TRBV28*01	9.1e-05	0.4212438833325412
CASLGTVGYTF	TRBV28*01	9.1e-05	0.4308990788165155
CASSYRVGLYEQYF	TRBV6-5*01	9.1e-05	0.5610933227345352
CASSYATGSGNTIYF	TRBV5-1*01	9.1e-05	0.3102181381777551
CASSGGGLSYEQYF	TRBV6-1*01	9.1e-05	0.1635751295731679
CSAEGQYNYGYTF	TRBV20-1*01	9.1e-05	0.7834591270792455
CASSIVAGSDNEQFF	TRBV19*01	9.1e-05	0.5154163646832784
CASTRAGHNQPQHF	TRBV2*01	9.1e-05	0.25618321503747243
CASSTRKNQPQHF	TRBV19*01	9.1e-05	0.3654769428841119
CASSSPWEGNYGYTF	TRBV28*01	9.1e-05	0.5287433477501651
CASSSPLPSSYEQYF	TRBV6-2*01	9.1e-05	0.4575392847437111
CSARAGQVNEQYF	TRBV20-1*01	9.1e-05	0.9257767721656289
CASSYSRDRVRSYNSPLHF	TRBV6-5*01	9.1e-05	0.9076006211619903
CASTSGDISYEQYF	TRBV27*01	9.1e-05	0.424474787788847
CATSETTGGTYEQYF	TRBV24-1*01	9.1e-05	0.32588934487276183
CASRRSGPVEAFEAFF	TRBV28*01	9.1e-05	0.8756707769649799
CASSELRNSYEQYF	TRBV6-1*01	9e-05	0.2608349115553683
CASNIGGHDHQPQHF	TRBV28*01	9e-05	0.6182670824661061
CASSPPSTGLSRGYTF	TRBV18*01	9e-05	0.8107226711479482
CASSLARGQGGYEQYF	TRBV28*01	9e-05	0.16678739685998165
CASSLDGNQPQHF	TRBV28*01	9e-05	0.179079124897674
CASSLSPPVRHEQFF	TRBV27*01	9e-05	0.8965645172030287
CAWSGSSTYGYTF	TRBV30*01	9e-05	0.30523475596433075
CAWSFIRQGRDGYTF	TRBV30*01	9e-05	0.9862980586179892
CASSSRTGLSEQYF	TRBV6-2*01	9e-05	0.4160412188375909
CAWSPRGAYEQYF	TRBV30*01	9e-05	0.7118682911763685
CASSIALAYEQYF	TRBV19*01	9e-05	0.3648070046833883
CASSFSATGTLNYGYTF	TRBV27*01	9e-05	0.41292401054692845
CASSLTGDNAYEQYF	TRBV27*01	9e-05	0.3228237007381497
CASSRTYEQYF	TRBV6-2*01	9e-05	0.14345297351971564
CASSYSGESGEQYF	TRBV6-5*01	9e-05	0.4063851299623065
CAWTILTGGNSPLHF	TRBV30*01	9e-05	0.7986502419615052
CASAMDRPSSYEQYF	TRBV6-2*01	9e-05	0.45568504774634383
CASRITGGLNYGYTF	TRBV28*01	9e-05	0.45300165931257175
CSVSGTSGSLGEQYF	TRBV29-1*01	9e-05	0.890581808616186
CASSFPPGTGRYEQYF	TRBV27*01	9e-05	0.7354124374525897
CASKQGEYEQYF	TRBV6-1*01	8.9e-05	0.39104394319325425
CSAEGRNDEQYF	TRBV20-1*01	8.9e-05	0.8601469663506859
CASSAIVGSSYEQYF	TRBV6-1*01	8.9e-05	0.3340152932260504
CASRTGTGGSYEQYF	TRBV28*01	8.9e-05	0.11622381785631503
CAWSVPGSSGNTIYF	TRBV30*01	8.9e-05	0.2772746015323176
CASSEWGRNGNEQYF	TRBV6-1*01	8.9e-05	0.6456118278208685
CASSTTSGSSYEQYF	TRBV6-2*01	8.9e-05	0.16548647244484432
CASSFGGPYGYTF	TRBV27*01	8.9e-05	0.21404772152401114
CASMDSYSLYSNQPQHF	TRBV19*01	8.9e-05	0.6286240776176211
CASSPSGSYSGNTIYF	TRBV18*01	8.9e-05	0.3514099034482161
CASSEAPDSNTGELFF	TRBV6-4*01	8.9e-05	0.4207105763347145
CASSLFGRSYNEQFF	TRBV27*01	8.9e-05	0.42174166575984673
CASSLPGQGNQPQHF	TRBV6-2*01	8.9e-05	0.1681208280683614
CASSSPRTNSYEQYF	TRBV27*01	8.9e-05	0.3271318619218902
CASSPTGGSYGYTF	TRBV28*01	8.9e-05	0.18382072551086842
CASKVSRGDDEQYF	TRBV27*01	8.9e-05	0.8950990488787655
CASSQYRADQPQHF	TRBV4-1*01	8.9e-05	0.44113349706101185
CASSFANYGYTF	TRBV28*01	8.9e-05	0.28996457717168705
CASSFLMERDGYTF	TRBV28*01	8.9e-05	0.9240996564470896
CASSVVTVEQYF	TRBV6-1*01	8.9e-05	0.6800968734650359
CVGGANYGYTF	TRBV30*01	8.9e-05	0.5138044582069717
CASSPLSSGRNYEQYF	TRBV6-2*01	8.9e-05	0.4092066230040721
CASSYTVTHLAGNQPQHF	TRBV6-5*01	8.9e-05	0.578499077384536
CSARVGQSDQPQHF	TRBV20-1*01	8.9e-05	0.8780225860787771
CAGVLASNYGYTF	TRBV6-6*03	8.9e-05	0.4303943827481484
CASREQGYGNTIYF	TRBV27*01	8.8e-05	0.29445918100574203
CASSFSSYEQYF	TRBV28*01	8.8e-05	0.18948795084574635
CASSQQGGGSGYTF	TRBV6-6*04	8.8e-05	0.17597912055153594
CASSLQLGNSPLHF	TRBV19*03	8.8e-05	0.561087458588083
CASSEATRGPEAFF	TRBV2*01	8.8e-05	0.8921317113225624
CASSEDSGDYGYTF	TRBV2*01	8.8e-05	0.16436691870542863
CASSVVGGSDGELFF	TRBV9*01	8.8e-05	0.6099366534726456
CAWSVRKINSPLHF	TRBV30*01	8.8e-05	0.9059306707468993
CASSEGISYEQYF	TRBV10-1*01	8.8e-05	0.19477828761580038
CASSLGGEPYRGQFF	TRBV3-1*01	8.8e-05	0.9255897435412744
CASSEPGTRGYTF	TRBV6-8*01	8.8e-05	0.7337211009942293
CSARREVATEAFF	TRBV20-1*01	8.8e-05	0.964655255370572
CASSYSPGGTSINGYTF	TRBV6-5*01	8.8e-05	0.7972355691752578
CASSFGDSSYEQYF	TRBV28*01	8.8e-05	0.2169118685703959
CATRTGPYEQYF	TRBV6-1*01	8.8e-05	0.40975024310418506
CASSEVRQGDYEQYF	TRBV2*01	8.8e-05	0.288738589242781
CANYNNSVIPYEQYF	TRBV27*01	8.8e-05	0.9557122287425547
CASNYDREVYGYTF	TRBV6-1*01	8.8e-05	0.5675911760227978
CASSSGDSYGYTF	TRBV28*01	8.8e-05	0.1171158866070142
CASSLVGTYGYTF	TRBV5-1*01	8.8e-05	0.15852963590975863
CASSLSGPPYNSPLHF	TRBV28*01	8.8e-05	0.6470367810639855
CASSQGTGPNYGYTF	TRBV4-2*01	8.8e-05	0.22302375034536084
CASSPPGRGEAFF	TRBV7-9*01	8.8e-05	0.6403417199837025
CASSDSGGSSYEQYF	TRBV6-4*01	8.8e-05	0.1717407103116036
CASKARGDNGYTF	TRBV2*01	8.8e-05	0.6108102254539872
CASSLRDSNQPQHF	TRBV3-1*01	8.8e-05	0.18917624505137862
CASSPLRGSLSYEQYF	TRBV27*01	8.7e-05	0.6998998894512208
CASSIGLREQFF	TRBV19*01	8.7e-05	0.5399116559140948
CASSLQGHEQYF	TRBV28*01	8.7e-05	0.2281118533648153
CASSLTGETYEQYF	TRBV27*01	8.7e-05	0.22433274844046514
CASSEQGLGQPQHF	TRBV28*01	8.7e-05	0.19577281587552908
CASTFPGQGKYEQYF	TRBV28*01	8.7e-05	0.7685465493098285
CASSGRSYNSPLHF	TRBV6-1*01	8.7e-05	0.36186453711759026
CASTPSRDSIYEQYF	TRBV28*01	8.7e-05	0.48312426480749926
CASSLRRTSSYEQYF	TRBV6-2*01	8.7e-05	0.25483736354996883
CAWKGLAGYNEQFF	TRBV30*01	8.7e-05	0.8337118468532301
CAISDPGSGDTQYF	TRBV10-3*01	8.7e-05	0.6358046099135188
CASSLFLIQGNYGYTF	TRBV28*01	8.7e-05	0.6015376285029393
CACLDTGTGYTF	TRBV30*01	8.7e-05	0.3773395588841304
CASSFTQANYGYTF	TRBV28*01	8.7e-05	0.458188019394418
CASSPGQGAYGYTF	TRBV5-1*01	8.7e-05	0.17366523286731403
CSARDYRVHEQYF	TRBV20-1*01	8.7e-05	0.9902775172949283
CASQGSNQPQHF	TRBV24-1*01	8.7e-05	0.13530015449535612
CASTMSSYEQYF	TRBV11-3*01	8.7e-05	0.45381591259554743
CAWSSSGTGIFDYGYTF	TRBV30*01	8.7e-05	0.7761865474478411
CASSYLRDRGNTIYF	TRBV28*01	8.7e-05	0.7338407269055517
CASSPMSDYGYTF	TRBV18*01	8.7e-05	0.30580081015377897
CASSLFSRNEQYF	TRBV27*01	8.7e-05	0.5538086029659205
CSVTGHSGNTIYF	TRBV20-1*01	8.7e-05	0.5307219926804304
CASTISQWQGYGYTF	TRBV28*01	8.7e-05	0.7072857195211364
CASSGRLAGSYEQYF	TRBV27*01	8.7e-05	0.20378005416956915
CASSRGGRLKGYTF	TRBV27*01	8.7e-05	0.7202736924964604
CASSLRGQALSYEQYF	TRBV27*01	8.7e-05	0.5969152658327248
CASRGRSGNTIYF	TRBV2*01	8.7e-05	0.190275860704354
CASRTANTEAFF	TRBV27*01	8.6e-05	0.11515309419164595
CASSAGHHYEQYF	TRBV6-1*01	8.6e-05	0.6599619415136989
CSASRGDGYTF	TRBV20-1*04	8.6e-05	0.6005211406831986
CAWRERLKSGNTIYF	TRBV30*01	8.6e-05	0.9292855942565302
CAWSAYRDFYGYTF	TRBV30*01	8.6e-05	0.8438714977268604
CASSLLLGTGIGYTF	TRBV28*01	8.6e-05	0.5043552533941775
CASSYSGGTYEQYF	TRBV6-2*01	8.6e-05	0.12700133797763627
CASSQGTKTGNTIYF	TRBV6-1*01	8.6e-05	0.5363774577287342
CASSQGGTGFYEQYF	TRBV4-1*01	8.6e-05	0.37423216730662373
CASSANLTSYEQYF	TRBV6-7*01	8.6e-05	0.5109885333742857
CASSTHTGVYGYTF	TRBV28*01	8.6e-05	0.4816510450465837
CASSPPVGSYGYTF	TRBV28*01	8.6e-05	0.44245904062691055
CASSEVTGGPYEQYF	TRBV6-1*01	8.6e-05	0.21380403720809138
CACALMGQTYEQYF	TRBV30*01	8.6e-05	0.8292265720475139
CASSLLGRDYTF	TRBV28*01	8.6e-05	0.27216799716408385
CASRRLAGGSYEQYF	TRBV27*01	8.6e-05	0.2248054272008212
CASSLKPSYEQYF	TRBV7-9*01	8.6e-05	0.23887497341651426
CASSPLTRGVYGYTF	TRBV27*01	8.6e-05	0.5966361523917961
CASSSSGGRSYEQYF	TRBV6-2*01	8.6e-05	0.16023237637510127
CASSPGQNTYGYTF	TRBV6-1*01	8.6e-05	0.1615253851666328
CASLPMGYGNEQYF	TRBV27*01	8.6e-05	0.7134392404802018
CASSLTSGTYEQYF	TRBV28*01	8.6e-05	0.15088633430320622
CSARWEGNQPQHF	TRBV20-1*01	8.6e-05	0.8148072292013607
CASSLNDEQYF	TRBV28*01	8.6e-05	0.3513483380233673
CASSRTGPGNNQPQHF	TRBV19*03	8.6e-05	0.37014429142431043
CASSPRQTYEQYF	TRBV6-2*01	8.6e-05	0.3467839946550012
CASNEPGQYNSPLHF	TRBV2*01	8.6e-05	0.6318644447728895
CASSVGRTTSYGYTF	TRBV9*01	8.5e-05	0.32665447416981475
CASSLQGDGYTF	TRBV28*01	8.5e-05	0.2129951936647966
CASSILGQPQHF	TRBV27*01	8.5e-05	0.15605485478218686
CASSSQQGLYGYTF	TRBV28*01	8.5e-05	0.16284489186652423
CAWSVDRGPISYEQYF	TRBV30*01	8.5e-05	0.8165523133159147
CASSLYGGDSYEQYF	TRBV7-9*01	8.5e-05	0.29421338790245793
CATSDPYIGYTF	TRBV24-1*01	8.5e-05	0.6561963806261338
CATSFPLVRSSYEQYF	TRBV28*01	8.5e-05	0.9528868575652794
CASSRRSNQPQHF	TRBV27*01	8.5e-05	0.1320348970254447
CASSEDIYEQYF	TRBV10-1*01	8.5e-05	0.2764302714564967
CASSSTGTMNTEAFF	TRBV28*01	8.5e-05	0.23682915738173924
CASSDFRGEGEQYF	TRBV10-1*01	8.5e-05	0.3799532288405675
CASSLKGAYEQYF	TRBV27*01	8.5e-05	0.2567615076973086
CASSLNWDGYTF	TRBV28*01	8.5e-05	0.3979482502311436
CASSLEGYGYTF	TRBV7-2*01	8.5e-05	0.07926323853368271
CASSRDRAPNYGYTF	TRBV2*01	8.5e-05	0.4420282145421039
CASSLSVFPKSEAFF	TRBV28*01	8.5e-05	0.9503736805038078
CASSPDRENYGYTF	TRBV18*01	8.5e-05	0.16848260729151363
CATSAAEYYEQYF	TRBV24-1*01	8.5e-05	0.3185851390002587
CASSVETNYEQYF	TRBV2*01	8.5e-05	0.16757821597862216
CSARGSRYEQYF	TRBV20-1*01	8.5e-05	0.7995567846677847
CASSIGTADNSPLHF	TRBV19*01	8.5e-05	0.4948417027577315
CASSFSNYPYEQYF	TRBV27*01	8.5e-05	0.6730709274119626
CACRGQNYYEQYF	TRBV6-1*01	8.5e-05	0.8618957652473512
CASSEGGDGYTF	TRBV10-2*01	8.5e-05	0.1933890242326534
CASSSLKARFNEKLFF	TRBV28*01	8.5e-05	0.8433630617468061
CASSEWQGNGYTF	TRBV6-1*01	8.4e-05	0.5858130197051155
CAWKGIGGYTF	TRBV30*01	8.4e-05	0.8147755318025862
CASSFVSAPSYEQYF	TRBV27*01	8.4e-05	0.7404819321116861
CASSVDRNQPQHF	TRBV27*01	8.4e-05	0.1157176765755993
CAWSRGQDNSPLHF	TRBV30*01	8.4e-05	0.4444454387296968
CASSYRQAGNSPLHF	TRBV6-2*01	8.4e-05	0.5570173185888193
CASSLASGRVYEQYF	TRBV11-2*01	8.4e-05	0.34887477688185853
CASTLGGGNQPQHF	TRBV28*01	8.4e-05	0.1415887210811583
CASSPDSGNTIYF	TRBV7-8*03	8.4e-05	0.2379897917947806
CASSYNRDYGYTF	TRBV5-1*01	8.4e-05	0.13134265126580708
CAWSREGRGYTF	TRBV30*01	8.4e-05	0.5755404868093501
CASRAGEDTQYF	TRBV6-6*05	8.4e-05	0.2032682370082207
CASSLELAGTYEQYF	TRBV11-2*01	8.4e-05	0.17998688625210146
CASNIGLADYYEQYF	TRBV6-6*03	8.4e-05	0.4983039712389887
CATRPGIVPYEQYF	TRBV27*01	8.4e-05	0.9179119863427957
CASLHSGSSYEQYF	TRBV6-1*01	8.4e-05	0.24429226555191164
CAWNEGTSGNHNF	TRBV30*01	8.4e-05	0.8830182545006756
CASVGDRDSPLHF	TRBV6-1*01	8.4e-05	0.6146775330006351
CASSLYYEQYF	TRBV28*01	8.4e-05	0.15593395533172688
CASTPLTGGNQPQHF	TRBV6-1*01	8.4e-05	0.32740367388121133
CASRPSTGAFSGYTF	TRBV28*01	8.4e-05	0.7921313391614496
CAWTHRGIYEQYF	TRBV30*01	8.4e-05	0.8050335355191015
CASSEGMADGYTF	TRBV2*01	8.4e-05	0.4486930326726162
CASSLYTGSKGYEQYF	TRBV28*01	8.4e-05	0.7342156601319261
CAWSPGQILYEQYF	TRBV30*01	8.4e-05	0.8594296986825721
CASSPLAGSYEQYF	TRBV6-6*05	8.4e-05	0.15758631008567436
CASRPGTLNYGYTF	TRBV6-1*01	8.4e-05	0.5802769680757652
CASRGFSSSYEQYF	TRBV28*01	8.4e-05	0.345603305756882
CASRKPVGGEQYF	TRBV28*01	8.4e-05	0.6629231555251057
CATEGAPGGYTF	TRBV28*01	8.4e-05	0.7380632726764932
CASRRTGNYGYTF	TRBV6-6*04	8.4e-05	0.17809424641796842
CAWSVLGSFNQPQHF	TRBV30*01	8.4e-05	0.595762214051137
CASSEGPVGSYEQYF	TRBV2*01	8.4e-05	0.3213951144825179
CASTDQGLSSYEQYF	TRBV6-6*05	8.4e-05	0.26901570277636283
CASSYQEGANYVEQYF	TRBV6-2*01	8.3e-05	0.770015663679988
CASSQEALSPQHF	TRBV19*01	8.3e-05	0.7089889066025207
CASKLGQGSNEQYF	TRBV27*01	8.3e-05	0.3726105508398305
CASSLRNTEAFF	TRBV2*02	8.3e-05	0.09916305948662332
CAWKPKFDRAWGGYTF	TRBV30*01	8.3e-05	0.9878255923249446
CASSESLMTDYGYTF	TRBV6-1*01	8.3e-05	0.6273492908026009
CASSSPTGVHGYTF	TRBV28*01	8.3e-05	0.46982085107424304
CASSSRTGDQPQHF	TRBV6-5*01	8.3e-05	0.0941902712458633
CASRSFTDEQYF	TRBV6-1*01	8.3e-05	0.42535954720786534
CSARNSNQPQHF	TRBV20-1*01	8.3e-05	0.6556253852746137
CASSGRDRGGFGNQPQHF	TRBV19*01	8.3e-05	0.3970419098688909
CASSYNSGANVLTF	TRBV6-2*01	8.3e-05	0.13815113825006553
CASKLKGASYEQYF	TRBV27*01	8.3e-05	0.47625348781444354
CAWSEQGNEQYF	TRBV30*01	8.3e-05	0.5917881599706849
CAWSAGTGVNQPQHF	TRBV30*01	8.3e-05	0.48552142405072657
CASSLDRGLGNTIYF	TRBV6-6*04	8.3e-05	0.23544349702859005
CATSASWSNQPQHF	TRBV24-1*01	8.3e-05	0.4092652722387206
CASSSQGSSYEQYF	TRBV28*01	8.3e-05	0.15578795144370158
CASSLALPDSPLHF	TRBV11-1*01	8.3e-05	0.8364516007812137
CASGFLAGFTDTQYF	TRBV6-5*01	8.3e-05	0.6583968024507975
CASRAISNTGNTIYF	TRBV6-6*05	8.3e-05	0.34990040130759154
CATSDPGQGRPQHF	TRBV24-1*01	8.3e-05	0.7807851875550412
CASSLPYFYEQYF	TRBV28*01	8.3e-05	0.5582668440183557
CASSPLVADTYEQYF	TRBV28*01	8.3e-05	0.3727454268963354
CASSGGGDRGYGYTF	TRBV6-1*01	8.3e-05	0.28276357214348413
CASSPGQGRHGYTF	TRBV9*01	8.3e-05	0.5589702957802039
CASSLGGGAYEQYF	TRBV5-1*01	8.3e-05	0.14615218515620682
CASTTDPYEQYF	TRBV6-1*01	8.2e-05	0.31069347689088
CASSFLSRGFYEQYF	TRBV27*01	8.2e-05	0.7791455985439286
CAWSMGSSYEQYF	TRBV30*01	8.2e-05	0.5236222849022398
CASSKTWDQPQHF	TRBV6-6*03	8.2e-05	0.6800176733606725
CASSESTGAGYEQYF	TRBV10-2*01	8.2e-05	0.2476515527449029
CASSVLHSGNTIYF	TRBV6-1*01	8.2e-05	0.37954847623923904
CASSPGITEAFF	TRBV28*01	8.2e-05	0.137851725282155
CASSYSPRAASYEQYF	TRBV6-5*01	8.2e-05	0.5804104899806515
CASSGRLATNTGELFF	TRBV6-1*01	8.2e-05	0.37571780455265746
CASSLQGAGYEQYF	TRBV28*01	8.2e-05	0.12011959963514968
CAWSKSDPYEQYF	TRBV30*01	8.2e-05	0.39489090248632
CASSSARDGQGVNQPQHF	TRBV28*01	8.2e-05	0.4599482360353643
CASSLFAGGGHYEQYF	TRBV28*01	8.2e-05	0.32729194569862385
CASSYRGRGEEQYF	TRBV6-5*01	8.2e-05	0.43438689934550007
CASSGQGQPYEQYF	TRBV10-1*01	8.2e-05	0.27740375072578205
CASSVGEYNEQFF	TRBV9*01	8.2e-05	0.14567441101484
CASSLGIGLAGSYEQYF	TRBV7-3*01	8.2e-05	0.29870609633959894
CASSPPDREHGYTF	TRBV28*01	8.2e-05	0.7737451681720428
CASSEAGRNQPQHF	TRBV2*01	8.2e-05	0.16020170920128438
CASRPDGYSGNTIYF	TRBV28*01	8.2e-05	0.4491929367804486
CASSLGGQAIYGYTF	TRBV5-1*01	8.2e-05	0.42959118532178286
CAISKGYSGNTIYF	TRBV10-3*01	8.2e-05	0.3345099964226834
CASSPQTYGYTF	TRBV2*01	8.2e-05	0.15442901672672518
CATSDSSGPGSNQPQHF	TRBV24-1*01	8.2e-05	0.1424316105582871
CASSLSSSYNSPLHF	TRBV28*01	8.2e-05	0.16229626022269367
CASSSFEDRTYEQYF	TRBV6-2*01	8.2e-05	0.6381310722120551
CAWSVSSGDYEQYF	TRBV30*01	8.2e-05	0.27935396054668576
CASSLGGPNYGYTF	TRBV5-1*01	8.2e-05	0.1966634689503948
CASSLPGLAVNSYEQYF	TRBV27*01	8.2e-05	0.4463920532892863
CASSLTFGSYEQYF	TRBV27*01	8.2e-05	0.27992725209144076
CSGTPSYEQYF	TRBV20-1*01	8.1e-05	0.6375453238236101
CASSFDNRGAYEQYF	TRBV28*01	8.1e-05	0.6824222297591791
CASREGLAGVYEQYF	TRBV6-1*01	8.1e-05	0.19994288041768252
CASKYLRQGTYEQYF	TRBV2*02	8.1e-05	0.8377784736912247
CAWSVHGTFYGYTF	TRBV30*01	8.1e-05	0.9398573649451724
CASTTAYPIYEQYF	TRBV6-1*01	8.1e-05	0.7957709952196185
CASSLAGTQANYGYTF	TRBV28*01	8.1e-05	0.4192300697862612
CASSYPSLGPRPHYEQYF	TRBV6-2*01	8.1e-05	0.9362170146885764
CASTDLLNTEAFF	TRBV2*01	8.1e-05	0.3738082787004082
CASSLSGSKQYF	TRBV27*01	8.1e-05	0.43858979290610334
CASRDPQMYNSPLHF	TRBV28*01	8.1e-05	0.7929775434176535
CATSETYSNQPQHF	TRBV24-1*01	8.1e-05	0.30620630795669457
CSARGGSGYEQYF	TRBV20-1*01	8.1e-05	0.7098379189796206
CASSSSGNEGYTF	TRBV18*01	8.1e-05	0.1833642024978782
CASSLSLETATYEQYF	TRBV27*01	8.1e-05	0.40272391603522123
CASSLSRGLSYEQYF	TRBV27*01	8.1e-05	0.2374101407947807
CASSERQGNGNTIYF	TRBV6-1*01	8.1e-05	0.23009755280718389
CASSEESQPQHF	TRBV6-1*01	8.1e-05	0.21606927841937726
CATRMGNTIYF	TRBV28*01	8.1e-05	0.6690022941460486
CAWRGGGPLSGNTIYF	TRBV30*01	8.1e-05	0.8778009660793661
CASSPRLADYNEQFF	TRBV27*01	8.1e-05	0.462630706075354
CAWSRPLGSVGYTF	TRBV30*01	8.1e-05	0.9001740621376416
CASATGTLAYGYTF	TRBV27*01	8.1e-05	0.5642476823577413
CASSLSPGIGGYTF	TRBV27*01	8.1e-05	0.6488360433833269
CSARDEWGGQGYTF	TRBV20-1*01	8.1e-05	0.9668595268829177
CASSLSSGGGGYQPQHF	TRBV28*01	8.1e-05	0.25251560800720607
CASSVGQPWSQPQHF	TRBV28*01	8.1e-05	0.7548295763514569
CASSPPGQNQPQHF	TRBV12-3*01	8.1e-05	0.2392871726436878
CSASYPRGDYGYTF	TRBV20-1*04	8.1e-05	0.8798190532804618
CASSINNEQYF	TRBV19*01	8.1e-05	0.37144111674602376
CASSYSITPPPPYEQYF	TRBV6-5*01	8.1e-05	0.8905793923710521
CASSQRSQAVRYGYTF	TRBV2*01	8.1e-05	0.9052793948244662
CASSIVTAHLNEQFF	TRBV19*01	8.1e-05	0.928655805155772
CASSLVSGNTIYF	TRBV27*01	8.1e-05	0.1813283205637177
CATRYRDTGYGPLHF	TRBV6-1*01	8.1e-05	0.9169195853235834
CAWSQGAFNSPLHF	TRBV30*01	8.1e-05	0.771245615461858
CASIRDNNQPQHF	TRBV2*02	8e-05	0.5060684085225464
CASSTRPNSPLHF	TRBV6-6*03	8e-05	0.436064006247775
CASSVGQHSYEQYF	TRBV19*01	8e-05	0.47086637637316237
CASSGGTENTEAFF	TRBV27*01	8e-05	0.17743122882262577
CASKRTGNSYEQYF	TRBV6-1*01	8e-05	0.4575252825409218
CASSLDFGNTIYF	TRBV7-2*01	8e-05	0.26377472266086743
CASSQGREVIGYTF	TRBV2*01	8e-05	0.7252035735931256
CASSLVGGDLSGNTIYF	TRBV28*01	8e-05	0.43349484190511234
CASSKPGHRSF	TRBV27*01	8e-05	0.9395196975586775
CASSFRQGKLYYYEQYF	TRBV28*01	8e-05	0.9265737592714562
CASSQDTQGFTDTQYF	TRBV4-1*01	8e-05	0.41368768750426566
CASSLYPGAGYGYTF	TRBV27*01	8e-05	0.4379605468543726
CASSDPWEGPEAFF	TRBV6-1*01	8e-05	0.8794077671245372
CASSSGYEQYF	TRBV6-5*01	8e-05	0.09365258141671477
CASSSRRAVNTEAFF	TRBV27*01	8e-05	0.39028825570935
CASSFQGVGGEQYF	TRBV27*01	8e-05	0.3513394269327956
CASSLGPDSSYEQYF	TRBV5-1*01	8e-05	0.26719351139180664
CASSYELAGDEQYF	TRBV6-5*01	8e-05	0.5695134545597484
CASSLAQGGHEQYF	TRBV5-1*01	8e-05	0.297193686674983
CSAREAGVYEQYF	TRBV20-1*01	8e-05	0.8636290133981289
CAWKAGGVYTEAFF	TRBV30*01	8e-05	0.8965306395855401
CAVQGGRENTEAFF	TRBV2*01	8e-05	0.31737095600685955
CASITADRGGQPQHF	TRBV28*01	8e-05	0.8594476998547163
CSARDSDSNQPQHF	TRBV20-1*01	8e-05	0.7877084517099804
CAVRQGFGRGSNYGYTF	TRBV28*01	8e-05	0.6146511897748558
CASSSGLPYEQYF	TRBV28*01	7.9e-05	0.24843788388872975
CSAGPGATNYGYTF	TRBV20-1*02	7.9e-05	0.7692731338111305
CASSFGGTYGYTF	TRBV28*01	7.9e-05	0.16060213512665464
CASSGGGQSFYEQYF	TRBV27*01	7.9e-05	0.44888101821957554
CASSQGVSGLQPQHF	TRBV4-1*01	7.9e-05	0.24144995639110037
CASSEQGRGGVGEQYF	TRBV6-1*01	7.9e-05	0.36129402911222336
CAWSVGGDLSYEQYF	TRBV30*01	7.9e-05	0.8302174019276647
CASSPIGRWNTEAFF	TRBV19*01	7.9e-05	0.6048399649856109
CSVGRVSGGKNGYTF	TRBV29-1*01	7.9e-05	0.9271140342613964
CASSPTGNSYEQYF	TRBV9*03	7.9e-05	0.3713278332341928
CASSGISGSGGYEQYF	TRBV6-6*03	7.9e-05	0.23814680064483615
CASSLPSGRANEQYF	TRBV28*01	7.9e-05	0.40605157062748864
CASSQDLTEPGGYTF	TRBV3-1*01	7.9e-05	0.8729626942898182
CASSFAGRQPQHF	TRBV12-3*01	7.9e-05	0.3495607342606511
CASSRTGSYGYTF	TRBV28*01	7.9e-05	0.127583890726246
CASSYQSSGIYEQYF	TRBV28*01	7.9e-05	0.4771922222313003
CASSFRQGLSYEQYF	TRBV5-1*01	7.9e-05	0.3283571037748435
CAWSPGGASYGYTF	TRBV30*01	7.9e-05	0.4855977139137192
CASSWSVNQPQHF	TRBV27*01	7.9e-05	0.33588440766943883
CASSLGLNDYEQYF	TRBV27*01	7.9e-05	0.408435093661876
CASSERGQGGYEQYF	TRBV6-1*01	7.9e-05	0.16827718754696563
CASRSSGTMEQYF	TRBV6-6*04	7.9e-05	0.6434287172158247
CASKPPGYEQYF	TRBV28*01	7.9e-05	0.48896404061970866
CAWSVSGSSYEQYF	TRBV30*01	7.9e-05	0.28049548811841046
CASSYGSGTEAFF	TRBV6-5*01	7.9e-05	0.21070690257190577
CASSERGSYEQYF	TRBV6-1*01	7.9e-05	0.10213273359835293
CSASLGGDYGYTF	TRBV20-1*02	7.9e-05	0.5275833044686299
CASSGSPAEATNEKLFF	TRBV2*03	7.9e-05	0.41669296692054436
CASSSTRGHPGDEQYF	TRBV11-2*01	7.9e-05	0.7836922185562165
CSARGLAGGRETQYF	TRBV20-1*01	7.9e-05	0.929765542070898
CASSLGRTGEAEKLFF	TRBV7-9*01	7.9e-05	0.3546711713724047
CASKLGGIANTEAFF	TRBV6-1*01	7.9e-05	0.3587894114726089
CASWGPVSYEQYF	TRBV28*01	7.8e-05	0.681131923927828
CASSLSASYEQYF	TRBV28*01	7.8e-05	0.16721840322032203
CASRGVVSHEQYF	TRBV6-1*01	7.8e-05	0.5169526785931903
CASSTGTSTPLHF	TRBV27*01	7.8e-05	0.4508669813846767
CASLLGRGGYYGYTF	TRBV28*01	7.8e-05	0.36253506227181204
CAWRAGDRSYGYTF	TRBV30*01	7.8e-05	0.546908429800595
CASSETGTYEQYF	TRBV6-1*01	7.8e-05	0.12838107075551636
CASRWGGAIPGNTIYF	TRBV6-1*01	7.8e-05	0.7398453551487312
CASSDGTGGNEQFF	TRBV6-4*01	7.8e-05	0.20525120322019852
CATYFTGTSYNKQYF	TRBV28*01	7.8e-05	0.8382700972503571
CASSLSGGKGGGYTF	TRBV27*01	7.8e-05	0.4044902434280558
CASRPTSSYNSPLHF	TRBV28*01	7.8e-05	0.30925609558978767
CASSSPPNEQYF	TRBV28*01	7.8e-05	0.3109058516062442
CASSLGGNGYTF	TRBV5-1*01	7.8e-05	0.1673929987268252
CASSPTGLSSYEQYF	TRBV5-1*01	7.8e-05	0.3328236169531051
CASSREGMTGELFF	TRBV6-6*03	7.8e-05	0.3207331477019482
CASRRDRGTYEQYF	TRBV6-6*04	7.8e-05	0.20555406201492343
CASRYTRDSFSYEQYF	TRBV27*01	7.8e-05	0.7412306727784813
CASSYSGTGIGEQYF	TRBV6-5*01	7.8e-05	0.6867450382605738
CASRDRAGLFYEQYF	TRBV6-6*04	7.8e-05	0.643750247179064
CSARGGPGNTIYF	TRBV20-1*01	7.8e-05	0.8574199504286912
CASSFYPRGNQPQHF	TRBV27*01	7.8e-05	0.8163542687706896
CASSERGQAGTQYF	TRBV6-1*01	7.8e-05	0.631971917701342
CASSPGTETYEQYF	TRBV28*01	7.8e-05	0.3001083984315475
CAWNPGTDFSEQYF	TRBV30*01	7.8e-05	0.8816445116645726
CAWKAGYGYNEQFF	TRBV30*01	7.8e-05	0.8571306562318862
CATQDPVSYEQYF	TRBV24-1*01	7.8e-05	0.8302638748511788
CASSSRNRVFGYGYTF	TRBV27*01	7.8e-05	0.7528455963405495
CASSLIPGVQPQHF	TRBV27*01	7.8e-05	0.3622633562671585
CASSPLDGYYGYTF	TRBV5-1*01	7.8e-05	0.3601154543236526
CASSDGWGTGVNGYTF	TRBV2*01	7.8e-05	0.6588858616494632
CASSEVGTGGAGGYTF	TRBV6-1*01	7.8e-05	0.21055761465588937
CASNDRQGAFNQPQHF	TRBV6-1*01	7.8e-05	0.6438568620181344
CASSLPSDRTPQHF	TRBV28*01	7.8e-05	0.6845865272073173
CSARDSNRDQPQHF	TRBV20-1*01	7.8e-05	0.9047779854747313
CSARGSNQPQHF	TRBV20-1*01	7.8e-05	0.6122925565024485
CASSDGGRYGYTF	TRBV6-1*01	7.7e-05	0.16269145587117367
CASSEAAGAGGDTQYF	TRBV6-1*01	7.7e-05	0.2696546963052942
CAWRDRGKKEDGYTF	TRBV30*01	7.7e-05	0.9752140832618132
CASSLAEGVGGYTF	TRBV7-3*01	7.7e-05	0.2649262447707931
CAWLDRAFYGYTF	TRBV30*01	7.7e-05	0.8270545173983328
CASSLSAGDGYTF	TRBV27*01	7.7e-05	0.3161013564563668
CASSYEGRGYTF	TRBV6-5*01	7.7e-05	0.4090705508827917
CASSEGLVTYEQYF	TRBV2*01	7.7e-05	0.3558184880199299
CSAGPTGSSYEQYF	TRBV20-1*05	7.7e-05	0.7583964123026502
CASSLSIPLPANNEQFF	TRBV27*01	7.7e-05	0.9535098507197172
CASSLYTSGSPYEQYF	TRBV28*01	7.7e-05	0.4028011884873943
CASSVGGSSGNTIYF	TRBV6-1*01	7.7e-05	0.13986123643466358
CASSLQGASYEQYF	TRBV6-5*01	7.7e-05	0.15932767844701914
CASRLDRVTEAFF	TRBV28*01	7.7e-05	0.5191002518580495
CASRGYTGELFF	TRBV6-1*01	7.7e-05	0.19665868528229924
CASRPEHGYTF	TRBV28*01	7.7e-05	0.4033339539447189
CASSYEPGDSPLHF	TRBV6-5*01	7.7e-05	0.7021425468669924
CSAWVTGNPYEQYF	TRBV20-1*01	7.7e-05	0.9629808042846929
CASSLGRTYEQYF	TRBV27*01	7.7e-05	0.15181582915668904
CSARSGRAYEQYF	TRBV20-1*01	7.7e-05	0.8618290745397117
CASSLRKGTGSLDYGYTF	TRBV27*01	7.7e-05	0.8173342927399356
CASSRQGGSGNTIYF	TRBV18*01	7.7e-05	0.15783730458856132
CASSFGRQGEGYTF	TRBV7-2*01	7.7e-05	0.5089754207528812
CASSLDGNPNTEAFF	TRBV5-1*01	7.7e-05	0.39283651870124864
CSAREDRGWNQPQHF	TRBV20-1*01	7.7e-05	0.9594762848314146
CASSPGTLPYEQYF	TRBV28*01	7.7e-05	0.5479016022305621
CASSPDRGNGYTF	TRBV18*01	7.7e-05	0.28522538396336466
CASTDRGSYEQYF	TRBV28*01	7.7e-05	0.16800732124612933
CASSDAGAQTQHF	TRBV6-1*01	7.6e-05	0.6989835013787697
CASSYSIGGRVNNQPQHF	TRBV6-2*01	7.6e-05	0.4850104342807735
CSAGTLGGNHEQYF	TRBV20-1*04	7.6e-05	0.9008043500052254
CAWSIENTIYF	TRBV30*01	7.6e-05	0.35938197058822924
CATSGGPGANYGYTF	TRBV24-1*01	7.6e-05	0.40653556975936006
CASSLGTGGNQPQHF	TRBV27*01	7.6e-05	0.09783793425186078
CASSYGAGVSYEQYF	TRBV6-5*01	7.6e-05	0.32194185707930834
CASSPQQGLNYGYTF	TRBV11-2*01	7.6e-05	0.33998506474428825
CATSDQGTNYGYTF	TRBV24-1*01	7.6e-05	0.33699566986440127
CASSLRQGYEQYF	TRBV27*01	7.6e-05	0.12923994174103134
CASSAKRDHEQFF	TRBV27*01	7.6e-05	0.44377644797952015
CASSQGNRAGYTF	TRBV3-1*01	7.6e-05	0.4684591530976079
CATSRVKGVNQPQHF	TRBV15*01	7.6e-05	0.47802715517029515
CASSRPGGGVYGYTF	TRBV28*01	7.6e-05	0.21438208335278824
CASSLLGVTQPQHF	TRBV28*01	7.6e-05	0.2876822106870932
CAWSVAGGYEQYF	TRBV30*01	7.6e-05	0.35390633439482017
CASSLRGSYEQYF	TRBV6-6*04	7.6e-05	0.11181758540838706
CASTSQHSNQPQHF	TRBV6-1*01	7.6e-05	0.4162607530082278
CSAMIGSSGNTIYF	TRBV20-1*05	7.6e-05	0.8310231243098916
CAWSVGLNQPQHF	TRBV30*01	7.6e-05	0.39989005162408703
CATSAGQGNPQYF	TRBV24-1*01	7.6e-05	0.5316775715019055
CASRPANYGYTF	TRBV28*01	7.6e-05	0.3227635828533398
CASSEQKPAYNEQFF	TRBV27*01	7.6e-05	0.6039787821300484
CASRHRGQTNYGYTF	TRBV6-1*01	7.6e-05	0.4688808700121707
CASSLDGIAYEQYF	TRBV28*01	7.6e-05	0.640112196572928
CASRQQGFRRRYTF	TRBV6-1*01	7.6e-05	0.8459934810663443
CASSPRSEAFQPQHF	TRBV27*01	7.6e-05	0.593490278892553
CALSGTGTNYEQYF	TRBV30*01	7.6e-05	0.21498216722578825
CASSRQGGNYGYTF	TRBV6-6*05	7.6e-05	0.13400856216449683
CATTDGGLGEAFF	TRBV28*01	7.6e-05	0.829464161899588
CASSFSYEQYF	TRBV28*01	7.6e-05	0.11143976379201695
CATSRDRTAEQPQHF	TRBV15*01	7.6e-05	0.5626401663478603
CASSLGGQGTREQYF	TRBV6-6*04	7.6e-05	0.6013557312335651
CASSEGTVPYGYTF	TRBV2*01	7.6e-05	0.5746399428738366
CASRDRENSPLHF	TRBV2*01	7.6e-05	0.33480473383951603
CASRITGTATYEQYF	TRBV28*01	7.6e-05	0.4430091695790809
CASSFTTGRDEQYF	TRBV28*01	7.6e-05	0.6282419594973494
CASNPTGNSHEQYF	TRBV28*01	7.6e-05	0.6130308842523802
CASSGTDRSGYTF	TRBV6-6*03	7.6e-05	0.25789813442989556
CSARVPGTGLYEQYF	TRBV20-1*01	7.6e-05	0.8940190070982234
CASKTGGIEAFF	TRBV28*01	7.6e-05	0.5170797945620713
CASSSTRTESYGYTF	TRBV11-2*01	7.6e-05	0.31762877129467604
CASSQNRDSSYEQYF	TRBV6-2*01	7.5e-05	0.26842366403676754
CAWSVGGSSYEQYF	TRBV30*01	7.5e-05	0.26837099612615517
CASSQKSVGLDSPLHF	TRBV19*01	7.5e-05	0.8685899012856506
CAWSLGGGNQPQHF	TRBV30*01	7.5e-05	0.3914507213248772
CASSGDRDETEQYF	TRBV28*01	7.5e-05	0.4045649904798042
CASSYDLLEGRNYGYTF	TRBV6-5*01	7.5e-05	0.8035515585778923
CASSLTLTGIRGGYTF	TRBV28*01	7.5e-05	0.8576896232970728
CASTGTVAEKLFF	TRBV18*01	7.5e-05	0.5415363338054037
CASLDTLKTYGYTF	TRBV6-1*01	7.5e-05	0.8345444096194912
CASSASGNQPQHF	TRBV27*01	7.5e-05	0.11147426038055014
CSATTEYSYEQYF	TRBV20-1*01	7.5e-05	0.9027293127797466
CATSVKTQGDNQPQHF	TRBV24-1*01	7.5e-05	0.8299378470514511
CASSQLGGYSGNTIYF	TRBV7-2*01	7.5e-05	0.21918653405732397
CASSLHRILSYEQYF	TRBV5-8*01	7.5e-05	0.7897050363121919
CASSSAGLAFEQYF	TRBV28*01	7.5e-05	0.45789874929569047
CASSTQWGFQPQHF	TRBV6-6*03	7.5e-05	0.7838802371384564
CASRTQPSSYEQYF	TRBV6-2*01	7.5e-05	0.4501344451895323
CASSVGAYEQYF	TRBV28*01	7.5e-05	0.19921882869083973
CASSSLRDTTLANYGYTF	TRBV28*01	7.5e-05	0.644750784304408
CASSIVRDGRYQPQHF	TRBV19*01	7.5e-05	0.7094414687036833
CASSYPSAGGSYEQYF	TRBV6-5*01	7.5e-05	0.5535727310082732
CASSSPRREITEAFF	TRBV27*01	7.5e-05	0.6415417631597837
CSAKYSLAGRYEQYF	TRBV20-1*01	7.5e-05	0.9872877092754526
CASKNRQNNSPLHF	TRBV27*01	7.5e-05	0.6219288119135067
CASKFGLDGWDPYEQYF	TRBV5-1*01	7.5e-05	0.9109945282429278
CASSLTGATEAFF	TRBV27*01	7.5e-05	0.13467227624263356
CASSPLAYEQYF	TRBV28*01	7.5e-05	0.21222242319544526
CASSYWGQGVNEQYF	TRBV6-5*01	7.5e-05	0.7690254206127739
CSPEGGRPPVDEQFF	TRBV20-1*01	7.5e-05	0.9914764392895788
CASSIMGPNQPQHF	TRBV19*01	7.5e-05	0.4277527047842859
CASVSGHNSYEQYF	TRBV28*01	7.5e-05	0.5586694719521347
CASSSSPPFYEQYF	TRBV6-2*01	7.5e-05	0.50708010031834
CASSGRSNSYEQYF	TRBV6-1*01	7.5e-05	0.2665211432433013
CASSSGQGDYGYTF	TRBV28*01	7.5e-05	0.10135393805274932
CASSQDRGFYGYTF	TRBV3-1*01	7.5e-05	0.33447608229583675
CASSLDYRNYGYTF	TRBV5-1*01	7.5e-05	0.30870582362019794
CASSLELAGSYEQYF	TRBV5-1*01	7.5e-05	0.18156178250274935
CASSLRRASYEQYF	TRBV28*01	7.5e-05	0.29325792313941224
CASSGLAGNYEQYF	TRBV6-1*01	7.5e-05	0.1146565046112576
CSARDLQGEAVKPQHF	TRBV20-1*01	7.5e-05	0.9883783224756083
CSARELAGGDYEQYF	TRBV20-1*01	7.5e-05	0.8944792517962624
CATLGQIFNYGYTF	TRBV28*01	7.4e-05	0.8017704376254836
CASSHGTGSDEQYF	TRBV27*01	7.4e-05	0.36490360956475154
CASSLSPAPRSYEQYF	TRBV28*01	7.4e-05	0.7061928971443603
CASSFEGGYGYTF	TRBV27*01	7.4e-05	0.12938171534489573
CAWSGQIRRHYGYTF	TRBV30*01	7.4e-05	0.9402441369645219
CASSYSAGEFGYTF	TRBV6-5*01	7.4e-05	0.4565282229496871
CASRLQGRGTEAFF	TRBV2*01	7.4e-05	0.4392962983655668
CASSQTTYEQYF	TRBV3-1*01	7.4e-05	0.24472792744582472
CASSFTGGNYGYTF	TRBV27*01	7.4e-05	0.14360622777287077
CASSTGTGSYEQYF	TRBV28*01	7.4e-05	0.0975924133930701
CASRPTGGETQYF	TRBV27*01	7.4e-05	0.3056209481977273
CASSYLTGTDYGYTF	TRBV6-5*01	7.4e-05	0.2796148284800239
CASSYGGEGNYEQYF	TRBV6-5*01	7.4e-05	0.33190827172598486
CASSADGGYTF	TRBV6-1*01	7.4e-05	0.22331242152412345
CAWSKPVGVNYGYTF	TRBV30*01	7.4e-05	0.7240188993898754
CASTVRGSSYEQYF	TRBV6-2*01	7.4e-05	0.22692719166024322
CAWSDGLENEQYF	TRBV30*01	7.4e-05	0.6246286944704373
CASSPAGQGSNTEAFF	TRBV28*01	7.4e-05	0.29494137109227614
CASSLGVDRSGNTIYF	TRBV11-2*01	7.4e-05	0.3818700636362664
CSAIRMTGTASYEQYF	TRBV20-1*04	7.4e-05	0.9542655120998139
CAWSGPETVYYGYTF	TRBV30*01	7.4e-05	0.7795960069134876
CASSPQSRDQPQHF	TRBV27*01	7.4e-05	0.5021149501726977
CASRRPSGAYEQYF	TRBV6-6*05	7.4e-05	0.3566195295917003
CASSQARRAGYTF	TRBV6-6*04	7.4e-05	0.6755553220591834
CASMDRGGGYTF	TRBV4-2*01	7.4e-05	0.3882616502594419
CASSLSTGPQHF	TRBV27*01	7.4e-05	0.17352045098244906
CASSFGPQGESNYGYTF	TRBV28*01	7.4e-05	0.6788990388591537
CAWTGGAGNQPQHF	TRBV30*01	7.4e-05	0.44556188090333826
CASSRDRRYEQYF	TRBV6-6*04	7.4e-05	0.25291149208917596
CSATADRGGSDFF	TRBV20-1*01	7.4e-05	0.9702149475714067
CASSAGSGASSYEQYF	TRBV6-1*01	7.4e-05	0.21196350986015516
CASDGQGNQPQHF	TRBV2*01	7.4e-05	0.22180264518402332
CASSDMGFEAFF	TRBV6-1*01	7.4e-05	0.6029724164501613
CASSLSPARHPIRATEAFF	TRBV28*01	7.4e-05	0.9479117674341161
CASSDPPGRYNYGYTF	TRBV3-1*01	7.4e-05	0.5459485126203788
CASRGSGPNYGYTF	TRBV28*01	7.4e-05	0.2314003145308855
CASSQVQGAVYGYTF	TRBV4-1*01	7.4e-05	0.49746297987040333
CASSLTGLSEQYF	TRBV5-1*01	7.4e-05	0.336131301823732
CASTPYYNSPLHF	TRBV28*01	7.3e-05	0.790197147786914
CASSFAGLRNTEAFF	TRBV11-2*01	7.3e-05	0.7981142582864582
CASSQDSGSGEQPQHF	TRBV4-1*01	7.3e-05	0.15341601955321305
CASILRGGYEQYF	TRBV28*01	7.3e-05	0.3525038371676395
CASTPGQGRGGANVLTF	TRBV28*01	7.3e-05	0.45096899678319535
CAWSEGRHSYEQYF	TRBV30*01	7.3e-05	0.6508725404142226
CSASAATSNTEAFF	TRBV20-1*02	7.3e-05	0.7453690560506321
CASSFRGRAPEQYF	TRBV27*01	7.3e-05	0.7801462468631172
CASSYGGTEAFF	TRBV28*01	7.3e-05	0.10366031539746948
CSVKSGDQPQHF	TRBV20-1*05	7.3e-05	0.7058683061643668
CASRGNYEQYF	TRBV6-1*01	7.3e-05	0.20773164507078126
CASSLVYDRGNQPQHF	TRBV28*01	7.3e-05	0.5949983128128189
CASTPMRQRGGYTF	TRBV28*01	7.3e-05	0.7753688632151966
CASSLQGSNQPQHF	TRBV27*01	7.3e-05	0.09829467758322313
CASSDGTGYEQYF	TRBV27*01	7.3e-05	0.15060685201351504
CASSIMSSYEQYF	TRBV28*01	7.3e-05	0.5074561298618345
CSATYRGGQPQHF	TRBV20-1*01	7.3e-05	0.7857851550472181
CASTITAGVPYEQYF	TRBV6-6*03	7.3e-05	0.7833535191243536
CASSYSIRGGGYTF	TRBV6-5*01	7.3e-05	0.723409051868778
CASSEIRGSYGYTF	TRBV6-1*01	7.3e-05	0.29301020979452486
CAWSVAGNTEAFF	TRBV30*01	7.3e-05	0.25714857318058726
CASSPDLSYEQYF	TRBV18*01	7.3e-05	0.3251336434034326
CASKGGEDYGYTF	TRBV27*01	7.3e-05	0.2792919882253609
CASSSHTGGGYGYTF	TRBV28*01	7.3e-05	0.2079223117714287
CASSYGGHTGELFF	TRBV6-5*01	7.3e-05	0.492912897541578
CASSPRTGTEQYF	TRBV27*01	7.3e-05	0.3025208835922589
CATGDSTYEQYF	TRBV28*01	7.3e-05	0.4178445380078484
CASSSDPPTRRANYGYTF	TRBV28*01	7.3e-05	0.8471687352650159
CASSFPTGGGNSPLHF	TRBV28*01	7.3e-05	0.4320617657200519
CASSSPGLRDTEAFF	TRBV28*01	7.3e-05	0.6735999422241062
CASRPSGRVGNTIYF	TRBV28*01	7.3e-05	0.5118406662160168
CASLRGDSNQPQHF	TRBV6-1*01	7.3e-05	0.19465189129760455
CASSSQGGGNTIYF	TRBV7-8*01	7.3e-05	0.15159402744794578
CAVEGANHQPQHF	TRBV30*01	7.3e-05	0.5541621905684951
CASSEGSEYEQYF	TRBV6-1*01	7.3e-05	0.12498241788632757
CAWSVLGGGLRGAFF	TRBV30*01	7.3e-05	0.9450190711211579
CASSHRGPGQAGYTF	TRBV28*01	7.3e-05	0.7099686110888395
CSALHRDATGELFF	TRBV20-1*01	7.3e-05	0.9513975443739671
CASGPVPSGTTYEQYF	TRBV27*01	7.3e-05	0.6614983848847148
CASSLYRGGDNQPQHF	TRBV28*01	7.3e-05	0.3161729908088888
CAIPGSSYEQYF	TRBV10-3*01	7.3e-05	0.241010155715232
CASSSKRRDSRTKQYF	TRBV6-2*01	7.3e-05	0.8897540527355376
CASRGQGGGYTF	TRBV6-1*01	7.3e-05	0.13499242170108802
CASSLSLGGTLEAYEQYF	TRBV11-2*01	7.3e-05	0.6637978421906093
CASSFGTGTRDEQYF	TRBV27*01	7.3e-05	0.6114906871938388
CASNRGDGYTF	TRBV2*01	7.2e-05	0.26114944924029426
CASSHEWGPPTYEQYF	TRBV6-6*04	7.2e-05	0.7526895631342364
CASSLSDGHHNFYGYTF	TRBV11-3*01	7.2e-05	0.8056196445446933
CASSPEEGGVEYEQYF	TRBV4-1*01	7.2e-05	0.3503390705224492
CASSFPDWRDGYTF	TRBV28*01	7.2e-05	0.9022081217824417
CASRSQSWPLVNPPLHF	TRBV6-5*01	7.2e-05	0.9687395595138015
CASSEVGLAYYEQYF	TRBV6-1*01	7.2e-05	0.42841717775462945
CSARDWKGGGDEQYF	TRBV20-1*01	7.2e-05	0.9610445622461606
CASSFGDMISYTF	TRBV28*01	7.2e-05	0.7809183954011618
CASSPGVNQPQHF	TRBV27*01	7.2e-05	0.13399730146869823
CASSGGQGYEQYF	TRBV6-6*05	7.2e-05	0.13963244107689496
CASSLDTYGYTF	TRBV28*01	7.2e-05	0.08816384040117135
CASSAGTSGTGEQYF	TRBV27*01	7.2e-05	0.2254042939403887
CASSSPSGAYGYTF	TRBV6-5*01	7.2e-05	0.29892080037630525
CASSESGNTIYF	TRBV2*03	7.2e-05	0.1896846615915898
CASSGAHRTGSPYEQYF	TRBV6-1*01	7.2e-05	0.5836689872983795
CASSLGRLRYGYTF	TRBV28*01	7.2e-05	0.5057555018226573
CASSMGGMVGYTF	TRBV6-6*03	7.2e-05	0.7936159866026172
CASSHPGGEQYF	TRBV3-1*01	7.2e-05	0.27785633373569324
CASSLAGGYPNNQPQHF	TRBV28*01	7.2e-05	0.6092937689268048
CASSPFLALPPNEQFF	TRBV27*01	7.2e-05	0.9799161654934325
CASIWGRQGGTEAFF	TRBV6-2*01	7.2e-05	0.9030413667316475
CASSVETGKHYGYTF	TRBV2*01	7.2e-05	0.6557073103989607
CASSEGGTGSYEQYF	TRBV6-1*01	7.2e-05	0.10343961746335818
CASRSIIAGFYEQYF	TRBV28*01	7.2e-05	0.6197331731502719
CASRNRRTGPEAFF	TRBV28*01	7.2e-05	0.8556168116523974
CASTYNDGYTF	TRBV6-1*01	7.2e-05	0.38911570010144847
CASSVQGDNQPQHF	TRBV6-1*01	7.2e-05	0.09096409714284326
CASSGALPENTIYF	TRBV6-1*01	7.2e-05	0.3532186317743372
CAWSRGTGNTIYF	TRBV30*01	7.2e-05	0.23940981820353532
CASSSSAGKTYF	TRBV5-1*01	7.2e-05	0.367657254472666
CSALSPSGTASNQPQHF	TRBV20-1*05	7.2e-05	0.9197535323802295
CASSKGHGKSNQPQHF	TRBV27*01	7.2e-05	0.6740953608286766
CASSLSQHPGYEQYF	TRBV27*01	7.2e-05	0.6080525761283432
CASSLGTGTKPQHF	TRBV27*01	7.2e-05	0.47372301175945425
CASSYRGQGGGYTF	TRBV6-5*01	7.2e-05	0.3665403693727313
CASSVTGALYGYTF	TRBV28*01	7.2e-05	0.5736486032880462
CASSSTGDNSPLHF	TRBV5-1*01	7.2e-05	0.15663018258164318
CSAVAGEEGDEQYF	TRBV20-1*01	7.2e-05	0.9141364583114094
CASSFRGNYGYTF	TRBV27*01	7.2e-05	0.16940534459377513
CSAREAEYEQYF	TRBV20-1*01	7.2e-05	0.8753104492813059
CPNVPAVTPPSTWETQYF	TRBV6-4*01	7.2e-05	0.9905380875777287
CATSAPGQGAVDGNTIYF	TRBV24-1*01	7.2e-05	0.7075735435292422
CASSLVPAGPYEQYF	TRBV27*01	7.2e-05	0.6418479069287472
CASSWAPGHSYEQYF	TRBV28*01	7.2e-05	0.5911956309288148
CASKRTSLGVYEQYF	TRBV6-1*01	7.2e-05	0.8276251208508335
CAWSRQGGEKLFF	TRBV30*01	7.2e-05	0.39111389134079166
CASSVDGYGYTF	TRBV28*01	7.2e-05	0.1928621675321131
CASSAPLSYEQYF	TRBV6-1*01	7.2e-05	0.4137554207323228
CASTTLPPNYGYTF	TRBV28*01	7.1e-05	0.8355874597841673
CASSFPRGTYEQYF	TRBV28*01	7.1e-05	0.4152547455838215
CASSLGDPSNQPQHF	TRBV7-2*01	7.1e-05	0.3238390040360512
CASSFRGVHEQYF	TRBV28*01	7.1e-05	0.5339780551941531
CASSYSGADEQYF	TRBV6-5*01	7.1e-05	0.3136854848777978
CASSSLLIQAGGYEQYF	TRBV28*01	7.1e-05	0.43529779169771676
CASSLSPRQGLTIYF	TRBV28*01	7.1e-05	0.9394578913203065
CASSYYGQGHQPQHF	TRBV28*01	7.1e-05	0.4616289998223918
CRITGGTEAFF	TRBV20-1*01	7.1e-05	0.6392190443309763
CASSFGRWGRKNEQYF	TRBV28*01	7.1e-05	0.7848093535797739
CAWSYEGPYYGYTF	TRBV30*01	7.1e-05	0.6433675876903157
CASSEGTNSPLHF	TRBV6-1*01	7.1e-05	0.1988054058288337
CASSLSQRGTSYNSPLHF	TRBV27*01	7.1e-05	0.2918763638876576
CASSAAITGQGFHEQYF	TRBV19*01	7.1e-05	0.594538562602059
CSARDQGSYNSPLHF	TRBV20-1*01	7.1e-05	0.8619436341755907
CASSFNQGQETQYF	TRBV27*01	7.1e-05	0.4170124367670765
CSARSSDSNQPQHF	TRBV20-1*05	7.1e-05	0.7632043450433695
CAWSGQGSRQYF	TRBV30*01	7.1e-05	0.6612257409897905
CASSPRGNTIYF	TRBV18*01	7.1e-05	0.15731171300583768
CASSPSYEQYF	TRBV18*01	7.1e-05	0.14193248390430666
CASSPQGHLIYEQYF	TRBV28*01	7.1e-05	0.6880661224449912
CASSEAPDKPYGYTF	TRBV6-1*01	7.1e-05	0.484028659928435
CASSFTGDTEAFF	TRBV6-5*01	7.1e-05	0.1342347476246918
CASSLAGNTIYF	TRBV7-2*04	7.1e-05	0.13395021995184225
CASSPWDRGPYEQYF	TRBV28*01	7.1e-05	0.6700397759130976
CAWSAGPPNTEAFF	TRBV30*01	7.1e-05	0.5306616031618222
CASRDRGLNYGYTF	TRBV28*01	7.1e-05	0.2893841014938149
CASRKGHWDTEAFF	TRBV6-1*01	7.1e-05	0.7061115772909576
CASNTGGARYGYTF	TRBV28*01	7.1e-05	0.361106990220474
CASSFMDSGYEQYF	TRBV27*01	7.1e-05	0.4889764584171432
CASSLQGKASEQYF	TRBV6-6*04	7.1e-05	0.5870524081178375
CATDKLSYNEQFF	TRBV28*01	7.1e-05	0.6869104250920027
CASSPGQDYEQYF	TRBV18*01	7.1e-05	0.15470324696618631
CASSPLQDRGPEQYF	TRBV18*01	7.1e-05	0.8239909716405579
CASSYQANSGNTIYF	TRBV6-5*01	7.1e-05	0.4909372570621571
CASSLGRSSGNTIYF	TRBV11-2*01	7.1e-05	0.10410887576583924
CASSDSNSPLHF	TRBV2*03	7.1e-05	0.1658805084454577
CASSGLMNTEAFF	TRBV27*01	7.1e-05	0.16825311314503913
CASSSRTEVNEKLFF	TRBV28*01	7.1e-05	0.4199589522393354
CASSPIPGINQPQHF	TRBV28*01	7e-05	0.33789931967623027
CASSEALASSYEQYF	TRBV6-1*01	7e-05	0.24775276041218436
CASIRDRGAYEQYF	TRBV6-6*04	7e-05	0.4745680075313085
CASTTGQNYEQYF	TRBV28*01	7e-05	0.3290021036416161
CASSLEGNQPQHF	TRBV28*01	7e-05	0.1185681397238252
CSARGSYQPQHF	TRBV20-1*01	7e-05	0.8854587430864922
CASSLAGGYGYTF	TRBV7-2*01	7e-05	0.09027100861501221
CASSVSQDRYYGYTF	TRBV5-1*01	7e-05	0.4387329257319353
CASSLGDRAEAFF	TRBV5-1*01	7e-05	0.40764269940063397
CASSWTESEQYF	TRBV27*01	7e-05	0.632017803207632
CASSLLGYEQYF	TRBV28*01	7e-05	0.10732102196265293
CASSLGTGSQYGYTF	TRBV7-2*01	7e-05	0.23775407716164057
CASSLGGAGFYGYTF	TRBV28*01	7e-05	0.2769107678113346
CASSPRRGQGYEQYF	TRBV6-6*04	7e-05	0.2434273694664354
CASTTTRGNYGYTF	TRBV2*01	7e-05	0.42561816898902555
CASSLGDSRNTIYF	TRBV28*01	7e-05	0.2600552147870626
CASSQPGYEQYF	TRBV28*01	7e-05	0.16983945127552807
CASSFSRPFDTYTYEQYF	TRBV6-5*01	7e-05	0.804401489430964
CASSPWTGKKGTNYGYTF	TRBV27*01	7e-05	0.8175609810571564
CASSLDSAHSNQPQHF	TRBV28*01	7e-05	0.3268154868754115
CASRRTAYSSGNTIYF	TRBV28*01	7e-05	0.5139139794865026
CASSLNNLDEKLFF	TRBV18*01	7e-05	0.6262257495933672
CASRDRDGSGYTF	TRBV6-6*03	7e-05	0.25139731466263104
CASSEIIRTGKVNSPLHF	TRBV6-1*01	7e-05	0.9234408205447701
CASSQGRGALRHGYTF	TRBV28*01	7e-05	0.8969010784865606
CASREDQGAWENTIYF	TRBV6-1*01	7e-05	0.6138262344202198
CASRSGTSSSYEQYF	TRBV6-1*01	7e-05	0.18861818701841943
CATGGLVGYEQYF	TRBV6-2*01	7e-05	0.44545525210113923
CASSPGQSYEQYF	TRBV18*01	7e-05	0.16871703231960394
CAWGPVSYEQYF	TRBV30*05	7e-05	0.7184083888047033
CASSLSAYEQYF	TRBV28*01	7e-05	0.1767403474169965
CASSPRTTYSNQPQHF	TRBV19*01	7e-05	0.4394350104501937
CSASGSGGTSDYGYTF	TRBV20-1*04	7e-05	0.6120750906423349
CAISGQATTNSPLHF	TRBV10-3*01	7e-05	0.7064317839586155
CASTHQQGYNSPLHF	TRBV28*01	7e-05	0.7076827278526685
CASSLRSAGGHGYTF	TRBV6-5*01	7e-05	0.4970257893830253
CASSDGSYNQPQHF	TRBV4-1*01	7e-05	0.1962457382050211
CASSSTGNEQYF	TRBV27*01	7e-05	0.1967760800228807
CASSGLGGAAFF	TRBV2*01	7e-05	0.4303439853703392
CASSLLAGARHEQYF	TRBV28*01	7e-05	0.5147379735369102
CASAGVGNTIYF	TRBV4-2*01	7e-05	0.3693663656467434
CASSLGLQGGLNTEAFF	TRBV7-3*01	7e-05	0.2345933754589062
CASSKLAGATEAFF	TRBV2*01	7e-05	0.40593273740854796
CASSPRNSNQPQHF	TRBV4-1*01	7e-05	0.19404477959698366
CASSSSRAPLHF	TRBV6-5*01	7e-05	0.6903379582967203
CASSPQGGRHQPQHF	TRBV7-2*01	7e-05	0.4327615964129494
CASSYPENSRHEQYF	TRBV6-5*01	6.9e-05	0.8942224828936377
CASSFRGQGNTIYF	TRBV5-1*01	6.9e-05	0.23190224591760253
CASSSGVQPQHF	TRBV27*01	6.9e-05	0.10428826750346064
CASSRGVQGYTF	TRBV28*01	6.9e-05	0.18408331588998586
CASTPRDRGNQPQHF	TRBV28*01	6.9e-05	0.5770328526029773
CASSGTGHTRYEQYF	TRBV6-1*01	6.9e-05	0.7017390645825246
CASSYVGVNYGYTF	TRBV6-5*01	6.9e-05	0.3210722201469913
CASTEGGTKIEQFF	TRBV6-6*05	6.9e-05	0.9565084335305905
CASSLGGNEGELFF	TRBV28*01	6.9e-05	0.38057732116678167
CASSQNGNTIYF	TRBV7-2*01	6.9e-05	0.2617193673066442
CSAPNPLQGNYGYTF	TRBV20-1*01	6.9e-05	0.8494429165024544
CASSEVGASVSYTF	TRBV6-1*01	6.9e-05	0.6296902188380779
CASHGGQGQPQHF	TRBV2*01	6.9e-05	0.43278189067758754
CSALKSSGNTIYF	TRBV20-1*01	6.9e-05	0.8623138700503056
CAWGTVNYGYTF	TRBV30*05	6.9e-05	0.6346024777050338
CASSPLGQTRGSPLHF	TRBV2*02	6.9e-05	0.8454810345930571
CASRPTSGSSYEQYF	TRBV5-1*01	6.9e-05	0.3016232106744643
CATSDEISNQPQHF	TRBV24-1*01	6.9e-05	0.27415017807511793
CASRHINLNQPQHF	TRBV2*01	6.9e-05	0.9115280872874221
CASSFRNSYGYTF	TRBV27*01	6.9e-05	0.323542310629637
CATYTGLDGYTF	TRBV28*01	6.9e-05	0.9571697328647999
CASSQTGGLKGGYTF	TRBV27*01	6.9e-05	0.6840188907606848
CASSPGGDHQPQHF	TRBV28*01	6.9e-05	0.22788383543829355
CASTQRGRDEQFF	TRBV6-1*01	6.9e-05	0.5722194571820755
CASMALSQPQHF	TRBV6-1*01	6.9e-05	0.6682096401810823
CASSFATGEQFF	TRBV28*01	6.9e-05	0.28866063305447476
CASSIGSRLWYNEQFF	TRBV19*01	6.9e-05	0.9103540841057303
CASTSSASGRHEQYF	TRBV28*01	6.9e-05	0.5115939342583763
CASSRGPDRSYGYTF	TRBV5-1*01	6.9e-05	0.48588317405384535
CAWSKGRYTSEQYF	TRBV30*01	6.9e-05	0.7825734059853283
CASRGTPRLYEQYF	TRBV28*01	6.9e-05	0.7822681841151391
CASSFGQGIGYTF	TRBV28*01	6.9e-05	0.28507181120545666
CASSLGPYNEQFF	TRBV28*01	6.9e-05	0.21014036943389508
CASSLTGAGGYTF	TRBV27*01	6.9e-05	0.1987576176737009
CASKGQINQPQHF	TRBV2*01	6.9e-05	0.26084948339467906
CASSSWTQSSYNSPLHF	TRBV28*01	6.9e-05	0.6163439282607429
CASSEGKIISSYEQYF	TRBV6-1*01	6.9e-05	0.7475404151908708
CACRRGGYTGELFF	TRBV30*01	6.9e-05	0.8071228566271068
CAISGGTFSYEQYF	TRBV10-3*01	6.9e-05	0.6778559772917153
CSARRRTGNQPQHF	TRBV20-1*01	6.9e-05	0.8498297916549606
CASSLIGDYEQYF	TRBV28*01	6.9e-05	0.22843977799908638
CASSAEGVVGSPLHF	TRBV6-1*01	6.9e-05	0.6390724450066015
CASSPQGYGNTIYF	TRBV18*01	6.9e-05	0.2812008474868963
CASSEAQIVPEQYF	TRBV6-1*01	6.9e-05	0.9397707051016408
CASSYRGRGYTF	TRBV6-5*01	6.9e-05	0.32151282592949815
CASSLYLGGRLSGYTF	TRBV27*01	6.9e-05	0.7639565865363488
CASSLDGRSTNEKLFF	TRBV27*01	6.9e-05	0.40414568327188766
CASSYRGSAYNSPLHF	TRBV6-5*01	6.9e-05	0.6072953543349942
CASSLAGYNSPLHF	TRBV7-3*01	6.9e-05	0.2360804541894565
CASSHRQDNSPLHF	TRBV3-1*01	6.9e-05	0.49371306951313765
CASSYRGRSGANYGYTF	TRBV6-5*01	6.9e-05	0.4215980264424811
CASSTAGRESSYEQYF	TRBV5-1*01	6.9e-05	0.4563727443818155
CAWAGYGGNQPQHF	TRBV30*05	6.8e-05	0.6469884551153311
CASSFATGGYEQYF	TRBV27*01	6.8e-05	0.19707568361511515
CSARSPPNYEQYF	TRBV20-1*01	6.8e-05	0.854958624240722
CASSEDRDRVSGYTF	TRBV6-1*01	6.8e-05	0.5022310466514921
CASSLRDKAYEQYF	TRBV28*01	6.8e-05	0.5568366822715696
CASSQLTGGEAFF	TRBV3-1*01	6.8e-05	0.22141566211071562
CATSSKGAGGGGYEQYF	TRBV27*01	6.8e-05	0.37135390903583854
CASTGGTGDNEQFF	TRBV2*01	6.8e-05	0.3841539568891618
CASSYRLGGYEQYF	TRBV28*01	6.8e-05	0.1850922015930528
CASSGQKSSYEQYF	TRBV6-2*01	6.8e-05	0.2902113619766827
CSALTGNQPQHF	TRBV20-1*01	6.8e-05	0.6997349710667365
CASSAGLAKRQYF	TRBV10-1*01	6.8e-05	0.8731285809020393
CASRPTGAGPFGYGYTF	TRBV28*01	6.8e-05	0.706217346186926
CASSFTGQGIGGYTF	TRBV28*01	6.8e-05	0.6026560120238442
CASSYRAEPYQPQHF	TRBV6-5*01	6.8e-05	0.7734200904475015
CASSLDQVEQYF	TRBV28*01	6.8e-05	0.5001625604870262
CASSRTEGYTF	TRBV2*02	6.8e-05	0.1750459208355069
CASSLGSGPQPGDSPLHF	TRBV28*01	6.8e-05	0.6401726658351757
CASGAGGRPGNQPQHF	TRBV2*01	6.8e-05	0.5291643901859134
CAISEPSGHRNSPLHF	TRBV10-3*01	6.8e-05	0.895880049511916
CASSPTRQGIHEQYF	TRBV6-6*04	6.8e-05	0.5897261421747996
CASSTAGSQGSGYTF	TRBV2*02	6.8e-05	0.5117252500748172
CASSVSGTSYEQYF	TRBV6-6*05	6.8e-05	0.17297569931200135
CASSYPVRNEQFF	TRBV28*01	6.8e-05	0.8913405074133091
CASTGAATRYNSPLHF	TRBV28*01	6.8e-05	0.7978197170385084
CASSLSGVGTYEQYF	TRBV27*01	6.8e-05	0.3531576164218604
CASSRDRGDQPQHF	TRBV2*01	6.8e-05	0.1349629835991878
CASSVGTGKYEQYF	TRBV9*01	6.8e-05	0.38175976565182906
CASRDGGTAQPQHF	TRBV6-1*01	6.8e-05	0.6365065598874842
CASSLGQTNEQYF	TRBV28*01	6.8e-05	0.2516773819995467
CSARGGMDEQYF	TRBV20-1*01	6.8e-05	0.7837689998734371
CASSDALGAYNSPLHF	TRBV2*01	6.8e-05	0.5231885965451261
CSAREGARETQYF	TRBV20-1*01	6.8e-05	0.9543848265105912
CASSGFNQPQHF	TRBV2*01	6.8e-05	0.20966833613491304
CATSEGPPRTEYNYGYTF	TRBV24-1*01	6.8e-05	0.8155302347679266
CASSIDIGTNTEAFF	TRBV19*01	6.8e-05	0.3915722985500062
CASSVEPTGGNGYTF	TRBV9*01	6.8e-05	0.594685816258429
CASSLDGYEQYF	TRBV6-5*01	6.7e-05	0.19343616799638366
CASREWGGGYGYTF	TRBV27*01	6.7e-05	0.2790323959907847
CASNRREGQPQHF	TRBV2*01	6.7e-05	0.3825272357142997
CATSDSSTVNTGELFF	TRBV15*02	6.7e-05	0.4365756064985775
CASSPPLAFPYEQYF	TRBV27*01	6.7e-05	0.854445660160659
CAWSRGGGDQPQHF	TRBV30*01	6.7e-05	0.18686052529586689
CASSGQGSPEQYF	TRBV6-6*05	6.7e-05	0.5994779259394245
CASSFSDYGYTF	TRBV28*01	6.7e-05	0.20342802140218527
CASHRESPLHF	TRBV27*01	6.7e-05	0.704926990988733
CASSRQGNNQPQHF	TRBV28*01	6.7e-05	0.22041446021272793
CASSIGGNQPQHF	TRBV19*01	6.7e-05	0.10617497075915001
CSATFGSYEQYF	TRBV20-1*05	6.7e-05	0.6954968182750447
CASRAGTGGYYGYTF	TRBV6-6*05	6.7e-05	0.20467040418847166
CASSPGQATYEQYF	TRBV18*01	6.7e-05	0.35515683612775234
CASYYMGTEGYTF	TRBV28*01	6.7e-05	0.9000859087265389
CASRVGEGTEAFF	TRBV27*01	6.7e-05	0.3001434919276775
CSAREGSNYGYTF	TRBV20-1*01	6.7e-05	0.6616076446326979
CASSLSRGGLNGYTF	TRBV27*01	6.7e-05	0.3402105900699298
CAWSDGTVTYGYTF	TRBV30*01	6.7e-05	0.7844344107532117
CASSPPGGPYEQYF	TRBV28*01	6.7e-05	0.24852292049333755
CASSRQGLAYEQYF	TRBV27*01	6.7e-05	0.3221710048523811
CASRIGGGYYGYTF	TRBV6-1*01	6.7e-05	0.26769006380770705
CASRRQGTDYGYTF	TRBV27*01	6.7e-05	0.2670299672760438
CSAPGGSNNSPLHF	TRBV20-1*01	6.7e-05	0.7095097158111932
CASSHRDSYGYTF	TRBV2*01	6.7e-05	0.28255429775691976
CASSSPDSYGYTF	TRBV28*01	6.7e-05	0.21362210745947288
CASSDQGQGDTF	TRBV2*01	6.7e-05	0.31037096900852035
CASRWETNYNSPLHF	TRBV28*01	6.7e-05	0.6424202369234085
CASSEGTGHYEQYF	TRBV6-1*01	6.7e-05	0.26120868239840045
CASNPGHLYEQYF	TRBV6-6*04	6.7e-05	0.7036513816487286
CASRLTGDEQYF	TRBV28*01	6.7e-05	0.31513213138926244
CASSKVYEQYF	TRBV6-1*01	6.7e-05	0.24752348351988576
CASSWGTSGRGRNEQFF	TRBV5-1*01	6.7e-05	0.7064256156999038
CASSQTSGREAYEQYF	TRBV2*01	6.7e-05	0.34019196633635507
CATSDSGQGSQPQHF	TRBV24-1*01	6.7e-05	0.39585447600000384
CSASLEQGVSAGYTF	TRBV20-1*02	6.7e-05	0.9402758364062428
CASSIGVYGYTF	TRBV19*01	6.7e-05	0.1772335114837044
CASSEARQGAYSNQPQHF	TRBV6-1*01	6.7e-05	0.2945301903566292
CATSDLTKEGRYEQYF	TRBV24-1*01	6.7e-05	0.8049589636133142
CASSGRTGANTEAFF	TRBV6-1*01	6.7e-05	0.13364889251275008
CASSSWDRSYEQYF	TRBV6-5*01	6.7e-05	0.354207879498282
CASSVLGTGFYEQYF	TRBV2*01	6.7e-05	0.3087866143223357
CASSPPVGSNTEAFF	TRBV7-9*01	6.7e-05	0.5714316182861036
CASTEGNQPQHF	TRBV28*01	6.7e-05	0.1185099707357511
CASSARIWGPDTIYF	TRBV7-2*01	6.7e-05	0.9682405931006695
CAGREDRGAYEQYF	TRBV30*01	6.7e-05	0.6084787862558616
CASSDGLTYEQYF	TRBV10-1*01	6.7e-05	0.31989906759857345
CASRIWGAGTEAFF	TRBV28*01	6.7e-05	0.670093697155517
CASSYSGPGYTF	TRBV6-2*01	6.7e-05	0.46564923066889574
CAWSLAYEQYF	TRBV30*01	6.7e-05	0.4352493393629923
CASSLAFPGQGEKGGYTF	TRBV28*01	6.7e-05	0.8826143193423415
CASRGTGASSGNTIYF	TRBV28*01	6.7e-05	0.20258130902633067
CASIETGGGYGYTF	TRBV28*01	6.6e-05	0.31346482776668266
CAISEGKGNTIYF	TRBV10-3*01	6.6e-05	0.4322193243956181
CASSPELQPNSPLHF	TRBV27*01	6.6e-05	0.733507985669103
CASSLPFGRESGNTIYF	TRBV28*01	6.6e-05	0.6847671725767767
CASSEGEAGFNGYTF	TRBV6-1*01	6.6e-05	0.5033453427246725
CASSPGQGAVGYTF	TRBV18*01	6.6e-05	0.47480535798941065
CASRPGGTGNTIYF	TRBV6-1*01	6.6e-05	0.19865737985786075
CASSLNGNQPQHF	TRBV27*01	6.6e-05	0.17266993943970804
CSARDMQLYGYTF	TRBV20-1*01	6.6e-05	0.898888799841174
CASSSTGVGNTIYF	TRBV4-1*01	6.6e-05	0.2130017281277384
CASSSGASSGYTF	TRBV4-1*01	6.6e-05	0.14861105236436764
CAWRLAGVEQYF	TRBV30*05	6.6e-05	0.8675536199990711
CAWSDTPDRADYGYTF	TRBV30*01	6.6e-05	0.9083767703533664
CASSGTGRPNQPQHF	TRBV19*03	6.6e-05	0.3541629150501626
CASRTSGDLNTEAFF	TRBV6-6*03	6.6e-05	0.2614295663285676
CATTDSNLGDEQYF	TRBV28*01	6.6e-05	0.5935744218347011
CASSRGQYEQYF	TRBV6-6*05	6.6e-05	0.11616960938476127
CASWNSYEQYF	TRBV27*01	6.6e-05	0.47578650037283027
CASSFRGLLSGNTIYF	TRBV28*01	6.6e-05	0.6619076699227062
CASSEGREYNEQFF	TRBV2*01	6.6e-05	0.23544993474363843
CASSFGTSNEQYF	TRBV28*01	6.6e-05	0.22761659598965747
CASSKQGIYGYTF	TRBV27*01	6.6e-05	0.2656569719177753
CASSQGLAGEQYF	TRBV4-2*01	6.6e-05	0.2520343921973426
CASSLGRTYEQYF	TRBV5-1*01	6.6e-05	0.15181582915668904
CASSSAGGNTIYF	TRBV5-1*01	6.6e-05	0.11365316012302912
CSARDPGEGGYTF	TRBV20-1*01	6.6e-05	0.9036808093205807
CASRINNSPLHF	TRBV19*01	6.6e-05	0.3768996566190742
CASSPLSSGSSYEQYF	TRBV2*01	6.6e-05	0.20119111710633567
CASSFRGYSNQPQHF	TRBV28*01	6.6e-05	0.33239893839302864
CASSPPGRVTDEQYF	TRBV28*01	6.6e-05	0.5673725273439255
CASSLSRSSYNEQFF	TRBV28*01	6.6e-05	0.22056919402871578
CASETGSTNYGYTF	TRBV6-1*01	6.6e-05	0.14631744933876423
CASSPEGLGYGYTF	TRBV18*01	6.6e-05	0.3332580233846864
CASGETGEIYEQYF	TRBV28*01	6.6e-05	0.6268496728121344
CASSLASYNSPLHF	TRBV28*01	6.6e-05	0.1820534599380946
CASSVGDWTYEQYF	TRBV6-6*05	6.6e-05	0.6376439639650825
CASSFPDRGPQYF	TRBV28*01	6.6e-05	0.8655093293645214
CASSLFPGQPQHF	TRBV28*01	6.6e-05	0.44145924319089586
CASSSPQYEQYF	TRBV27*01	6.6e-05	0.2267104385108296
CASSDPTQGKGWSYEQYF	TRBV6-1*01	6.6e-05	0.6056770520473784
CASSLEGSSYNSPLHF	TRBV28*01	6.6e-05	0.24900287378048758
CSASAVDRGSSYEQYF	TRBV20-1*04	6.6e-05	0.8628827444342951
CASSADRNSNQPQHF	TRBV2*01	6.6e-05	0.24871659611707053
CASSFMGTANYGYTF	TRBV5-1*01	6.6e-05	0.5989647847889024
CASSYASSAYEQYF	TRBV6-5*01	6.6e-05	0.3758127649125421
CASSLGVVNTEAFF	TRBV7-8*01	6.6e-05	0.1797131409906625
CASTAGQIYGYTF	TRBV19*01	6.6e-05	0.4852535476291198
CASGVTGNEQFF	TRBV27*01	6.6e-05	0.4428668858923008
CASGTSGVSYNEQFF	TRBV6-1*01	6.6e-05	0.3904818098279708
CASSLSQGHTEAFF	TRBV28*01	6.6e-05	0.3759354641431579
CASSDGGRNSPLHF	TRBV6-1*01	6.6e-05	0.25987105671820887
CASSEGLNSPLHF	TRBV10-2*01	6.6e-05	0.25189688533251775
CASSPNSFRLYRYEQYF	TRBV6-2*01	6.6e-05	0.9221672728543812
CASSQDTLSVYGYTF	TRBV3-1*01	6.6e-05	0.35330221736396544
CATSKALLNQPQHF	TRBV15*02	6.6e-05	0.525735191440414
CASSLRLAGEYF	TRBV28*01	6.6e-05	0.5736137545513282
CASSYNKGQGPSSPLHF	TRBV6-5*01	6.6e-05	0.6752460951244477
CASSPGTAINTGELFF	TRBV7-3*01	6.6e-05	0.628867488796468
CASSPGGGRGYTF	TRBV28*01	6.5e-05	0.2846368169083829
CASSEAQGFYGYTF	TRBV6-1*01	6.5e-05	0.27962379718898456
CSAGQGTVYEQYF	TRBV20-1*01	6.5e-05	0.9258893248425066
CASSFYPGGRNEQYF	TRBV6-5*01	6.5e-05	0.6052396809010573
CASSLGLAGTEQYF	TRBV27*01	6.5e-05	0.24972092695872236
CASTQLLGNEQYF	TRBV28*01	6.5e-05	0.5370173385214948
CATSDSQGNGYEQYF	TRBV24-1*01	6.5e-05	0.48971322810753354
CSARPSGPDNSPLHF	TRBV20-1*02	6.5e-05	0.9322376071601086
CASKPPLWGLGYTF	TRBV28*01	6.5e-05	0.9016976513377872
CASSITRPNEQFF	TRBV19*01	6.5e-05	0.7772263068799826
CASSFLGVGEQFF	TRBV28*01	6.5e-05	0.6061803646062106
CASSAVVASGAYEQYF	TRBV5-1*01	6.5e-05	0.33350097548398255
CSASTLDRSAGNTIYF	TRBV20-1*01	6.5e-05	0.9226212128595143
CASRPPGQGSNGYTF	TRBV2*02	6.5e-05	0.5799979611283143
CASSLSGTHSYEQYF	TRBV27*01	6.5e-05	0.5171076606536092
CASSSRRRGAYEQYF	TRBV28*01	6.5e-05	0.30549019740430794
CASSSRGGDQPQHF	TRBV6-5*01	6.5e-05	0.16394841642115102
CASRPSGTAYEQYF	TRBV6-6*03	6.5e-05	0.47616846841689003
CASSIDLGDGYTF	TRBV19*01	6.5e-05	0.5331077759516926
CASSRTGLDGYTF	TRBV6-6*03	6.5e-05	0.6035790464410656
CSARGQGNEQFF	TRBV20-1*01	6.5e-05	0.7659637260400635
CSAGQNYEQYF	TRBV20-1*01	6.5e-05	0.8088838625762006
CASSQDGALTSNQPQHF	TRBV4-1*01	6.5e-05	0.6153436685233555
CASIPHPGQGAYEQYF	TRBV27*01	6.5e-05	0.7688920573025172
CATTGLADPYEQYF	TRBV24-1*01	6.5e-05	0.8153076965100975
CASSYESSGNTIYF	TRBV6-5*01	6.5e-05	0.3455929799310159
CASSNRGSNQPQHF	TRBV6-6*03	6.5e-05	0.13518417323659876
CASRKGASGNTIYF	TRBV28*01	6.5e-05	0.22660863515254653
CSATLERIRAEAFF	TRBV20-1*01	6.5e-05	0.9833832994406085
CASSLRAHEQYF	TRBV11-3*01	6.5e-05	0.41753703470155695
CASSLQGTGYTF	TRBV28*01	6.5e-05	0.11165518372963265
CSARRTPGTEHYEQYF	TRBV20-1*01	6.5e-05	0.9676688728707766
CASSPEQGADYGYTF	TRBV18*01	6.5e-05	0.37100851421660747
CASSFSAGLVGEQYF	TRBV28*01	6.5e-05	0.7148723178781189
CASSHPGSSNQPQHF	TRBV28*01	6.5e-05	0.24492154953498912
CASRGLAGAAEQYF	TRBV19*01	6.5e-05	0.45588993341271866
CATSESTGGGYTF	TRBV24-1*01	6.5e-05	0.2432146901943826
CASVKRGSYGYTF	TRBV28*01	6.5e-05	0.48855106641353363
CASSLVGTGNQHF	TRBV28*01	6.5e-05	0.17738164846660706
CASSPPWGTEAFF	TRBV27*01	6.5e-05	0.5196468166980934
CASSLEGRGANNEQFF	TRBV5-1*01	6.5e-05	0.4781380633351583
CASSTRQGGYQPQHF	TRBV19*03	6.5e-05	0.3262543354063971
CASSYRTGNNSPLHF	TRBV6-2*01	6.5e-05	0.42427494804959703
CASSFYQRGIYEQYF	TRBV11-2*01	6.5e-05	0.7395809679620561
CASTGQAETNGYTF	TRBV28*01	6.5e-05	0.7634925031503551
CASSGLGQGPLHF	TRBV28*01	6.5e-05	0.43405224256861236
CASKLAGGEQYF	TRBV6-1*01	6.5e-05	0.42659579060949965
CATYEVGTARSYEQYF	TRBV6-1*01	6.5e-05	0.9205957075032164
CASSLGLAGGSDTQYF	TRBV28*01	6.5e-05	0.2225901699307437
CASSPRRGQTEAFF	TRBV6-6*04	6.5e-05	0.4993084785281032
CASSLVGAPYEQYF	TRBV5-1*01	6.5e-05	0.29767714445620047
CASSRASDYEQYF	TRBV28*01	6.5e-05	0.28464256970138213
CASNAGGSYGYTF	TRBV28*01	6.5e-05	0.30974025614567297
CASSRAGTYEAFF	TRBV5-1*01	6.5e-05	0.2216987730115306
CASSLVGRGSSYEQYF	TRBV7-8*01	6.5e-05	0.27175701641808925
CASSYSGTDPYEQYF	TRBV6-3*01	6.5e-05	0.4622811955663476
CASSLEPGPNQPQHF	TRBV7-2*01	6.5e-05	0.3996175665692477
CASSTGTGGSYEQYF	TRBV6-6*05	6.5e-05	0.09707712382933481
CAISGRQMNSPLHF	TRBV10-3*01	6.5e-05	0.7854572125972007
CASNTQGEETQYF	TRBV11-2*01	6.5e-05	0.5036526603886153
CASSLYLGGSGNTIYF	TRBV7-9*01	6.5e-05	0.2841870659406814
CASSEAGTRYGYTF	TRBV2*01	6.5e-05	0.46759958817688546
CSATGGQNTEAFF	TRBV20-1*01	6.5e-05	0.6000457654922813
CASSLDRENQPQHF	TRBV28*01	6.5e-05	0.11040781847608973
CSVRTSGSYEQYF	TRBV20-1*04	6.4e-05	0.6493432397768881
CASSEGQGVYEQYF	TRBV6-1*01	6.4e-05	0.19176969488217693
CASSERVGNWESEKLFF	TRBV2*01	6.4e-05	0.8360077551569493
CASSTDSNQPQHF	TRBV18*01	6.4e-05	0.13453360972871148
CSARGGGNQPQHF	TRBV20-1*01	6.4e-05	0.6356191477043382
CASSPLAGAGNEQFF	TRBV11-3*01	6.4e-05	0.45707868606109575
CASSFESSGSSYNEQFF	TRBV27*01	6.4e-05	0.47294974586740895
CASSLLPPRRSYEQYF	TRBV28*01	6.4e-05	0.6654737225966773
CATTSSGTTNTEAFF	TRBV24-1*01	6.4e-05	0.17571983371140165
CASSLGRAGVYEQYF	TRBV27*01	6.4e-05	0.25922831479116976
CASSERQVYNSPLHF	TRBV2*01	6.4e-05	0.7564018032577352
CASSEEAFGNTIYF	TRBV2*01	6.4e-05	0.4804545080565647
CASSLSGGPRGYTF	TRBV28*01	6.4e-05	0.4501015684585789
CSAPAGKSVYEQYF	TRBV20-1*01	6.4e-05	0.9474479795909252
CASSASHEQYF	TRBV18*01	6.4e-05	0.23522548066969065
CASSPEGHSGANVLTF	TRBV11-3*01	6.4e-05	0.4025794634147223
CASSEGQHSNQPQHF	TRBV2*01	6.4e-05	0.2693723588846074
CASSERYLGGYEQFF	TRBV6-1*01	6.4e-05	0.47105733669077743
CASSQPAVGSYEQYF	TRBV4-1*01	6.4e-05	0.6159112663528485
CATSDRDSNYGYTF	TRBV24-1*01	6.4e-05	0.17554347372126064
CASSLVRGNSPLHF	TRBV5-1*01	6.4e-05	0.4200609827788025
CASSRDRQYEQYF	TRBV19*01	6.4e-05	0.26209437115070866
CASSPGRGYEQYF	TRBV27*01	6.4e-05	0.137646136873382
CASSVGLTYEQYF	TRBV2*01	6.4e-05	0.261398862249719
CASRGVDNSPLHF	TRBV3-1*01	6.4e-05	0.31232577239376946
CSAKTGWGYGYTF	TRBV20-1*01	6.4e-05	0.9582322076138505
CASSSSTPDRVAGNTIYF	TRBV6-5*01	6.4e-05	0.6712000288842787
CASSHRTGIPGANVLTF	TRBV14*01	6.4e-05	0.77904699602806
CASTLRGQTGANVLTF	TRBV28*01	6.4e-05	0.566299057449037
CASSLFAGGKGYEQYF	TRBV28*01	6.4e-05	0.4114637479082676
CASSTGQGGDGYTF	TRBV6-6*03	6.4e-05	0.30501828592632596
CASSISDRGYTF	TRBV19*01	6.4e-05	0.5579223973919349
CASKRANQPQHF	TRBV2*01	6.4e-05	0.24356388861452138
CSARDFYEQYF	TRBV20-1*01	6.4e-05	0.7815768859232959
CASSSGQGRSPLHF	TRBV2*01	6.4e-05	0.34441167784956866
CASRPDRQLSYF	TRBV2*01	6.4e-05	0.9367310548419597
CASSSFYGYTF	TRBV11-2*01	6.4e-05	0.20173519341112803
CASSPGGGGTGHNYGYTF	TRBV28*01	6.4e-05	0.26788797422128285
CASSYSDEGPTYEQYF	TRBV6-2*01	6.4e-05	0.584170217311358
CASSVGLYTGELFF	TRBV6-1*01	6.4e-05	0.521171360812599
CASSLSSFSQTGRRGYTF	TRBV27*01	6.4e-05	0.7620443424209266
CASSLFVGTGDNEQFF	TRBV28*01	6.4e-05	0.748913615944633
CASSLGGVSGYGYTF	TRBV28*01	6.4e-05	0.15597574277748144
CASSSGQGRVTEAFF	TRBV27*01	6.4e-05	0.44848798932790174
CASSFRGQYYEQYF	TRBV27*01	6.4e-05	0.2858101192783841
CASSLVMMSTIYF	TRBV6-6*05	6.4e-05	0.9064988462842947
CASSLTGVEQYF	TRBV7-2*01	6.4e-05	0.37083498314743657
CASSWGDRGQAEAFF	TRBV28*01	6.4e-05	0.9001936852327141
CASSTRTGHETQYF	TRBV28*01	6.4e-05	0.5969405780052556
CASSYRGEGEQYF	TRBV2*01	6.4e-05	0.3969862893512877
CASGLAGGPSYEQYF	TRBV28*01	6.4e-05	0.3212160036532116
CASSFFRDRESEQYF	TRBV28*01	6.4e-05	0.8283259544535653
CASSSPQRGNEQFF	TRBV27*01	6.4e-05	0.47132934556676875
CASSPQAGQGNYGYTF	TRBV18*01	6.4e-05	0.29799259809447526
CASTPTGIKEKLFF	TRBV6-6*04	6.4e-05	0.6310862764927839
CASTEGYEQYF	TRBV5-1*02	6.4e-05	0.12303507895953938
CASNLGLAAKETQYF	TRBV5-1*01	6.3e-05	0.854768077798945
CASSLRQGAFDEQYF	TRBV7-3*01	6.3e-05	0.7186132431446266
CASSSTSPEQGRYGYTF	TRBV7-9*01	6.3e-05	0.5211350001201583
CASKSDSLEQYF	TRBV6-1*01	6.3e-05	0.6952013691261737
CATGTPYEQYF	TRBV27*01	6.3e-05	0.5610031788649744
CASSYGQFSYEQYF	TRBV6-5*01	6.3e-05	0.5173901555385251
CASSLTGSRDTIYF	TRBV6-6*05	6.3e-05	0.6681887738732777
CASGSVGQVPLYGYTF	TRBV28*01	6.3e-05	0.8909526341003805
CASSEDGAGYGYTF	TRBV2*01	6.3e-05	0.20750626953872944
CASKGREGRWEQYF	TRBV28*01	6.3e-05	0.7337844229275343
CAWSQVRPYEQYF	TRBV30*01	6.3e-05	0.8460052225904506
CASSMDRNQPQHF	TRBV19*01	6.3e-05	0.14549716584075326
CASSPQKNTEAFF	TRBV18*01	6.3e-05	0.1961156145206616
CSARLVSSYEQYF	TRBV20-1*02	6.3e-05	0.8825577654289352
CAWRGVGAATNEKLFF	TRBV30*01	6.3e-05	0.7746081731663185
CAWRRGGINTGELFF	TRBV30*01	6.3e-05	0.6448371985012543
CASSEQGSIYEQYF	TRBV2*01	6.3e-05	0.25092291455525856
CASSEGTAGQPQHF	TRBV2*03	6.3e-05	0.23033988958538767
CASSRDNTYEQYF	TRBV6-6*05	6.3e-05	0.44413570738859487
CASSVGGGSHTYEQYF	TRBV9*01	6.3e-05	0.5987219948339546
CASRSYYRERNSPLHF	TRBV28*01	6.3e-05	0.9493893326569576
CASSDLGLKAGELFF	TRBV6-1*01	6.3e-05	0.9037569021947749
CASSPSSGWNTEAFF	TRBV3-1*01	6.3e-05	0.32682117813668854
CASSRLARSDEQYF	TRBV28*01	6.3e-05	0.6114604687595627
CASSARGNNYGYTF	TRBV27*01	6.3e-05	0.20168797233604083
CASSREAYNYGYTF	TRBV9*01	6.3e-05	0.19333850548724718
CSAREGTGFYEQYF	TRBV20-1*01	6.3e-05	0.8904705896377083
CASSSAGLYEQYF	TRBV28*01	6.3e-05	0.16433671192431115
CSAPTGRAYGYTF	TRBV20-1*01	6.3e-05	0.8753931350867169
CASSLGTLEQYF	TRBV5-1*01	6.3e-05	0.4762600183899826
CASTPQPGQGNYGYTF	TRBV6-1*01	6.3e-05	0.35158877278458817
CASSEMYRISNQPQHF	TRBV6-1*01	6.3e-05	0.8741494087348776
CASSEKRPSSGNTIYF	TRBV6-1*01	6.3e-05	0.50953836862944
CAWSVGGQGSQPQHF	TRBV30*01	6.3e-05	0.460276529350545
CAWSTSRSGANVLTF	TRBV30*01	6.3e-05	0.6062205470424131
CASSIGGGGGRPQHF	TRBV19*01	6.3e-05	0.19297399736983992
CASRKGDRGTYGYTF	TRBV6-1*01	6.3e-05	0.4274315062734519
CASSLDNSRNTIYF	TRBV7-2*01	6.3e-05	0.41993156908613083
CASRWTGGNQPQHF	TRBV6-1*01	6.3e-05	0.2610369416657056
CASSLGQTGELFF	TRBV19*01	6.3e-05	0.17777528490069044
CASSIVKDHEQYF	TRBV19*01	6.3e-05	0.5765327993638264
CASSPDRDQPQHF	TRBV18*01	6.3e-05	0.18334019464601387
CASSWMGRAEQYF	TRBV11-2*01	6.3e-05	0.8175101762047561
CASSPGLTYEQYF	TRBV7-3*01	6.3e-05	0.2576547953986657
CASSPQTDYGYTF	TRBV5-1*01	6.3e-05	0.18256766170439512
CASRGTDTEAFF	TRBV28*01	6.3e-05	0.08676788104704256
CSVEASGRAWNNEQFF	TRBV29-1*01	6.3e-05	0.9189349025028882
CASSLGDRGHNGYTF	TRBV3-1*01	6.3e-05	0.5046189677996468
CASSLATASNYGYTF	TRBV5-1*01	6.3e-05	0.28329245720680746
CASSPPVGPYEQYF	TRBV18*01	6.3e-05	0.43239655772508545
CASSDTGYQPQHF	TRBV2*01	6.3e-05	0.3428874147851314
CASRGDKRYEQYF	TRBV27*01	6.3e-05	0.5329865430383098
CASEDHTDTQYF	TRBV28*01	6.3e-05	0.646350693519403
CASSFATSGSGTYEQYF	TRBV28*01	6.3e-05	0.3356537119903141
CASSIGLAGFNEQFF	TRBV19*01	6.3e-05	0.6255513971113268
CATSEREGHNEQYF	TRBV24-1*01	6.3e-05	0.5638218596763925
CATSERTADQPQHF	TRBV24-1*01	6.3e-05	0.6590235236540941
CASIRDRGRGEQYF	TRBV6-6*04	6.3e-05	0.6891733545569828
CASRLESSIYEQYF	TRBV28*01	6.3e-05	0.52662188008751
CASSHQRQSGYTF	TRBV28*01	6.3e-05	0.6262115747773022
CASSLHTLQNNSPLHF	TRBV28*01	6.3e-05	0.8535866610676069
CASSYSRVGQPQHF	TRBV28*01	6.3e-05	0.4015492609487801
CSAREGAVNEQYF	TRBV20-1*01	6.3e-05	0.9189146175317727
CAISEGTSGIYEQYF	TRBV10-3*01	6.3e-05	0.39109700004300685
CASSIDRAGMDGYTF	TRBV19*01	6.3e-05	0.6884911269513023
CASSLNRISNEQFF	TRBV11-2*01	6.3e-05	0.5338174915218358
CATSRAGRGASLLVSNQPQHF	TRBV15*02	6.3e-05	0.7626311439261432
CASSPEGDEQFF	TRBV7-2*01	6.3e-05	0.4491189027722763
CASSLYPANYGYTF	TRBV28*01	6.2e-05	0.540058330217677
CASSDEGIILSYGYTF	TRBV2*01	6.2e-05	0.9086964971445591
CASRLEGQGYSPLHF	TRBV27*01	6.2e-05	0.6023229461420517
CASRGHQAFF	TRBV2*01	6.2e-05	0.3551441956963156
CATSDAIPGQGSKGYTF	TRBV24-1*01	6.2e-05	0.8990278536191231
CASSPRGTGDYGYTF	TRBV6-6*04	6.2e-05	0.1906991132810534
CASRASGLSNQPQHF	TRBV28*01	6.2e-05	0.35570424024614156
CASGGIKGRYGYTF	TRBV28*01	6.2e-05	0.6981966373059159
CASSLTWEQYF	TRBV28*01	6.2e-05	0.49139594478910914
CASSLDDGEETQYF	TRBV5-1*01	6.2e-05	0.4979843084933786
CASGQGENTEAFF	TRBV2*01	6.2e-05	0.21188884901988808
CASRGRGYGYTF	TRBV2*01	6.2e-05	0.11985413334017482
CATSRDQFTGTYHEQYF	TRBV15*01	6.2e-05	0.8195027026586846
CATSRATGSNQPQHF	TRBV15*01	6.2e-05	0.24214710475404805
CATLPNSISNQPQHF	TRBV10-1*01	6.2e-05	0.7300568007444435
CASSPQGINEKLFF	TRBV2*01	6.2e-05	0.30667244073970695
CSVSQGGGLYEQYF	TRBV29-1*01	6.2e-05	0.46940881158653563
CARLDHVNTIYF	TRBV30*01	6.2e-05	0.8095651983121478
CASSLYRYEQYF	TRBV28*01	6.2e-05	0.18986484209479904
CASSSPRLEAFF	TRBV28*01	6.2e-05	0.7838602025443253
CASKGLVYEQYF	TRBV6-2*01	6.2e-05	0.49213559596517986
CASTPGQTSSLYGYTF	TRBV7-8*01	6.2e-05	0.5694770090011334
CASSIRGGGSNQPQHF	TRBV27*01	6.2e-05	0.15279468858628253
CAWSGFGTVSYEQYF	TRBV30*01	6.2e-05	0.8538985655861513
CASSFPFPANYGYTF	TRBV28*01	6.2e-05	0.8965549210152277
CASSLLGGGGYEQYF	TRBV28*01	6.2e-05	0.11948932710091703
CASSSGRASNQPQHF	TRBV6-5*01	6.2e-05	0.13679809018846795
CASSYFGGSSYEQYF	TRBV6-5*01	6.2e-05	0.2805732399057027
CASSSGQGVRNTIYF	TRBV7-8*01	6.2e-05	0.37632317241279206
CASHRTQTNEKLFF	TRBV2*01	6.2e-05	0.7743635079731366
CSASIQGSLYEQYF	TRBV20-1*04	6.2e-05	0.9079818817939098
CASSSPTGGEGNTIYF	TRBV28*01	6.2e-05	0.3581113310442664
CASSERGGSNQPQHF	TRBV6-1*01	6.2e-05	0.11748435032985022
CAWSGTGAWQPQHF	TRBV30*01	6.2e-05	0.7416593708835573
CASSPGQFQDGYTF	TRBV18*01	6.2e-05	0.7548687547442081
CASGTSKLTHEQYF	TRBV27*01	6.2e-05	0.6529970931082513
CASSFERSGDTQYF	TRBV27*01	6.2e-05	0.39098891611087705
CASSLLGPAYEQYF	TRBV28*01	6.2e-05	0.37548213668714864
CASSRDSSPYEQYF	TRBV28*01	6.2e-05	0.4457961012259586
CASSLGEGVTEAFF	TRBV5-1*01	6.2e-05	0.2412424688581286
CSARDLAGTYEQYF	TRBV20-1*01	6.2e-05	0.8532075687748741
CATTPGQRKGYTF	TRBV6-1*01	6.2e-05	0.8814223914651186
CASSLVSPSSNSPLHF	TRBV28*01	6.2e-05	0.7324356885774408
CSARDRDGYSNQPQHF	TRBV20-1*01	6.2e-05	0.9248045325835318
CASSLRIAGDDEQYF	TRBV27*01	6.2e-05	0.7574482598064776
CASSRRETNYGYTF	TRBV6-6*04	6.2e-05	0.19344961533359362
CSAHRMNTGELFF	TRBV20-1*01	6.2e-05	0.8808226587389261
CAWGDRSYEQYF	TRBV30*05	6.2e-05	0.7475026398098541
CASTRFTGHTEAFF	TRBV27*01	6.2e-05	0.7847131851787473
CAISESLTGTTNYGYTF	TRBV10-3*01	6.2e-05	0.7224913233741839
CASSPQISGGTGNTIYF	TRBV5-1*01	6.2e-05	0.5483595419884392
CASSLGTALNSPLHF	TRBV27*01	6.2e-05	0.7510362915380633
CASSLQGNSEKLFF	TRBV5-1*01	6.2e-05	0.2944246211170827
CASTLQGSTEAFF	TRBV28*01	6.2e-05	0.2403267121425982
CASSLRLRGEQYF	TRBV7-2*01	6.2e-05	0.5382721673475688
CASSQDLNQPQHF	TRBV3-1*01	6.2e-05	0.2191857587849515
CSASDGNQPQHF	TRBV20-1*02	6.2e-05	0.5181959495570906
CASSLEIPTGLSFYGYTF	TRBV27*01	6.2e-05	0.7988823074459415
CSPLGGDRASGGYTF	TRBV20-1*01	6.2e-05	0.9173114105632214
CASSQRRGNQPQHF	TRBV3-1*01	6.2e-05	0.16271597831138673
CASSLEGEQYF	TRBV5-1*01	6.2e-05	0.15736227324404914
CAWSKPGLAVYEQYF	TRBV30*01	6.2e-05	0.5799209611549694
CASSQKGRGYTF	TRBV3-1*01	6.2e-05	0.4247459395278588
CASTLGEAYQPQHF	TRBV6-1*01	6.1e-05	0.563994476322225
CASSPFVYGYTF	TRBV28*01	6.1e-05	0.3957362752200268
CASSSQGANSPLHF	TRBV27*01	6.1e-05	0.26022835003836553
CASSKTVRDTIYF	TRBV6-1*01	6.1e-05	0.8858062446686713
CASSPGEGGGYTF	TRBV6-6*05	6.1e-05	0.18818758799337587
CASSLWGGRRNQPQHF	TRBV27*01	6.1e-05	0.3527433942615467
CASNSGRRGSNQPQHF	TRBV6-1*01	6.1e-05	0.3462062975243557
CASSSPLTRPNEQFF	TRBV28*01	6.1e-05	0.8528186566572123
CATSDRGQGETQYF	TRBV24-1*01	6.1e-05	0.60237321473655
CASGTNTEAFF	TRBV30*01	6.1e-05	0.1627664941769308
CASSSGGQGIRTDYGYTF	TRBV7-9*01	6.1e-05	0.554936581276911
CASSAVTSGSRETQYF	TRBV19*01	6.1e-05	0.42293437230055525
CAISVGQGAGTEAFF	TRBV10-3*01	6.1e-05	0.5317398304708915
CASRDRQGGSYEQYF	TRBV2*01	6.1e-05	0.21238685147160824
CAWSPLELNQPQHF	TRBV30*01	6.1e-05	0.6864532904344214
CASSSDRGPYGYTF	TRBV27*01	6.1e-05	0.16312359984966926
CASFDRDRQPQHF	TRBV6-1*01	6.1e-05	0.5611587666251434
CASTRSGVEGYTF	TRBV19*01	6.1e-05	0.5280411966740329
CASSLAIPQPQHF	TRBV7-2*01	6.1e-05	0.5084537257602569
CSARDGNTEAFF	TRBV20-1*01	6.1e-05	0.666761127135172
CAWSIPGQGTIWQYF	TRBV30*01	6.1e-05	0.971271055729259
CASSISGQGRNGYTF	TRBV19*01	6.1e-05	0.6431443227030877
CASIPQGGPRYEQYF	TRBV28*01	6.1e-05	0.6693270743164408
CASSTTPGQGGGYTF	TRBV28*01	6.1e-05	0.4241631505144836
CASSETRRSVYEQYF	TRBV6-6*05	6.1e-05	0.40213286550681354
CASRSRVQTNTEAFF	TRBV6-1*01	6.1e-05	0.38361006879579906
CASRDGSRSGNTIYF	TRBV5-1*01	6.1e-05	0.5413561291495155
CASSLRDTNEKLFF	TRBV7-2*01	6.1e-05	0.2519571845039713
CSVLRDRISYGYTF	TRBV20-1*01	6.1e-05	0.9000876883390686
CASSEQGNTEAFF	TRBV2*01	6.1e-05	0.09221906945721996
CASRTDGSYEQYF	TRBV2*02	6.1e-05	0.20589755675014684
CASSLGQGDEQYF	TRBV5-1*01	6.1e-05	0.20706018987627506
CAWSEGAGELFF	TRBV30*01	6.1e-05	0.6493638957382158
CSARAGNQPQHF	TRBV20-1*01	6.1e-05	0.6100138154100615
CASSRWGGYTF	TRBV28*01	6.1e-05	0.2555449935618114
CASSSQGAPSNQPQHF	TRBV28*01	6.1e-05	0.30340099463475134
CASSPTSYYSYNEQFF	TRBV28*01	6.1e-05	0.4802669315102938
CASSDSDSSYNEQFF	TRBV6-4*01	6.1e-05	0.16121446253467428
CASSSDRMNTEAFF	TRBV28*01	6.1e-05	0.17744198136525854
CSATSTGGNQPQHF	TRBV20-1*01	6.1e-05	0.5892223195363304
CSARDPGQIYEQYF	TRBV20-1*01	6.1e-05	0.9530588730674108
CASGSGVPYEQYF	TRBV28*01	6.1e-05	0.42334480084469145
CSARGVSGGIVNEQFF	TRBV20-1*01	6.1e-05	0.964763617156568
CASTPHAQGNEQYF	TRBV28*01	6.1e-05	0.824985458798038
CASSIGAGPYEQYF	TRBV28*01	6.1e-05	0.2944582398954202
CASSPGISSYEQYF	TRBV6-6*05	6.1e-05	0.29406721177451006
CASRPGGGNTEAFF	TRBV28*01	6.1e-05	0.15062945358282398
CAIKVDMNTEAFF	TRBV10-3*01	6.1e-05	0.7948756514984446
CASSLRGPYEQYF	TRBV28*01	6.1e-05	0.17062379433850952
CASSDTPGTGSNQPQHF	TRBV28*01	6.1e-05	0.1963074767131885
CASSFPHADVSYEQYF	TRBV28*01	6.1e-05	0.7633129738240161
CASSITSTVSYEQYF	TRBV19*01	6.1e-05	0.40349098975819736
CASSVQGAANTEAFF	TRBV2*01	6.1e-05	0.14398443500344707
CASSEGSVPNSPLHF	TRBV6-1*01	6.1e-05	0.6442068683987859
CASSDSGGQEPQHF	TRBV6-4*01	6.1e-05	0.24965654040877844
CASSSLRVNYGYTF	TRBV6-6*05	6.1e-05	0.3331621173858477
CASSPTRAKNEQYF	TRBV7-2*01	6.1e-05	0.685326833573386
CASRPGTSLYEQYF	TRBV28*01	6.1e-05	0.7063755622388886
CASSSRVGEAFF	TRBV28*01	6.1e-05	0.31451757698264377
CASSELGNSNQPQHF	TRBV6-1*01	6.1e-05	0.20507955012787946
CSAAEGAANYGYTF	TRBV20-1*01	6.1e-05	0.600689712635171
CASSFSGIYEQYF	TRBV11-2*01	6.1e-05	0.2809207029189244
CASSESDREKFHF	TRBV6-1*01	6.1e-05	0.6008632925058965
CASSLTVGHEQYF	TRBV5-5*01	6.1e-05	0.4631519487265513
CASSAMYEQYF	TRBV2*01	6.1e-05	0.15740955799316575
CASLGQRYSNQPQHF	TRBV6-2*01	6.1e-05	0.5138348631330639
CSARTGRVGPQHF	TRBV20-1*01	6.1e-05	0.9296571505338552
CSAIRGFIGYTF	TRBV20-1*02	6.1e-05	0.9509402019355423
CASSRGGLGSYEQYF	TRBV2*02	6.1e-05	0.1923836115773909
CASSLRGNQPQHF	TRBV7-6*01	6.1e-05	0.09522152154479091
CASSEKQARNQPQHF	TRBV6-1*01	6e-05	0.7386499050315237
CASSYAGSPYEQYF	TRBV6-2*01	6e-05	0.4835688649736942
CASRTSSYEQYF	TRBV27*01	6e-05	0.16731185258169393
CSAQGAGNTIYF	TRBV20-1*01	6e-05	0.7677977523856799
CASSLSDEQFF	TRBV28*01	6e-05	0.24732767934143765
CSARGGADTYGYTF	TRBV20-1*01	6e-05	0.7941502314808955
CASSEMGASLYF	TRBV6-1*01	6e-05	0.9086776639660001
CASSFSIGTGVYEQYF	TRBV6-2*01	6e-05	0.4248071660974439
CASSEISGVNQPQHF	TRBV2*03	6e-05	0.3898570713732636
CASSGGISNQPQHF	TRBV19*01	6e-05	0.18209331534570786
CASLLQGWDYGYTF	TRBV28*01	6e-05	0.6405807855017709
CASSAGIVYEQYF	TRBV2*01	6e-05	0.4415217757323807
CAWSVSVEQYF	TRBV30*01	6e-05	0.6796286810592216
CASSPRRLAETYNEQFF	TRBV27*01	6e-05	0.7006033811727832
CASSQDRGEPLNEQYF	TRBV19*01	6e-05	0.7644984303756126
CASSFNRGEGNYGYTF	TRBV5-1*01	6e-05	0.26509279840390915
CAWSGGTGSNQPQHF	TRBV30*01	6e-05	0.3039733833418795
CASSLDRANYGYTF	TRBV18*01	6e-05	0.18680300492032917
CASSNLWSQPQHF	TRBV27*01	6e-05	0.6747535046701502
CASSLTALGTYEQYF	TRBV28*01	6e-05	0.5961368050799718
CASSDSGTGGYEQYF	TRBV11-2*01	6e-05	0.11633820755866976
CASTRGQPNTEAFF	TRBV28*01	6e-05	0.4274342340955281
CASSLSRSYNEQFF	TRBV27*01	6e-05	0.2071165448505703
CASSPDRPLGEQYF	TRBV6-6*04	6e-05	0.8292034941935644
CASSSSYEGGYTF	TRBV5-1*01	6e-05	0.15318161666108962
CASSLNRGEGYTF	TRBV5-1*01	6e-05	0.24134285790417692
CASIERDRSSVDEQYF	TRBV28*01	6e-05	0.6216087884778555
CASSPRTSGSSYEQYF	TRBV6-6*04	6e-05	0.20389808607168539
CSALVAGDGQNEQFF	TRBV20-1*01	6e-05	0.9243906007163069
CATVEGGVGNTIYF	TRBV6-1*01	6e-05	0.34939154056085636
CASSYTTANYGYTF	TRBV6-5*01	6e-05	0.4475488017670707
CASSLAGSYEQYF	TRBV27*01	6e-05	0.09363440981942182
CASGSLNTIYF	TRBV28*01	6e-05	0.4541992113751038
CASSTPSTARYNSPLHF	TRBV28*01	6e-05	0.8386951805395343
CASSPVLAGPSYEQYF	TRBV27*01	6e-05	0.5026216192206991
CASRTRTGGNQPQHF	TRBV28*01	6e-05	0.223127714048439
CASSLSPTDYGYTF	TRBV7-2*04	6e-05	0.41529595831465543
CASSNGQANYGYTF	TRBV3-1*01	6e-05	0.29422296780376245
CSSETRSIDEQYF	TRBV20-1*01	6e-05	0.7881113699569573
CASSWGYEQYF	TRBV19*01	6e-05	0.1504139829832416
CASSPARGRHSYEQYF	TRBV18*01	6e-05	0.5739843483943082
CASSFLRTGYNEQFF	TRBV6-2*01	6e-05	0.5925657412354344
CASSLPGRDTGELFF	TRBV28*01	6e-05	0.3722943199602548
CAWSTGTGIEEQYF	TRBV30*01	6e-05	0.6461641924903524
CASSQTPRWEGYTF	TRBV28*01	6e-05	0.9366266802948733
CASRLRDTNGYTF	TRBV2*02	6e-05	0.6108329456560049
CASSPAPGQTYEQYF	TRBV4-1*01	6e-05	0.4559975605546413
CASSDSTGNGYTF	TRBV6-5*01	6e-05	0.27328129369924564
CSAPTDSYGYTF	TRBV20-1*01	5.9e-05	0.7072496604285353
CASSPRGLPPYGYTF	TRBV4-1*01	5.9e-05	0.7650119835336722
CASSLSMGYEQYF	TRBV27*01	5.9e-05	0.17714365763534318
CASSLSSVAGIGYEQYF	TRBV27*01	5.9e-05	0.4969954330775411
CASSYVGTVGSSQPQHF	TRBV6-2*01	5.9e-05	0.6090473744147613
CASTSPGGAGGNTIYF	TRBV28*01	5.9e-05	0.2547683938954225
CASSLILAGSYNEQFF	TRBV28*01	5.9e-05	0.41597122660081975
CAWSLGQGRQPQHF	TRBV30*01	5.9e-05	0.6848201150992891
CASSFSASSYEQYF	TRBV27*01	5.9e-05	0.28824364729144886
CASSSQPNYGYTF	TRBV11-1*01	5.9e-05	0.17050687018516594
CASSYSKGLADSYEQYF	TRBV6-5*01	5.9e-05	0.4557305720831971
CASTRFLPYNSPLHF	TRBV6-1*01	5.9e-05	0.9270793239808526
CASSLTGIYSPLHF	TRBV18*01	5.9e-05	0.6510639256696994
CASTQTGLNTEAFF	TRBV2*01	5.9e-05	0.314153288537074
CASSFQGFGYGYTF	TRBV6-5*01	5.9e-05	0.30157276499716384
CSARSGTIYEQYF	TRBV20-1*01	5.9e-05	0.8698515135173924
CASSFGAGPRYF	TRBV28*01	5.9e-05	0.4230269531485946
CASSQGSEAFF	TRBV27*01	5.9e-05	0.10347668121510283
CAWSVRVGTGYNQPQHF	TRBV30*01	5.9e-05	0.7943583807685017
CASSDAEVSSYNSPLHF	TRBV6-1*01	5.9e-05	0.49659262098235923
CASSPTVGRDQPQHF	TRBV18*01	5.9e-05	0.5563712004878563
CASSLGSGGNSPLHF	TRBV27*01	5.9e-05	0.21387947034921556
CASSLPGLEAYEQYF	TRBV28*01	5.9e-05	0.35039214300789073
CASSFWGETYEQYF	TRBV27*01	5.9e-05	0.7079613266770699
CASSYPGGTTEAFF	TRBV6-2*01	5.9e-05	0.4007544120970153
CASSDRAGRPEAFF	TRBV2*01	5.9e-05	0.7604385244672313
CASSPIWGNTEAFF	TRBV27*01	5.9e-05	0.5106247462702029
CASSLNPHGEQYF	TRBV27*01	5.9e-05	0.6916596680690253
CASSSGQGAGYTF	TRBV7-9*04	5.9e-05	0.11550069874874364
CASSRQVDTEAFF	TRBV6-4*01	5.9e-05	0.3978860892741507
CASSSPDTSYTF	TRBV6-2*01	5.9e-05	0.18522191354119655
CASSRQGTEQYF	TRBV6-2*01	5.9e-05	0.256621829068735
CASSLLRDIYF	TRBV7-9*01	5.9e-05	0.7460660524001019
CASSFVADLYSNQPQHF	TRBV28*01	5.9e-05	0.7926389756424873
CAWRGQGNQPQHF	TRBV30*01	5.9e-05	0.3487388625153215
CASSGTPYNEQFF	TRBV6-6*05	5.9e-05	0.34624828384102424
CASSDWEGYTF	TRBV28*01	5.9e-05	0.20692761736954515
CASSERIFFDRGAGSSHEQYF	TRBV6-1*01	5.9e-05	0.9778649438088365
CASSEKGGTGKLDEQFF	TRBV25-1*01	5.9e-05	0.907417571616459
CASSRPRTGANTEAFF	TRBV6-6*04	5.9e-05	0.29583123198229677
CASSEAGQGASYEQYF	TRBV2*01	5.9e-05	0.17571253007744464
CASSLDTGSPPLEQYF	TRBV5-1*01	5.9e-05	0.8681243701913626
CAWSVGLAGVYEQYF	TRBV30*01	5.9e-05	0.5353875057242309
CASSPFDSPGNTIYF	TRBV18*01	5.9e-05	0.6518711286194832
CASSLRGAVWDTIYF	TRBV27*01	5.9e-05	0.8432982330348929
CASTLLAGVYEQYF	TRBV28*01	5.9e-05	0.3848381454709159
CASSSSQGAEGYTF	TRBV28*01	5.9e-05	0.2137620002571883
CASSYNTANSPLHF	TRBV7-3*01	5.9e-05	0.7425867302207679
CAWSGQLNTEAFF	TRBV30*01	5.9e-05	0.6508686802477446
CASSGGANSPLHF	TRBV18*01	5.9e-05	0.21596343019284261
CASMGTGNQPQHF	TRBV2*01	5.9e-05	0.3419511608440706
CASSPGVGGEQYF	TRBV28*01	5.9e-05	0.23486987151901118
CASSREENYGYTF	TRBV4-1*01	5.9e-05	0.17042799543434325
CATAQGGELFF	TRBV2*01	5.9e-05	0.5726191108005939
CASRMELEAFF	TRBV27*01	5.9e-05	0.6377406509034547
CASRGAGELFF	TRBV27*01	5.9e-05	0.15230285922297448
CASSQDLTGVILEQYF	TRBV3-1*01	5.9e-05	0.8786367942936079
CASSPGGSLSYEQYF	TRBV28*01	5.9e-05	0.5470789255602763
CASSLLGDSYEQYF	TRBV28*01	5.9e-05	0.16456128189969244
CASSDSPTSGEQYF	TRBV11-2*01	5.9e-05	0.40566599575502493
CASSSYRVYGYTF	TRBV19*01	5.9e-05	0.34611676080230297
CASSRQGVEYF	TRBV6-6*04	5.9e-05	0.596968571376137
CSARDTRENNYGYTF	TRBV20-1*01	5.9e-05	0.8644068634216993
CASSLAREGGGYTF	TRBV7-2*01	5.9e-05	0.3837355388364854
CASSFGWNTEAFF	TRBV28*01	5.9e-05	0.27246378635672713
CASSMGTALIQYF	TRBV2*01	5.9e-05	0.7574590569236619
CALSGGEVQYF	TRBV6-1*01	5.9e-05	0.5066708875392385
CASSQDRAGEYSNQPQHF	TRBV4-2*01	5.9e-05	0.21119605970419958
CASSFGTPAIPNQPQHF	TRBV7-2*01	5.9e-05	0.9148253747781381
CASSSGDAAWYGYTF	TRBV19*01	5.9e-05	0.7141908540534798
CASSTSTGGNEQFF	TRBV28*01	5.9e-05	0.2430528180981664
CAGTGDSYEQYF	TRBV2*01	5.9e-05	0.27502080332040807
CASSPTPGVDTEAFF	TRBV18*01	5.9e-05	0.562531104723877
CASSSGQFYEQYF	TRBV5-1*01	5.9e-05	0.3292190547284727
CASPGQISKPQHF	TRBV5-1*01	5.8e-05	0.6713568208063942
CASSSPLAGTNYGYTF	TRBV27*01	5.8e-05	0.23076685854431395
CASSLEGMGNSGYTF	TRBV5-1*01	5.8e-05	0.3086494513366217
CASSLGQGSSYEQYF	TRBV27*01	5.8e-05	0.1512052986336192
CATRQGSGNTIYF	TRBV6-1*01	5.8e-05	0.32723441588152263
CASSLHDRVEQYF	TRBV27*01	5.8e-05	0.6723343647686899
CASSAGTAFYNSPLHF	TRBV6-6*05	5.8e-05	0.9115610563511118
CSARAIGTGDHNEQFF	TRBV20-1*01	5.8e-05	0.887881796201238
CASSFTRQGIGGYTF	TRBV28*01	5.8e-05	0.7961867720282547
CASNFPGQGSYEQYF	TRBV28*01	5.8e-05	0.4206289689737796
CASSFLQGFLNGQYF	TRBV5-1*01	5.8e-05	0.9079993701122909
CASSLDFSYNEQFF	TRBV27*01	5.8e-05	0.35126209768844685
CASSLHRGRGYTF	TRBV27*01	5.8e-05	0.5482489555147894
CASSQNRDRGYTF	TRBV2*01	5.8e-05	0.2334325832066566
CASSDPGQSARAYEQYF	TRBV6-1*01	5.8e-05	0.6712914965728942
CASSEAPGTNSPLHF	TRBV2*01	5.8e-05	0.36207883973299515
CASSRQGRYSPLHF	TRBV28*01	5.8e-05	0.642223305812534
CASKVGQGADEQYF	TRBV6-1*01	5.8e-05	0.6649241978432038
CASSLGQSYEQYF	TRBV28*01	5.8e-05	0.13573437405914948
CAWKEGAAEAFF	TRBV30*01	5.8e-05	0.8107444935356807
CASSVTGGASNQPQHF	TRBV7-8*01	5.8e-05	0.16785312672159292
CASRTSGIFYNSPLHF	TRBV27*01	5.8e-05	0.9064530245777235
CASSQVNRGINYGYTF	TRBV4-1*01	5.8e-05	0.8113577845214174
CASSYVRTGRTEAFF	TRBV6-5*01	5.8e-05	0.6714140118797568
CASSPYASSDQPQHF	TRBV28*01	5.8e-05	0.6258743568149333
CASQTDRGRYEQYF	TRBV6-1*01	5.8e-05	0.4610652806297804
CASSFLAGSYEQYF	TRBV27*01	5.8e-05	0.2129916567229101
CASSLGTGGHGYTF	TRBV4-1*01	5.8e-05	0.24954313715229579
CSARDGGDRNEQYF	TRBV20-1*01	5.8e-05	0.8143009737820297
CASSTDNYGTIYF	TRBV6-6*03	5.8e-05	0.7951312448114859
CASSYRENTEAFF	TRBV28*01	5.8e-05	0.1827725896507752
CSAFRGFEPQHF	TRBV20-1*01	5.8e-05	0.9416446880186737
CASSLDLAGTYNEQFF	TRBV28*01	5.8e-05	0.33261103859167435
CASSLMALQGLYEQYF	TRBV28*01	5.8e-05	0.3223385992312725
CAIKGDFGPGNTIYF	TRBV10-3*01	5.8e-05	0.6969967334426886
CASSLVSGANSPLHF	TRBV7-9*01	5.8e-05	0.387062512313152
CASSLGGGTSYEQYF	TRBV5-1*01	5.8e-05	0.1507967491832486
CSAVLGYGLNQPQHF	TRBV20-1*04	5.8e-05	0.8213068339883227
CAWSSLAGTYEQYF	TRBV30*01	5.8e-05	0.32425997797767586
CASSPAEPNQPQHF	TRBV28*01	5.8e-05	0.459927108592106
CASSLSSLSTEAFF	TRBV7-2*01	5.8e-05	0.44261009821006564
CSASAGANNQPQHF	TRBV20-1*02	5.8e-05	0.6703403969458287
CASSSTGVTEAFF	TRBV28*01	5.8e-05	0.17722372489079954
CASSLAGVTEQYF	TRBV5-1*01	5.8e-05	0.33626720761863327
CASSPPGLAGILGYEQYF	TRBV6-6*04	5.8e-05	0.689056667491805
CAIGSGTSGSYEQYF	TRBV10-3*01	5.8e-05	0.46233179753221376
CATSRGGQGNTEAFF	TRBV15*01	5.8e-05	0.1556862271817197
CASTPKPQGIYGYTF	TRBV3-1*01	5.8e-05	0.8689301032127468
CASSENRDRTGELFF	TRBV6-1*01	5.8e-05	0.23669598572600326
CASSFRGDRYNEQFF	TRBV7-8*01	5.8e-05	0.5082611783393961
CASSLGTFSTDTQYF	TRBV5-1*01	5.8e-05	0.4744427804994475
CAWSDGQGHQPQHF	TRBV30*01	5.8e-05	0.6323621176926361
CASAEGHMDTEAFF	TRBV5-8*01	5.8e-05	0.48864089973612923
CASSLDRGNQPQHF	TRBV27*01	5.8e-05	0.13407117459561077
CASSQSSGNTIYF	TRBV18*01	5.8e-05	0.1272937334520565
CASSTRVNTEAFF	TRBV27*01	5.8e-05	0.24910942338907985
CSASPYSYGYTF	TRBV20-1*02	5.8e-05	0.7763934673445161
CSAKQGSRGYTF	TRBV20-1*01	5.8e-05	0.9596859441525576
CASSSPPGTGRNEQFF	TRBV18*01	5.8e-05	0.6164378205355358
CASSSPWRTSSYEQYF	TRBV11-3*01	5.8e-05	0.6968298403995531
CASSLWSSGKGEQYF	TRBV28*01	5.8e-05	0.5003367624667682
CASSLNGWGSGGYTF	TRBV7-2*01	5.8e-05	0.7439246016660714
CASSIVARGYGYTF	TRBV19*01	5.8e-05	0.690040932814935
CASRDPLQGPLHF	TRBV6-1*01	5.8e-05	0.9102677343783098
CSASGYSNQPQHF	TRBV20-1*02	5.8e-05	0.7783772009491812
CASAGADYGYTF	TRBV27*01	5.8e-05	0.17352674237694105
CASSPPNQPQHF	TRBV18*01	5.8e-05	0.15558026590406915
CASRGSRYEQYF	TRBV28*01	5.8e-05	0.19808869509103275
CAWSGDRSRRDNQPQHF	TRBV30*01	5.8e-05	0.8287816472456756
CASSGGVPGPEKLFF	TRBV19*01	5.8e-05	0.47766004045408095
CASTIEAGGLEQYF	TRBV2*02	5.8e-05	0.7435547620750714
CASSFAGSFYEQYF	TRBV27*01	5.8e-05	0.4324565219800332
CASSLKGNYGYTF	TRBV11-3*01	5.8e-05	0.2597443510209807
CASSDSFYEQYF	TRBV5-1*01	5.8e-05	0.1677039703218569
CSASGRSYEQYF	TRBV20-1*02	5.8e-05	0.6162533538804749
CASSSPPDMVVNQPQHF	TRBV28*01	5.8e-05	0.8264603836373543
CAWSVRSGLSGNTIYF	TRBV30*01	5.8e-05	0.7078978325448788
CASSLRRGSSEQYF	TRBV7-6*01	5.8e-05	0.32696522073491474
CSATTGRSGNTIYF	TRBV20-1*04	5.8e-05	0.7491516474078684
CASSPSRTKKGYNEQFF	TRBV27*01	5.8e-05	0.9050027732631001
CASSESEGVTYEQYF	TRBV25-1*01	5.8e-05	0.3344031514886884
CASSRRGRDFSYEQYF	TRBV27*01	5.8e-05	0.41752266939287846
CASRQGLRSYEQYF	TRBV4-1*01	5.8e-05	0.4040790703952779
CASSLDKDYSYEQYF	TRBV11-2*01	5.7e-05	0.3869674048509535
CAWGTGPHEQYF	TRBV30*05	5.7e-05	0.7477873140811246
CASSSTGSGYGNQPQHF	TRBV28*01	5.7e-05	0.25868009410101617
CSATNRQESSYEQYF	TRBV20-1*01	5.7e-05	0.8506989223177691
CASSPDGQTNGYTF	TRBV2*01	5.7e-05	0.44522760002614975
CASIQDRLNSPLHF	TRBV28*01	5.7e-05	0.7983348674144166
CSARDLGQGSLYGYTF	TRBV20-1*01	5.7e-05	0.9241278291527718
CASHSDRANNQPQHF	TRBV28*01	5.7e-05	0.4647851607459026
CATATGDRNQPQHF	TRBV24-1*01	5.7e-05	0.43774159409852825
CASSVTGANTEAFF	TRBV28*01	5.7e-05	0.13298078765749158
CASRAGTSEYEQYF	TRBV2*01	5.7e-05	0.33374650772912534
CASSLGTPYEQYF	TRBV28*01	5.7e-05	0.2528220586764831
CASSLGGTYEQYF	TRBV11-3*02	5.7e-05	0.09443344996619477
CSARGGEHSGYTF	TRBV20-1*01	5.7e-05	0.9489677663178042
CASSLYYEQYF	TRBV7-2*01	5.7e-05	0.15593395533172688
CAWRDLRGVPGANVLTF	TRBV30*01	5.7e-05	0.9562355330122746
CASNLDRVFYNSPLHF	TRBV2*01	5.7e-05	0.950192249099448
CASSFSPGQTIYEQYF	TRBV5-1*01	5.7e-05	0.7835026863313543
CASSLIPTSPYEQYF	TRBV28*01	5.7e-05	0.7210097379556708
CASSPTRWSGNTIYF	TRBV11-2*01	5.7e-05	0.6236915863433005
CASNRHSGGNQPQHF	TRBV6-1*01	5.7e-05	0.2630341001167422
CASSIGAGVSEQYF	TRBV19*01	5.7e-05	0.422997420958066
CASSPRTVTYEQYF	TRBV6-2*01	5.7e-05	0.4195163668380556
CAWSSYGAYEQYF	TRBV30*01	5.7e-05	0.4053354252052266
CASSLGYEQYF	TRBV28*01	5.7e-05	0.08341791005071272
CATSRGPPGDYGYTF	TRBV15*01	5.7e-05	0.5965357795982426
CASSPSVTGENEQFF	TRBV18*01	5.7e-05	0.5050588312000727
CASSYSASSSYEQYF	TRBV6-2*01	5.7e-05	0.21119741014301346
CASSLASGSFNEQFF	TRBV7-8*01	5.7e-05	0.37383477391911096
CSARDSAAGDYEQYF	TRBV20-1*01	5.7e-05	0.8067712363912537
CASSQKTGPSEQYF	TRBV18*01	5.7e-05	0.5605162429849734
CSASGGRSGTEAFF	TRBV20-1*02	5.7e-05	0.6639187331971189
CSARGTGSSYEQYF	TRBV20-1*01	5.7e-05	0.6699554062871964
CASSQGVMDGYTF	TRBV6-1*01	5.7e-05	0.6462341952077114
CASSLTVAEKLFF	TRBV18*01	5.7e-05	0.42980355750855065
CASSLGGVYGYTF	TRBV28*01	5.7e-05	0.11611255997101859
CASSLTGGTEAFF	TRBV7-8*01	5.7e-05	0.09540801037495146
CASSSGLTYEQYF	TRBV11-2*01	5.7e-05	0.16456355998285557
CASSWASPGTSNYEQYF	TRBV6-5*01	5.7e-05	0.701821707076434
CASSLKGSGWAGELFF	TRBV28*01	5.7e-05	0.8705468981637475
CATSDSGQAGNTIYF	TRBV24-1*01	5.7e-05	0.5281292594797854
CASKDRESIIEPQHF	TRBV19*01	5.7e-05	0.7780086542522308
CASSRYEGGSYEQYF	TRBV6-6*05	5.7e-05	0.250399298953201
CASRGQGSQEDGYTF	TRBV6-1*01	5.7e-05	0.6729851050015944
CASSLRDRSYEQYF	TRBV28*01	5.7e-05	0.28133927224285993
CASSGRTDEETQYF	TRBV9*01	5.7e-05	0.39689623627565024
CASSEGVEYEQYF	TRBV2*01	5.7e-05	0.22830136447773489
CASSERGTGELFF	TRBV6-1*01	5.7e-05	0.10920947919458199
CASSQGSGWEQYF	TRBV4-1*01	5.7e-05	0.46365620755228626
CASIANYGYTF	TRBV10-2*01	5.7e-05	0.42900637763761623
CSASTGTEAFF	TRBV20-1*02	5.7e-05	0.6336418640964109
CASSLVGPGTGRNYGYTF	TRBV28*01	5.7e-05	0.49528226473911857
CASSLNTGGMDNQPQHF	TRBV28*01	5.7e-05	0.4071345259176537
CASSYRRGRFSYEQYF	TRBV6-5*01	5.7e-05	0.8179982798363308
CASSITGGMGTGELFF	TRBV6-6*03	5.7e-05	0.5728058848488072
CASSLTEAGTRYEQYF	TRBV7-2*01	5.7e-05	0.43672084768604125
CASSYAGTSSYEQYF	TRBV6-5*01	5.7e-05	0.235969086157039
CASSAPGVSYGYTF	TRBV19*01	5.7e-05	0.28415448702629004
CASGQAPSYEQCF	TRBV27*01	5.7e-05	0.9263833438379173
CASSQATYEQYF	TRBV3-1*01	5.7e-05	0.261746317862807
CASSLTSYEQYF	TRBV5-1*01	5.7e-05	0.11932829128810331
CSASSLRGGNSIIYEQYF	TRBV20-1*04	5.7e-05	0.9482100232051155
CASSWEGALLQVHGYTF	TRBV28*01	5.7e-05	0.5668422369879106
CASSPNRAVVPEAFF	TRBV7-2*01	5.7e-05	0.905752614634896
CSAKPTGGSGQPQHF	TRBV20-1*05	5.7e-05	0.839078416125399
CASSFGGWGTEAFF	TRBV28*01	5.7e-05	0.4380800518490204
CASSLSGFTAGQYF	TRBV28*01	5.7e-05	0.7940338258776787
CASSLGESTYEQYF	TRBV5-1*01	5.7e-05	0.29836298119695676
CASLDRALQPQHF	TRBV28*01	5.7e-05	0.6888966146712304
CASLRGNNEQFF	TRBV27*01	5.7e-05	0.47135540748282173
CASSYSPLAGGPYEQYF	TRBV6-5*01	5.7e-05	0.5551557519263838
CASSQRGGRWNEQYF	TRBV7-2*01	5.7e-05	0.7127266345970033
CAISSDIDYGYTF	TRBV10-3*01	5.7e-05	0.2831542727741417
CASSGVRGLNSPLHF	TRBV6-1*01	5.7e-05	0.6438232662136777
CASSEVRISGNTIYF	TRBV6-1*01	5.7e-05	0.4679698064845693
CASSEASRGPYEQYF	TRBV2*01	5.7e-05	0.33428206429426083
CSAKDRGVNTEAFF	TRBV20-1*01	5.7e-05	0.9021084320853296
CASSRWQGSSPLHF	TRBV27*01	5.7e-05	0.6798659879315561
CASSDPGQGPSSIGYTF	TRBV6-1*01	5.7e-05	0.7770798277629981
CASRGQVREQYF	TRBV6-1*01	5.7e-05	0.6864963045216681
CSAQRDRDDGYTF	TRBV20-1*01	5.6e-05	0.841970850026494
CASSLTTGGAEGYTF	TRBV5-1*01	5.6e-05	0.3975493949819815
CASSSTRDRGFYEQYF	TRBV28*01	5.6e-05	0.6066955198827035
CASSQRQGISNQPQHF	TRBV7-8*03	5.6e-05	0.4292853036446558
CASSLSQGARSGYTF	TRBV27*01	5.6e-05	0.5806750166962237
CASRDPGTDSYGYTF	TRBV6-1*01	5.6e-05	0.43109640593130166
CASRLGGSYNEQFF	TRBV6-1*01	5.6e-05	0.14098458641962955
CASSQDIRTSIRKEYF	TRBV3-1*01	5.6e-05	0.9865125646701598
CASSLPTGTNSPLHF	TRBV28*01	5.6e-05	0.37089908159098933
CAWGTYSNQPQHF	TRBV30*05	5.6e-05	0.4567252091353375
CASSYSYGYTF	TRBV6-2*01	5.6e-05	0.09445249459104811
CASSPPEGGQNLILSGNTIYF	TRBV28*01	5.6e-05	0.9805993115995311
CASSPVAGVLNYGYTF	TRBV5-1*01	5.6e-05	0.5872081502383982
CASQSTASSGNTIYF	TRBV5-1*01	5.6e-05	0.36461102444253257
CAWSVMLITYEQYF	TRBV30*01	5.6e-05	0.746289730809348
CASSTSGGTDTQYF	TRBV5-1*01	5.6e-05	0.18315084124091238
CACGKQFGQPQHF	TRBV30*05	5.6e-05	0.9763455076940074
CASKGRLNTEAFF	TRBV28*01	5.6e-05	0.3288162167350248
CASRTGAGGYTF	TRBV27*01	5.6e-05	0.19158462616656619
CASLWTGHSNQPQHF	TRBV28*01	5.6e-05	0.7262036071530483
CASSPPRQSYEQYF	TRBV18*01	5.6e-05	0.303933068225135
CASTEGGALLEAFF	TRBV6-1*01	5.6e-05	0.8371782000216234
CASSPHRIQPQHF	TRBV27*01	5.6e-05	0.7575925155903391
CASSEAGRYGYTF	TRBV6-1*01	5.6e-05	0.18213516638380117
CASSSTSGTEQYF	TRBV6-6*04	5.6e-05	0.2077418473282994
CSAGTGQGQPQHF	TRBV20-1*01	5.6e-05	0.7567084832706601
CAWGTVTYEQYF	TRBV30*05	5.6e-05	0.7149039290638598
CARDRPPTEAFF	TRBV30*01	5.6e-05	0.855664092714473
CASSLMNTEAFF	TRBV7-9*01	5.6e-05	0.1429665070101297
CASRAGGYEQYF	TRBV27*01	5.6e-05	0.14157581199959343
CSASGSLYEQYF	TRBV20-1*02	5.6e-05	0.7270613595764871
CATSRVGGAGVTDTQYF	TRBV15*02	5.6e-05	0.49931731676264557
CASSLEGSGRWGETQYF	TRBV5-1*01	5.6e-05	0.8633242048521893
CASRRSSGRYFHEQYF	TRBV6-6*04	5.6e-05	0.7973943871463641
CASSLGGSGNTIYF	TRBV7-7*01	5.6e-05	0.15016298213066345
CASSFNRGLSGYTF	TRBV27*01	5.6e-05	0.558455307329679
CASSLWDPTYEQYF	TRBV27*01	5.6e-05	0.6600415911188243
CASSYSNRDREAFF	TRBV6-5*01	5.6e-05	0.6951921491397107
CSAPGTGKNYGYTF	TRBV20-1*01	5.6e-05	0.8789612186937622
CASSPGGDYGYTF	TRBV18*01	5.6e-05	0.15405605572382786
CASPTTRNSPLHF	TRBV27*01	5.6e-05	0.6929641181093541
CSVPDGENYEQYF	TRBV20-1*01	5.6e-05	0.8062251819308944
CASQGADEQYF	TRBV6-1*01	5.6e-05	0.31755725737384555
CASSYGPDRGGGNTIYF	TRBV28*01	5.6e-05	0.6568634583862824
CASSELTVGIYNSPLHF	TRBV6-1*01	5.6e-05	0.8103567265866863
CASSLAGGPLWDEQFF	TRBV7-9*01	5.6e-05	0.8608019704850434
CASSLGENTINSPLHF	TRBV7-8*01	5.6e-05	0.704175621906368
CASSPYRDVNSPLHF	TRBV19*01	5.6e-05	0.7634643462155712
CSARDASSGTYEQYF	TRBV20-1*01	5.6e-05	0.7659221377458014
CASRAGGGNYGYTF	TRBV6-1*01	5.6e-05	0.18514812811162967
CASSYSSGANVLTF	TRBV6-5*01	5.6e-05	0.13035186621142594
CSARDLSSGNTIYF	TRBV20-1*01	5.6e-05	0.7234520198975359
CSAAQTKEGYGYTF	TRBV20-1*02	5.6e-05	0.9257696453643831
CASSQGPGIGYTF	TRBV3-1*01	5.6e-05	0.4135425455447564
CASRRTGNYGYTF	TRBV6-6*04	5.6e-05	0.17809424641796842
CAWSWGNTEAFF	TRBV30*01	5.6e-05	0.3136942107712051
CASSSGRRGYTF	TRBV27*01	5.6e-05	0.1931006798518236
CASSTQGYEQYF	TRBV27*01	5.6e-05	0.1382330278940738
CASSGDPREPQETQYF	TRBV2*01	5.6e-05	0.7295947257439321
CASGGTSGKVSGELFF	TRBV6-1*01	5.6e-05	0.8092208429187107
CATFRGGYSNQPQHF	TRBV6-1*01	5.6e-05	0.5260100504794668
CASIPGGAHDYGYTF	TRBV28*01	5.6e-05	0.6576663929385375
CASSLEGGSSGGYTF	TRBV5-1*01	5.6e-05	0.15394739941334606
CSARQGADGANVLTF	TRBV20-1*01	5.6e-05	0.7424001056329649
CASSLGGSTGELFF	TRBV18*01	5.6e-05	0.15072255814253752
CASSYATEGYEQYF	TRBV6-5*01	5.6e-05	0.5263430999433819
CASSFSGQSYEQYF	TRBV5-1*01	5.6e-05	0.2872656526032964
CSAYDPTKPYEQYF	TRBV20-1*05	5.6e-05	0.9637616379466322
CAWNWASGSPLHF	TRBV30*01	5.6e-05	0.9149226150494228
CASKDRTNYGYTF	TRBV19*01	5.6e-05	0.31242417540506817
CASRAGLTMGYTF	TRBV28*01	5.6e-05	0.6573638540969524
CASSLAVNQPQHF	TRBV5-1*01	5.6e-05	0.18559103735318203
CSVGDREIYEQYF	TRBV29-1*01	5.6e-05	0.8755663403751913
CASSRGNSPLHF	TRBV28*01	5.6e-05	0.14986699933626743
CASSFQGVQYF	TRBV28*01	5.6e-05	0.47165322020425715
CASRGGHRGLSNQPQHF	TRBV28*01	5.6e-05	0.8844200933330961
CASSLWHTRDEKLFF	TRBV7-8*01	5.6e-05	0.9633876266995177
CASSQTGFYYEQYF	TRBV14*01	5.6e-05	0.5230019339286437
CASSLGTGYEQYF	TRBV27*01	5.6e-05	0.08263323207902618
CATSSSRGGYTF	TRBV27*01	5.6e-05	0.2197057150454152
CASSLAAYGYTF	TRBV6-6*04	5.6e-05	0.12960947670790485
CSARDQRGRAGEQYF	TRBV20-1*01	5.6e-05	0.9578914087394371
CASKLKGAIYEQYF	TRBV7-3*04	5.6e-05	0.6760870419452705
CASSPRSLRRSRAYEQYF	TRBV11-2*01	5.6e-05	0.8320263356808822
CASSYPPGAAYEQYF	TRBV28*01	5.6e-05	0.42469608905728057
CASSLGQGSGNTIYF	TRBV7-8*01	5.6e-05	0.1523947645461146
CASSRTSGRGEQYF	TRBV6-6*04	5.6e-05	0.3958358381677481
CASSASGDYNEQFF	TRBV6-1*01	5.6e-05	0.12080631386940967
CASSLDSGSYEQYF	TRBV5-1*01	5.6e-05	0.15746177276215673
CASSPEDSSYEQYF	TRBV5-1*01	5.6e-05	0.3684326295717373
CASSTGDSSGNTIYF	TRBV5-1*01	5.6e-05	0.16761626701546842
CASSVGGANYGYTF	TRBV28*01	5.5e-05	0.18083919278786353
CASSSQGANYGYTF	TRBV5-1*01	5.5e-05	0.1621101737377761
CASSLGGEQYF	TRBV28*01	5.5e-05	0.14660355914079848
CASSLVGRIDQPQHF	TRBV27*01	5.5e-05	0.5709812773856525
CASSLRTGNGYTF	TRBV27*01	5.5e-05	0.38803398811664663
CASSYSPHEQYF	TRBV6-2*01	5.5e-05	0.5271673932602999
CASSLNRAQYF	TRBV7-9*01	5.5e-05	0.5745584486053384
CASRQGSGYTF	TRBV28*01	5.5e-05	0.15606259507340614
CASSLRGQGWTSGGTDTQYF	TRBV5-1*01	5.5e-05	0.7845002594515719
CASSPYYRQGISDQPQHF	TRBV6-6*04	5.5e-05	0.9284848749522135
CASSLYLGPRVGEQFF	TRBV27*01	5.5e-05	0.9222092222135987
CASSKPGTSGYYEQYF	TRBV2*02	5.5e-05	0.26752546240693154
CASSLSGQVGQPQHF	TRBV7-8*01	5.5e-05	0.493044504716177
CASRLGLAGSYEQYF	TRBV6-6*05	5.5e-05	0.23643896548027993
CASSGSIFRYEQYF	TRBV6-1*01	5.5e-05	0.7582756661943214
CASSRTGRNQPQHF	TRBV28*01	5.5e-05	0.16655672094530966
CASRENPGQGGYTF	TRBV9*01	5.5e-05	0.7479727315208251
CASSERGWGEAFF	TRBV6-1*01	5.5e-05	0.5828544604048578
CASRLDRVTEAFF	TRBV28*01	5.5e-05	0.5191002518580495
CASSLRQGSEQYF	TRBV5-1*01	5.5e-05	0.24449342747782674
CSARRQYSYEQYF	TRBV20-1*01	5.5e-05	0.951784009952203
CAWSLLALEQYF	TRBV30*01	5.5e-05	0.8404030905150741
CSARDVGQGGSNSPLHF	TRBV20-1*01	5.5e-05	0.8926225927621244
CAWSILGTGNQPQHF	TRBV30*01	5.5e-05	0.3953291763240952
CASSEDSHSNQPQHF	TRBV6-2*01	5.5e-05	0.32155526689729375
CAWKGRISGNTIYF	TRBV30*01	5.5e-05	0.6930406092580332
CASLPGGTPYEQYF	TRBV6-1*01	5.5e-05	0.6954911883293956
CASSSRTGSYGYTF	TRBV28*01	5.5e-05	0.13740680727186225
CASRYQEHTYGYTF	TRBV5-1*01	5.5e-05	0.6708083494826972
CASSQGAGYEQYF	TRBV6-6*04	5.5e-05	0.11208607195382926
CASREQGGNTIYF	TRBV27*01	5.5e-05	0.178945431174477
CSARGPGSSEQYF	TRBV20-1*01	5.5e-05	0.8784168741509142
CASSFDGGEQYF	TRBV27*01	5.5e-05	0.3837239524344647
CASSDEGDTQYF	TRBV2*01	5.5e-05	0.20145039918230848
CASSEQNYGYTF	TRBV6-1*01	5.5e-05	0.13364676688505997
CATSDSKDSFNQPQHF	TRBV24-1*01	5.5e-05	0.46951889158005133
CASSYSYQGASGYTF	TRBV6-5*01	5.5e-05	0.600278370971065
CASSSTGWANYGYTF	TRBV11-2*01	5.5e-05	0.4889640815779387
CASSQDPGATYGYTF	TRBV4-1*01	5.5e-05	0.4305832286524933
CASSFRLGGNEQYF	TRBV28*01	5.5e-05	0.5086884208390895
CASSSGTDVEGYTF	TRBV6-5*01	5.5e-05	0.30344483527695126
CASSVEGAGDEQYF	TRBV27*01	5.5e-05	0.24197646662974423
CASSGYPENTEAFF	TRBV27*01	5.5e-05	0.5210901680970449
CASSFLLGTGELFF	TRBV11-2*01	5.5e-05	0.419036618560567
CASSEGHNQPQHF	TRBV6-1*01	5.5e-05	0.1684063152480719
CASSEVDFYGYTF	TRBV6-1*01	5.5e-05	0.28928469383047367
CASSQNSGNTIYF	TRBV7-2*01	5.5e-05	0.22402813475536537
CASSSGGGSPQHF	TRBV5-1*01	5.5e-05	0.2528589240579388
CSATGPLPYEQYF	TRBV20-1*01	5.5e-05	0.9612052042126066
CASSITWTGTDSPLHF	TRBV27*01	5.5e-05	0.8921437332159451
CATSDVTRGNYEQYF	TRBV24-1*01	5.5e-05	0.7835826699992456
CASTSRGRGGYGYTF	TRBV6-1*01	5.5e-05	0.21849711843162634
CASSLVHASSYEQYF	TRBV11-2*01	5.5e-05	0.38588873996620304
CASSRGRDDAEAFF	TRBV19*01	5.5e-05	0.5607448278301365
CASSPKEGGNTIYF	TRBV18*01	5.5e-05	0.2885630983389483
CASSYDQFGQPQHF	TRBV6-5*01	5.5e-05	0.5802558311102425
CASSGQGRRYGYTF	TRBV6-6*05	5.5e-05	0.43558834845530603
CAWKGQFNQPQHF	TRBV30*01	5.5e-05	0.7066040195966283
CASIRERESPLHF	TRBV2*01	5.5e-05	0.9436208506152052
CASSFEGNYGYTF	TRBV7-2*01	5.5e-05	0.12888963999084252
CASFIFDNLPPLRGYTF	TRBV6-1*01	5.5e-05	0.9859098351956298
CASSFVSGANSGNTIYF	TRBV28*01	5.5e-05	0.4753969943226198
CASSPTGTGAFFYGYTF	TRBV2*01	5.5e-05	0.7018151086350896
CASSQSDGGYQPQHF	TRBV4-2*01	5.5e-05	0.37759385603864604
CASKRAGGSNTEAFF	TRBV28*01	5.5e-05	0.2907812509902306
CASSRDRLGYEQYF	TRBV28*01	5.5e-05	0.3501930453448864
CASNSGQGSYEQYF	TRBV2*01	5.5e-05	0.2512279250095651
CSARGRTGLYEQYF	TRBV20-1*01	5.5e-05	0.9261224585442134
CASSFGANYGYTF	TRBV27*01	5.5e-05	0.18048012323927973
CASSRAGSTEAFF	TRBV6-6*05	5.5e-05	0.10880826785564567
CASSLEGNGGYTF	TRBV5-1*01	5.5e-05	0.22400799236469845
CSVIRNYGYTF	TRBV20-1*01	5.5e-05	0.6938006437937674
CASSYQSGTGSYEQYF	TRBV6-5*01	5.5e-05	0.24223772801333665
CASSQDLLTWGTEAFF	TRBV3-1*01	5.5e-05	0.8499193764797836
CSARDLARGPNEKLFF	TRBV20-1*01	5.5e-05	0.9771507419476496
CASSVIAGGPGEQYF	TRBV28*01	5.5e-05	0.6103040928873021
CSARDSGTGDREQYF	TRBV20-1*01	5.5e-05	0.9337348747426766
CAWRGVGAGNEQFF	TRBV30*01	5.5e-05	0.8563891393606093
CASSPGQFPPAQHF	TRBV28*01	5.5e-05	0.9783399995606475
CASSGLPGGYGYTF	TRBV27*01	5.5e-05	0.19215541500156597
CASSTKTGNYEQYF	TRBV6-6*03	5.5e-05	0.49905991665034477
CASRDRGLSQPQHF	TRBV6-1*01	5.5e-05	0.4465856413424581
CASRTGGGDEQYF	TRBV6-1*01	5.5e-05	0.2606822606975488
CAWSDGRSYEQYF	TRBV30*01	5.5e-05	0.6123240176017019
CAWSISSPHEQYF	TRBV30*01	5.5e-05	0.5214905688659064
CAWRADTNTEAFF	TRBV30*01	5.5e-05	0.48985675576442367
CATSDFPDYGYTF	TRBV24-1*01	5.5e-05	0.7245069392547807
CASSPGENYGYTF	TRBV5-1*01	5.5e-05	0.2718672528653078
CASRPTEYEQYF	TRBV28*01	5.5e-05	0.3366661957377133
CASSQTGVWRGSSYEQYF	TRBV7-8*03	5.5e-05	0.9470850584136181
CASSLSRTGASYEQYF	TRBV7-8*01	5.5e-05	0.15971457592656618
CASSLGQTNSGNTIYF	TRBV5-1*01	5.5e-05	0.20546382738061608
CASIRGQGANQPQHF	TRBV6-1*01	5.5e-05	0.4152992148583967
CASRTTRDNQPQHF	TRBV27*01	5.5e-05	0.6265730624665542
CASLNPGTGGYTF	TRBV28*01	5.5e-05	0.7589256189772962
CASRGSFYEQYF	TRBV28*01	5.5e-05	0.3342304152037425
CASSFPGTVNTEAFF	TRBV6-5*01	5.5e-05	0.511140424724024
CASSSTGGQNTIYF	TRBV6-6*05	5.5e-05	0.21476145082283868
CASTSPGGTGASPLHF	TRBV19*03	5.5e-05	0.7272775006991206
CASSFLPGTGDYEQYF	TRBV28*01	5.5e-05	0.31381696468973436
CASSISGRPSYEQYF	TRBV19*01	5.5e-05	0.40841246201192855
CASSPTAGGTYEQYF	TRBV7-2*01	5.5e-05	0.19424394903172312
CASSPGRTGELFF	TRBV7-3*01	5.5e-05	0.15372811916190746
CSARAGGNTGELFF	TRBV20-1*01	5.5e-05	0.8046988315422897
CASSLQGGNQPQHF	TRBV6-2*01	5.4e-05	0.0821868738772943
CASSTTVPEAFF	TRBV28*01	5.4e-05	0.8820571669394945
CASSPGNSPLHF	TRBV28*01	5.4e-05	0.1548262218634891
CASSLIARGTGIYGYTF	TRBV27*01	5.4e-05	0.7635409758772637
CASSIPGQGAIEQYF	TRBV6-2*01	5.4e-05	0.7376536267808691
CASTPGPSVQPQHF	TRBV6-2*01	5.4e-05	0.6176774044295942
CASSLAALYGYTF	TRBV28*01	5.4e-05	0.2715439728717917
CAWSVGGPGYTF	TRBV30*01	5.4e-05	0.6665760486273401
CASKYRTNNYGYTF	TRBV5-1*01	5.4e-05	0.7335651423547077
CASSEAWGPSVYGYTF	TRBV6-1*01	5.4e-05	0.6767527674938985
CATSDLGQYSYEQYF	TRBV24-1*01	5.4e-05	0.6312703488647269
CASSLGAGNYGYTF	TRBV28*01	5.4e-05	0.08200853678413465
CASSSRTAYEQYF	TRBV27*01	5.4e-05	0.3363183605510824
CASSRDGPHEQYF	TRBV28*01	5.4e-05	0.6632506718106516
CASTLGLAGSYEQYF	TRBV6-1*01	5.4e-05	0.25067967920026607
CASSLRGISYNEQFF	TRBV27*01	5.4e-05	0.4068965989594619
CASSEGAAGANVLTF	TRBV6-6*05	5.4e-05	0.11215468817923435
CAWSGTAGNSPLHF	TRBV30*01	5.4e-05	0.7540982663460601
CASSPNSVNSPLHF	TRBV18*01	5.4e-05	0.5651269921426019
CASSFASGTREQYF	TRBV27*01	5.4e-05	0.6092943081153626
CASMKGGTDTQYF	TRBV6-1*01	5.4e-05	0.6413796064370373
CASSPGGEDEQYF	TRBV28*01	5.4e-05	0.3035355640035504
CASSLSPAHGYTF	TRBV5-1*01	5.4e-05	0.6101559085713913
CAWSLLGVSNYGYTF	TRBV30*01	5.4e-05	0.5138268375528138
CAWRARTVGSYGYTF	TRBV30*01	5.4e-05	0.7850592736457959
CASSFRQGNNQPQHF	TRBV28*01	5.4e-05	0.38126815953656623
CASSLSRGSNTEAFF	TRBV27*01	5.4e-05	0.24184907728970167
CASRVRDRGLDGYTF	TRBV6-1*01	5.4e-05	0.8551943341722833
CAIARGDTKYEQYF	TRBV10-3*01	5.4e-05	0.7931905589391781
CASSMKGANQPQHF	TRBV19*01	5.4e-05	0.40446958323992865
CASSIIGPNTEAFF	TRBV19*01	5.4e-05	0.4821803003551075
CASSLRYSNQPQHF	TRBV27*01	5.4e-05	0.29906160743514937
CASSLVSGNQPQHF	TRBV7-2*01	5.4e-05	0.1501864873925768
CASSIAGVGEQYF	TRBV19*01	5.4e-05	0.4439420277795658
CASGVVSNQPQHF	TRBV2*01	5.4e-05	0.2610018297160454
CAWSAPGQYSNQPQHF	TRBV30*01	5.4e-05	0.7063190374937781
CATSDPGQPSYGYTF	TRBV24-1*01	5.4e-05	0.702230746069668
CASSLPGTKGTEAFF	TRBV28*01	5.4e-05	0.7586284386878853
CASSELGGGNQPQHF	TRBV6-1*01	5.4e-05	0.1276221493942681
CAWSVYNPGTEAFF	TRBV30*01	5.4e-05	0.9125962093524905
CASSLGLRNYGYTF	TRBV11-2*01	5.4e-05	0.30728556641445176
CASKRQGLWDGYTF	TRBV6-1*01	5.4e-05	0.9694438381352593
CASSLWTGGSEQYF	TRBV5-1*01	5.4e-05	0.47053167622331954
CASSGESTDTQYF	TRBV2*01	5.4e-05	0.1970185717776855
CASRENRDKNYNSPLHF	TRBV28*01	5.4e-05	0.6399838150884541
CASSATGSYNSPLHF	TRBV19*01	5.4e-05	0.2533424437189365
CASSPTSGRGYEQYF	TRBV18*01	5.4e-05	0.35349708096452254
CASSSRDGNTGELFF	TRBV10-1*01	5.4e-05	0.24912327105497223
CASSHSGLTYEQYF	TRBV6-6*04	5.4e-05	0.30092989654060703
CASSLDRNNQPQHF	TRBV27*01	5.4e-05	0.25956049624430166
CASSPGGGLGGYTF	TRBV6-6*05	5.4e-05	0.4012918815697414
CASSPRVSNYGYTF	TRBV4-2*01	5.4e-05	0.29230711209466603
CASSSLSSYKQYF	TRBV27*01	5.4e-05	0.33520197313240746
CASSYQGHQPQHF	TRBV6-2*01	5.4e-05	0.2387851467574269
CASSYDPQQPQHF	TRBV6-5*01	5.4e-05	0.4754329865302234
CASSPLPGGEAFF	TRBV3-1*01	5.4e-05	0.602605855510652
CAKRQGEAYEQYF	TRBV6-1*01	5.4e-05	0.5312372040981195
CASSLGQLYEQYF	TRBV5-1*01	5.4e-05	0.20813161458248214
CSVSHSNQPQHF	TRBV20-1*01	5.4e-05	0.3771280881835363
CASSYSWESSYEQYF	TRBV28*01	5.4e-05	0.6827864859845842
CASSPGNTMPHEQYF	TRBV5-1*01	5.4e-05	0.7275567599064275
CASSQEMDRLGEQYF	TRBV4-1*01	5.4e-05	0.8493379049495356
CASYNGQLAYEQYF	TRBV2*01	5.4e-05	0.6071788067535134
CASGFSGLNSPLHF	TRBV2*01	5.4e-05	0.6602037514066249
CASSLTPTGPEQYF	TRBV28*01	5.4e-05	0.6201514781451947
CASSSRGENTEAFF	TRBV2*01	5.4e-05	0.16274659494058155
CSVWRDGGYTEAFF	TRBV29-1*01	5.4e-05	0.9103645904533102
CASSPEGSYEQYF	TRBV18*01	5.4e-05	0.21899569299081972
CASVHGGVDGYTF	TRBV28*01	5.4e-05	0.8405274778864028
CASGGGPGNTIYF	TRBV18*01	5.4e-05	0.37821171311946444
CASSYSEGQPQHF	TRBV6-5*01	5.4e-05	0.15755083284250251
CASSSNTEAFF	TRBV27*01	5.4e-05	0.08724605683258586
CSARQNTEAFF	TRBV20-1*01	5.4e-05	0.6614152574700978
CAWSTGEGGNYGYTF	TRBV30*01	5.4e-05	0.47411563298199405
CASSFRDRGNYEQYF	TRBV7-8*01	5.4e-05	0.3999852615192623
CSARNPTNTEAFF	TRBV20-1*01	5.4e-05	0.8066301469254248
CASSTVTYEQYF	TRBV2*02	5.4e-05	0.1922917786512808
CASSGNYGYTF	TRBV2*01	5.4e-05	0.08601119548546389
CASSYVVSGQLNTEAFF	TRBV6-2*01	5.4e-05	0.8176564971353962
CASSLRDRGRTGELFF	TRBV28*01	5.4e-05	0.40668227335685414
CASSYSRVGAYNEQFF	TRBV6-5*01	5.4e-05	0.5517238029556445
CASSSPPGGNTEAFF	TRBV28*01	5.4e-05	0.24880858116812277
CATKVTAANEKLFF	TRBV28*01	5.4e-05	0.8899808880521018
CASSQEVKRKQFF	TRBV3-1*01	5.4e-05	0.9162831353130333
CASSPSGRKVSEQYF	TRBV18*01	5.4e-05	0.8413143004235455
CASGTVNTGELFF	TRBV27*01	5.4e-05	0.3416785148089798
CASSLRPTNEKLFF	TRBV28*01	5.4e-05	0.3768307472962851
CSARDRGDTEAFF	TRBV20-1*01	5.4e-05	0.6556957380945697
CASSPGTGGSSSYEQYF	TRBV27*01	5.3e-05	0.1740756749742067
CASSLAGVNRYEQYF	TRBV28*01	5.3e-05	0.43811145886635655
CSARRRTGRYYGYTF	TRBV20-1*01	5.3e-05	0.929297610216346
CASSVRAVDSNQPQHF	TRBV6-1*01	5.3e-05	0.7009785110215739
CASAGTLSYEQYF	TRBV6-1*01	5.3e-05	0.3561087645704013
CAWGQVAYGYTF	TRBV30*05	5.3e-05	0.6299455005368131
CAWSVRETAKTNYGYTF	TRBV30*01	5.3e-05	0.8115273930663393
CASSDPWEGANYGYTF	TRBV9*01	5.3e-05	0.5195798423354127
CASSEFTGGNQPQHF	TRBV6-1*01	5.3e-05	0.1278218158677672
CASSQSSGGGNEQFF	TRBV6-6*04	5.3e-05	0.2717100588243449
CASSVDRGLTEAFF	TRBV2*01	5.3e-05	0.2923430184515487
CASKGAEGNQPQHF	TRBV27*01	5.3e-05	0.2888487088192006
CASSWAANYGYTF	TRBV28*01	5.3e-05	0.452285255307635
CASSATGNEKLFF	TRBV28*01	5.3e-05	0.20124480461647615
CSARGMGGSGYEQYF	TRBV20-1*01	5.3e-05	0.7822906601193577
CASSLGLRDQPQHF	TRBV28*01	5.3e-05	0.37929317376299054
CASSYSRGRGEQYF	TRBV6-5*01	5.3e-05	0.32669876170350415
CATSGRAPYEQYF	TRBV15*02	5.3e-05	0.48881117809535657
CASSLTGTGGYTF	TRBV7-3*01	5.3e-05	0.15519309369140272
CASTSSNYGYTF	TRBV6-1*01	5.3e-05	0.07438479197472338
CASSLFGSEQFF	TRBV27*01	5.3e-05	0.4623914052060762
CSASNAFYEQYF	TRBV20-1*02	5.3e-05	0.7203016368510563
CASLQGNEQFF	TRBV6-1*01	5.3e-05	0.34847511888970467
CASSQAYEQYF	TRBV3-1*01	5.3e-05	0.14557957525686122
CASSNWVEQYF	TRBV5-1*01	5.3e-05	0.7661879066304826
CASSSSGGEGYYGYTF	TRBV28*01	5.3e-05	0.14858001412001076
CASSERGGASNQPQHF	TRBV6-1*01	5.3e-05	0.1608573698636669
CASSERATDPGYGYTF	TRBV6-1*01	5.3e-05	0.803665118948018
CATSDWTGDNTEAFF	TRBV24-1*01	5.3e-05	0.6516893253622676
CASSSPSEAAYEQYF	TRBV28*01	5.3e-05	0.3515334703310116
CASRAIPTSTYEQYF	TRBV7-2*01	5.3e-05	0.5331251635007891
CASSSPGAFYGYTF	TRBV6-5*01	5.3e-05	0.33839044711145705
CASSTYRATYGYTF	TRBV28*01	5.3e-05	0.5878052452859809
CASSQDNFNYGYTF	TRBV3-1*01	5.3e-05	0.27046775530879175
CASSLYPANTEAFF	TRBV5-1*01	5.3e-05	0.484322249972597
CASSSGNINEKLFF	TRBV5-1*01	5.3e-05	0.25419468213872753
CASSYVVGNTIYF	TRBV6-5*01	5.3e-05	0.3074988085265011
CASSLGFGQPQHF	TRBV11-3*01	5.3e-05	0.1602397230874282
CASKRGRGNTIYF	TRBV28*01	5.3e-05	0.24723082570984894
CASMTEDHRGDYGYTF	TRBV6-1*01	5.3e-05	0.8602390479407999
CASSYSGLAHPGELFF	TRBV6-5*01	5.3e-05	0.9323502672891267
CASSYGVPYSNQPQHF	TRBV6-5*01	5.3e-05	0.4661608115772991
CASSLSPGGNQPQHF	TRBV28*01	5.3e-05	0.25911954855508723
CASSSWTGGNTEAFF	TRBV28*01	5.3e-05	0.2167823028179245
CASSYRPGPRISYTF	TRBV6-2*01	5.3e-05	0.9372256056129938
CASRWTGGADTEAFF	TRBV28*01	5.3e-05	0.47259075328063077
CASSLGTGENSPLHF	TRBV5-1*01	5.3e-05	0.2204764099563403
CSARDETPYNSPLHF	TRBV20-1*01	5.3e-05	0.9648157922297803
CASSFPQGRSPLHF	TRBV28*01	5.3e-05	0.8340880840373431
CASSLRGGSYGYTF	TRBV11-2*01	5.3e-05	0.14192602341925759
CASSAQGAVGELFF	TRBV2*01	5.3e-05	0.4380545363053777
CASSTRTGLDEQYF	TRBV28*01	5.3e-05	0.5887435294017602
CASSQVGQTYEQYF	TRBV4-1*01	5.3e-05	0.3096989685726188
CAIMRGIGNTIYF	TRBV10-3*01	5.3e-05	0.5885285299119369
CASSVGSNQPQHF	TRBV6-1*01	5.3e-05	0.09255070611747346
CASGQVNQPQHF	TRBV7-8*01	5.3e-05	0.2507828093880312
CASSLRGHEQFF	TRBV27*01	5.3e-05	0.360100510957416
CASRENAGELFF	TRBV28*01	5.3e-05	0.49493024736929775
CASSLGTTDSGNTIYF	TRBV7-6*01	5.3e-05	0.24445441030370005
CASSILGGRPYEQYF	TRBV19*01	5.3e-05	0.3555074769918293
CASSYGSTIRYEQYF	TRBV6-5*01	5.3e-05	0.7527414188431638
CASSPGDLSPGEAFF	TRBV2*01	5.3e-05	0.840953174893538
CASSQPPTGIAEAFF	TRBV28*01	5.3e-05	0.7126787197210883
CASSQVKDSYSPLHF	TRBV3-1*01	5.3e-05	0.6748781664213916
CASSLSLQYYGYTF	TRBV6-5*01	5.3e-05	0.3704620397267387
CAWSFNRVGEAFF	TRBV30*01	5.3e-05	0.7907843988383801
CASSLSAWNIQYF	TRBV27*01	5.3e-05	0.7535172045254273
CASSELRANGYTF	TRBV2*03	5.3e-05	0.5620955021036697
CASSGRDGTIYF	TRBV5-1*01	5.3e-05	0.8809996915283075
CASSPFGPTNEKLFF	TRBV6-2*01	5.3e-05	0.5814542766566777
CASSEVAGAAYEQYF	TRBV6-1*01	5.3e-05	0.3082633044941245
CSARDGAGATYEQYF	TRBV20-1*01	5.3e-05	0.8409857146197985
CATSGTGKSQPQHF	TRBV15*02	5.3e-05	0.5320057037104641
CASSARDSNQPQHF	TRBV19*01	5.3e-05	0.14851846624446663
CASSLGVSGNTIYF	TRBV27*01	5.3e-05	0.13425539142669635
CASSPTGRKYGYTF	TRBV3-1*01	5.3e-05	0.4966267672858604
CATSRGTGEGYTF	TRBV15*01	5.3e-05	0.3521895429201336
CASSDTGSGELFF	TRBV2*01	5.3e-05	0.1364304558497725
CASSSQVLNEQFF	TRBV11-2*01	5.3e-05	0.6550901955035147
CASSQDSNQPQHF	TRBV3-1*01	5.3e-05	0.14395230462948047
CASSFGGPRSEAFF	TRBV28*01	5.3e-05	0.7692976769808145
CASSLERAENTIYF	TRBV5-1*01	5.3e-05	0.35017709482887627
CASSDPTGRTEAFF	TRBV5-1*01	5.3e-05	0.4585059194171036
CSAPKTGVTDTQYF	TRBV20-1*01	5.3e-05	0.9299385510989963
CATSDRSNQPQHF	TRBV24-1*01	5.3e-05	0.2615663819987205
CASSFDRSYEQYF	TRBV7-3*01	5.3e-05	0.19228094756871997
CASSTVKLGYTF	TRBV28*01	5.3e-05	0.735346138365264
CASSLLWTSGRAYEQYF	TRBV28*01	5.3e-05	0.7180533772035095
CASSDDRVEEQYF	TRBV2*01	5.3e-05	0.7050505474056711
CASSLRNAYGYTF	TRBV11-1*01	5.3e-05	0.21996232310868347
CSAPGTSSYEQYF	TRBV20-1*01	5.3e-05	0.7238508066515438
CASSFFDEQYF	TRBV2*01	5.3e-05	0.38608738507612056
CASSSYLLRGPLSNQPQHF	TRBV7-8*01	5.3e-05	0.9400438677009031
CASSFTGQAGEQYF	TRBV6-5*01	5.3e-05	0.567384129382521
CASSQGGPRTEQYF	TRBV3-1*01	5.3e-05	0.5214082390052175
CASSPDRVSYPYGYTF	TRBV5-1*01	5.2e-05	0.719165125046317
CASSFRGSPGELFF	TRBV7-2*01	5.2e-05	0.7598531431631719
CSASREGLLYF	TRBV20-1*01	5.2e-05	0.9140535203005418
CSARDRMGPNQPQHF	TRBV20-1*01	5.2e-05	0.9051047607919029
CASHGTSGTYEQYF	TRBV27*01	5.2e-05	0.3822628598329534
CASTKRSYEQYF	TRBV6-6*01	5.2e-05	0.41354377427324496
CASSLPTVSSYNSPLHF	TRBV28*01	5.2e-05	0.5464041818071997
CASSGRVWDNQPQHF	TRBV2*01	5.2e-05	0.6092515836893917
CASSDTSGSFYEQYF	TRBV2*01	5.2e-05	0.29865702856915666
CASRSGSTNEKLFF	TRBV28*01	5.2e-05	0.21216907576952715
CSASRTGWAGELFF	TRBV20-1*02	5.2e-05	0.9483839412011213
CASSEPGHSPTGDGYTF	TRBV6-1*01	5.2e-05	0.896627337294337
CASTGGTGDNEQFF	TRBV2*01	5.2e-05	0.3841539568891618
CASSFHRTSYEQYF	TRBV28*01	5.2e-05	0.3663979309153808
CSALGMRDGVGQYF	TRBV20-1*01	5.2e-05	0.985788847939574
CAWRQGLNQPQHF	TRBV28*01	5.2e-05	0.4978505058385891
CASRQGPYEQYF	TRBV28*01	5.2e-05	0.253235979126591
CASSSRWSPLHF	TRBV6-5*01	5.2e-05	0.6925406761490877
CSAYDEAPGYTF	TRBV20-1*01	5.2e-05	0.9632778258514662
CSASGSSYEQYF	TRBV20-1*02	5.2e-05	0.4741770139517323
CASSLPGQASNNYGYTF	TRBV5-1*01	5.2e-05	0.37443721028934773
CASSPTTSGRSEQYF	TRBV18*01	5.2e-05	0.6062713564156024
CAWSLATLNEQYF	TRBV30*01	5.2e-05	0.6742861332776112
CASTYHSGYEQYF	TRBV6-1*01	5.2e-05	0.5883493558906742
CASSRTGSYEQYF	TRBV2*01	5.2e-05	0.11929229168698946
CASNLRGRTEAFF	TRBV28*01	5.2e-05	0.527443605687433
CASSLDRAYEQYF	TRBV5-1*01	5.2e-05	0.19335888283880007
CSARAKGSDEQYF	TRBV20-1*01	5.2e-05	0.9339836587991054
CASSIGYYGYTF	TRBV19*01	5.2e-05	0.19196077991982383
CASSISGNTIYF	TRBV19*01	5.2e-05	0.2594893190523182
CASKGPRTEAFF	TRBV28*01	5.2e-05	0.3527559687688766
CASSLAGQGGVGQETQYF	TRBV5-6*01	5.2e-05	0.4168581192891422
CASSLRDRGRPGELFF	TRBV7-8*03	5.2e-05	0.8074178863755291
CASSRNQGGRFNEQYF	TRBV11-2*01	5.2e-05	0.7806123794193124
CASSPPERVGNTIYF	TRBV18*01	5.2e-05	0.5849458881081294
CASSLGTSGRDEQFF	TRBV27*01	5.2e-05	0.41261821910343754
CASSTPGRPYEQYF	TRBV6-6*03	5.2e-05	0.46501481629419
CASSPPAAAYEQYF	TRBV28*01	5.2e-05	0.42937267621889913
CASTIRVGTEAFF	TRBV28*01	5.2e-05	0.5271201212195562
CASSDSAGLEQYF	TRBV6-4*01	5.2e-05	0.41115838873718785
CASSLVGNTIYF	TRBV18*01	5.2e-05	0.141613136565563
CSARRGMEPQHF	TRBV20-1*01	5.2e-05	0.8276833096906976
CSARGQEAEQYF	TRBV20-1*01	5.2e-05	0.9565367214409815
CASRGGGYVPFGYEQYF	TRBV6-1*01	5.2e-05	0.9307847515843102
CAWSAGRASYNSPLHF	TRBV30*01	5.2e-05	0.656846544125641
CAWSAYLGQDKYGYTF	TRBV30*01	5.2e-05	0.8585108895256148
CAWRVEGRLWSPLHF	TRBV30*01	5.2e-05	0.9743249871498197
CASSLPVQVYTEAFF	TRBV27*01	5.2e-05	0.6963266190134887
CASSPSGNPYNEQFF	TRBV6-6*05	5.2e-05	0.673511923871598
CASSRGGLQETQYF	TRBV18*01	5.2e-05	0.41492452937637925
CASTGYSNQPQHF	TRBV6-6*04	5.2e-05	0.2683774563710797
CASSETQGWSYTF	TRBV2*01	5.2e-05	0.6325309478291908
CSASGRAAHEQYF	TRBV20-1*02	5.2e-05	0.906721361730222
CASDRPNSPLHF	TRBV10-1*01	5.2e-05	0.4163920274072621
CASSDPQGLSGNTIYF	TRBV9*01	5.2e-05	0.44184329329396754
CASTLLAGGYNEQFF	TRBV27*01	5.2e-05	0.43117204928947256
CASSPQGRRDTEAFF	TRBV28*01	5.2e-05	0.5472451902884258
CASRGGEIANYGYTF	TRBV27*01	5.2e-05	0.3325212320034545
CASATGGARYEQYF	TRBV6-1*01	5.2e-05	0.4378288796134178
CASSSRDRTYEQYF	TRBV28*01	5.2e-05	0.31165169515014307
CASTGQLNYGYTF	TRBV19*01	5.2e-05	0.2767596401774121
CASGGGTYEQYF	TRBV10-3*01	5.2e-05	0.285882905800816
CASRSVGTEAFF	TRBV6-2*01	5.2e-05	0.16969344147994342
CASSADRFATNEKLFF	TRBV6-1*01	5.2e-05	0.6048740694510921
CASSSPTSGPSYEQYF	TRBV11-2*01	5.2e-05	0.24327808571054793
CASSFAGRTYEQYF	TRBV11-2*01	5.2e-05	0.3836715967932954
CASSVDFTSYEQYF	TRBV9*01	5.2e-05	0.41209989817134274
CASSLGSPNSPLHF	TRBV5-1*01	5.2e-05	0.36730352350914963
CASSMAPGPQHF	TRBV19*03	5.2e-05	0.3974606330250606
CASRYREGYTF	TRBV28*01	5.2e-05	0.2777298406647416
CASKKSSGAFVDTEAFF	TRBV2*01	5.2e-05	0.5820114595803293
CASSDVRQGAHEQYF	TRBV2*01	5.2e-05	0.5636444924783679
CAWSGPASTGEQYF	TRBV30*01	5.2e-05	0.7925780527554782
CASSLLVGTYEQYF	TRBV7-8*01	5.2e-05	0.2830497782265648
CAWSPGQTYGYTF	TRBV30*01	5.2e-05	0.5634161024663249
CASRPDKAYEQYF	TRBV2*01	5.2e-05	0.5939716736538937
CASRDGGSYEQYF	TRBV28*01	5.2e-05	0.1982558235066424
CASSKVLNTEAFF	TRBV5-1*01	5.2e-05	0.42095976123972795
CSAKGQEDSGYTF	TRBV20-1*01	5.2e-05	0.9265777494803058
CASSFSTGTTYEQYF	TRBV5-1*01	5.2e-05	0.22754578714700824
CASSQPGASPGEYF	TRBV28*01	5.2e-05	0.8773558267675347
CATGTEWNQPQHF	TRBV2*01	5.2e-05	0.6686391884992776
CASSLRLAGGETQYF	TRBV28*01	5.2e-05	0.36324362094224616
CASSPKDGSNSPLHF	TRBV3-1*01	5.2e-05	0.4980065630199128
CATRLTGTSYEQYF	TRBV19*01	5.1e-05	0.5290674786738405
CASSSRSGGNQPQHF	TRBV28*01	5.1e-05	0.15530299952851254
CASSFRDRAYEQYF	TRBV27*01	5.1e-05	0.5043974800497294
CASTGQGSYEQYF	TRBV19*01	5.1e-05	0.22272570750314435
CASSFQPRMEQYF	TRBV28*01	5.1e-05	0.8621710550558995
CASSHRGTGAYEQYF	TRBV28*01	5.1e-05	0.2727019526627913
CATSDLGTAYGYTF	TRBV24-1*01	5.1e-05	0.7674244654980085
CASSSSQGESYTF	TRBV5-1*01	5.1e-05	0.17173423282473785
CASSSPADRGQMETQYF	TRBV28*01	5.1e-05	0.8485504344472815
CASSVEGGAGGDYGYTF	TRBV9*01	5.1e-05	0.20238314650663525
CASSEGWDRWNTEAFF	TRBV6-1*01	5.1e-05	0.6859059636200453
CASSLQGRTGQPQHF	TRBV28*01	5.1e-05	0.2217148175395229
CAWSSGSPPYGYTF	TRBV30*01	5.1e-05	0.44838248336091774
CASSQRKGFNEQYF	TRBV3-1*01	5.1e-05	0.7201174512648423
CASSQGYRSPLHF	TRBV27*01	5.1e-05	0.6126397298498203
CSAPRTHNSPLHF	TRBV20-1*01	5.1e-05	0.9164930146903698
CATLRADYGYTF	TRBV10-3*01	5.1e-05	0.44210609369977616
CSAAGQGFGYTF	TRBV20-1*01	5.1e-05	0.7929091382935302
CATSDSDGNSNQPQHF	TRBV24-1*01	5.1e-05	0.353896984958143
CASSPRQGGPTDTQYF	TRBV9*03	5.1e-05	0.4587851179026026
CATSDSGTATYEQYF	TRBV24-1*01	5.1e-05	0.601364461684788
CASSQSLAGVNEQFF	TRBV4-2*01	5.1e-05	0.41232988437899204
CAWGNTVSNQPQHF	TRBV30*05	5.1e-05	0.7402172311515862
CASRLAGGPNEQFF	TRBV27*01	5.1e-05	0.40536841949694224
CASSPRTLVQPQHF	TRBV28*01	5.1e-05	0.7081515386771365
CASSLVLRGDEQYF	TRBV11-2*01	5.1e-05	0.7891966890147647
CASKRQGEYNEQFF	TRBV27*01	5.1e-05	0.612199398708704
CASSLDPGRANTEAFF	TRBV28*01	5.1e-05	0.5671382323011253
CAWSVRQGANSPLHF	TRBV30*01	5.1e-05	0.8136486961474321
CASSVEGRENTEAFF	TRBV9*01	5.1e-05	0.24370979768483264
CASSWAGQADYEQYF	TRBV5-1*01	5.1e-05	0.5173452306529589
CASTSFTTPYEQYF	TRBV11-3*01	5.1e-05	0.7013618481799418
CASSLETENQPQHF	TRBV28*01	5.1e-05	0.20350147556022616
CASSLAGGRVEQYF	TRBV28*01	5.1e-05	0.4651616890098052
CASSMTPSSYEQYF	TRBV6-6*03	5.1e-05	0.45563637888385944
CASSRMGANYGYTF	TRBV5-1*01	5.1e-05	0.4333854808131312
CSARDLGQAAEAFF	TRBV20-1*01	5.1e-05	0.9780565362399638
CASSFRGWTEAFF	TRBV28*01	5.1e-05	0.45260047635782813
CASSQERGNTIYF	TRBV4-2*01	5.1e-05	0.171800576879933
CASSLDVRGEQYF	TRBV5-1*01	5.1e-05	0.31713735158516543
CASSQGLEQYF	TRBV2*01	5.1e-05	0.2496983021878116
CASSRRAGPSPGQQNYGYTF	TRBV19*01	5.1e-05	0.8111338073719686
CASIFRQTGQSNYGYTF	TRBV6-1*01	5.1e-05	0.7991808369015515
CASSLWESRPSYEQYF	TRBV28*01	5.1e-05	0.6897680741781045
CASSYSRGRLSYEQYF	TRBV6-2*01	5.1e-05	0.5595029545422582
CASSMDSGGSNYGYTF	TRBV6-6*03	5.1e-05	0.1686836799578699
CASSYLPPGTSYEQYF	TRBV5-1*01	5.1e-05	0.880101682657069
CASSLRTGEGKKLFF	TRBV2*01	5.1e-05	0.7121488732926246
CASSSAGGLNQPQHF	TRBV28*01	5.1e-05	0.10995040386421284
CATSDGAPGYGYTF	TRBV24-1*01	5.1e-05	0.4621412468984233
CASSLDIGRPEQYF	TRBV6-6*05	5.1e-05	0.7710720164229043
CASSSLSSYEQYF	TRBV27*01	5.1e-05	0.13590277958283056
CSARPQGYTEAFF	TRBV20-1*01	5.1e-05	0.9146562784818058
CAGGQYTGELFF	TRBV6-1*01	5.1e-05	0.530546433052399
CASGPQGQGYTF	TRBV27*01	5.1e-05	0.5911622242677402
CAWRGPGELFF	TRBV30*01	5.1e-05	0.7784856588200197
CSVTRFYEQYF	TRBV29-1*01	5.1e-05	0.7891906599365596
CASSDSIQGELGNQPQHF	TRBV6-4*01	5.1e-05	0.5983822137895148
CASSMGTSGTGHTEAFF	TRBV19*01	5.1e-05	0.3740725113018847
CASSPWTQATNEKLFF	TRBV18*01	5.1e-05	0.6332629765883253
CASRAPGRYSNQPQHF	TRBV6-1*01	5.1e-05	0.39037506354854784
CASSLPSGRDYLVQYF	TRBV11-2*01	5.1e-05	0.79869946553641
CASRPRRTPTYNEQFF	TRBV28*01	5.1e-05	0.8335577108390219
CSARDRGFHDTGELFF	TRBV20-1*01	5.1e-05	0.9770723543919481
CASSSGTKAPGELFF	TRBV2*01	5.1e-05	0.9516065498249291
CASSLDRQRHYEQYF	TRBV11-2*01	5.1e-05	0.41023313990729054
CASSIADRGGGYTF	TRBV19*01	5.1e-05	0.6882613871451043
CASSFRPGESPLHF	TRBV28*01	5.1e-05	0.7821160667060074
CASSLRGNHQPQHF	TRBV27*01	5.1e-05	0.5633387984046736
CASNSQGPNYGYTF	TRBV18*01	5.1e-05	0.38327135458908657
CATSENSNQPQHF	TRBV24-1*01	5.1e-05	0.28997417374247275
CASSSQQGGEAFF	TRBV27*01	5.1e-05	0.27022245796147093
CASSYDTFYGYTF	TRBV6-5*01	5.1e-05	0.5439529695756256
CASSESRDQPQHF	TRBV6-1*01	5.1e-05	0.234590657017125
CAWSLLDYEQYF	TRBV30*01	5.1e-05	0.6600355190745686
CASSETNYGYTF	TRBV6-1*01	5.1e-05	0.07777535137977325
CSASIQGGEQYF	TRBV20-1*02	5.1e-05	0.8838977410819329
CSARYPSYEQYF	TRBV20-1*01	5.1e-05	0.9508057961674
CASSQVSGDSNQPQHF	TRBV4-1*01	5.1e-05	0.14658831729238492
CASSPGDGVLYEQYF	TRBV19*03	5.1e-05	0.6868793898367853
CASSHRPLMNTEAFF	TRBV18*01	5.1e-05	0.6393358900448003
CASSLATGMKEKLFF	TRBV28*01	5.1e-05	0.5844003335756988
CASSQEGRANYGYTF	TRBV4-1*01	5.1e-05	0.33552842687882367
CSASSQAVRSYEQYF	TRBV20-1*02	5.1e-05	0.9220590876541019
CSARARRGRSYEQYF	TRBV20-1*01	5.1e-05	0.9362698708497658
CASSYRSPVEQYF	TRBV28*01	5.1e-05	0.8177764726629437
CASSPGPPLAQHF	TRBV6-8*01	5.1e-05	0.8305163250462729
CASKVGNQPQHF	TRBV19*01	5.1e-05	0.21676582768655173
CASSFGTGLFSGDTQYF	TRBV28*01	5.1e-05	0.877667955764156
CASSPLDRRSSPLHF	TRBV18*01	5.1e-05	0.6148259798973108
CATSDLKTDYGYTF	TRBV24-1*01	5.1e-05	0.7054043146768213
CASSPTGSDQPQHF	TRBV6-6*04	5.1e-05	0.17196072061887288
CASSLEPGGNEQFF	TRBV11-1*01	5.1e-05	0.4273826906743679
CASSPTGPHYGYTF	TRBV7-9*04	5.1e-05	0.36474071080770276
CAGTGNRNTEAFF	TRBV6-1*01	5.1e-05	0.22893507508440827
CASSLFGAGELFF	TRBV28*01	5.1e-05	0.31163632576648326
CASSRALNTEAFF	TRBV6-6*05	5.1e-05	0.25738136919275745
CASSRTGRTEAFF	TRBV7-2*01	5.1e-05	0.20812933551390161
CASSGGLGTEAFF	TRBV28*01	5.1e-05	0.15067463458144087
CASRHRLSYEQYF	TRBV6-1*01	5.1e-05	0.563995590258668
CSPYRSGDQPQHF	TRBV20-1*01	5.1e-05	0.9463943111863238
CASKRAGGPYTGELFF	TRBV27*01	5.1e-05	0.5565119690618021
CASRTDPWPNYGYTF	TRBV5-1*01	5.1e-05	0.9103140136038579
CASSLATYEQYF	TRBV7-8*01	5.1e-05	0.1473522133726663
CSAMSSNQPQHF	TRBV20-1*05	5.1e-05	0.7451982885273966
CASSPSRWETQYF	TRBV27*01	5.1e-05	0.66490803599283
CASSLTVGGNTIYF	TRBV5-1*01	5e-05	0.21522604146387153
CAWREGRGGQETQYF	TRBV30*01	5e-05	0.8040175621182439
CASRESGHNYGYTF	TRBV6-1*01	5e-05	0.4239722289340247
CASSQDLGAGYGYTF	TRBV4-1*01	5e-05	0.2807583547875632
CASSQGQGMRSNQPQHF	TRBV4-1*01	5e-05	0.49674980450065226
CASRGLRSGYGYTF	TRBV2*01	5e-05	0.3108530505228162
CATSTGDQPQHF	TRBV24-1*01	5e-05	0.12709212664162656
CASSYSGQRPFYEQYF	TRBV6-2*01	5e-05	0.6882590596092325
CASSLAHPRTGNTIYF	TRBV7-2*01	5e-05	0.6042086134441932
CASSSTRTGTYEQYF	TRBV6-2*01	5e-05	0.2916140801371108
CASRDGLAGGDTQYF	TRBV2*01	5e-05	0.42075763545079803
CASSLDTLNYGYTF	TRBV11-2*01	5e-05	0.21273159915053924
CASRGTGRSYEQYF	TRBV11-2*01	5e-05	0.18034066173202956
CATTTGNNSPLHF	TRBV28*01	5e-05	0.4235511608440872
CASSFEDYEQYF	TRBV28*01	5e-05	0.23614938685530668
CSAGQVAYEQYF	TRBV20-1*01	5e-05	0.9072127845219282
CSARTGTGGRSGNQPQHF	TRBV20-1*01	5e-05	0.8549911722143836
CASRGRGQGFSNQPQHF	TRBV2*01	5e-05	0.577432180970105
CASSLDILAGDNEQFF	TRBV7-9*01	5e-05	0.7080431595373148
CASSEGYFSSYEQYF	TRBV5-1*01	5e-05	0.6063363196304643
CAWSVGGISYEQYF	TRBV30*01	5e-05	0.43323434880187867
CASSFRGTPYEQYF	TRBV27*01	5e-05	0.6255272013377567
CASSEDYQFYEQYF	TRBV2*01	5e-05	0.6873272067987864
CASSYRSHQPQHF	TRBV27*01	5e-05	0.4656689705563214
CASSQRESYEQYF	TRBV27*01	5e-05	0.19450030529894846
CAWSLGNYGYTF	TRBV30*01	5e-05	0.37380370245703093
CASSLDLYGYTF	TRBV7-2*01	5e-05	0.18356010478194462
CAMTDSNQPQHF	TRBV20-1*01	5e-05	0.4584383500634726
CAWSVWPVYTF	TRBV30*01	5e-05	0.9063499684635867
CASSSLDGTELWYGYTF	TRBV11-2*01	5e-05	0.8165994330132623
CASSFFSGGLTYEQYF	TRBV11-2*01	5e-05	0.6599092514391544
CASSSGQRSNQPQHF	TRBV28*01	5e-05	0.15155743383666834
CASSPRDGSYEQYF	TRBV18*01	5e-05	0.26779086568086075
CASSFWGRNSPLHF	TRBV5-1*01	5e-05	0.8403792814053599
CASTVQGGQPQHF	TRBV6-6*05	5e-05	0.129833013558906
CASSTKTGDGYTF	TRBV7-3*01	5e-05	0.6717471286623504
CSASRSMNTEAFF	TRBV20-1*02	5e-05	0.44785697633143245
CASSIPRAPQHF	TRBV28*01	5e-05	0.6325436936357601
CASSLYNQPQHF	TRBV7-2*01	5e-05	0.1977680900803718
CASSSLDRSFRNQPQHF	TRBV28*01	5e-05	0.7716869370440876
CASQKTSRYSNQPQHF	TRBV19*01	5e-05	0.6074719826775757
CASSEGDRYGSYEQYF	TRBV2*01	5e-05	0.343745772833677
CASKLRGTAGDEKLFF	TRBV2*01	5e-05	0.8141948841162313
CASSLSSRGATEAFF	TRBV27*01	5e-05	0.30102081279409837
CASSEVGVGNQPQHF	TRBV2*01	5e-05	0.16200940223330465
CASSLGGTNDREQYF	TRBV5-1*01	5e-05	0.6876966431002214
CSAVPDGISNQPQHF	TRBV20-1*01	5e-05	0.8382219622205792
CASSWNIGDTEAFF	TRBV7-2*01	5e-05	0.5590744654897318
CSALRGGRAGEQYF	TRBV20-1*01	5e-05	0.9394125427651244
CAWSVQEGREQYF	TRBV30*01	5e-05	0.8058821654838275
CATSPGEGYGYTF	TRBV24-1*01	5e-05	0.29898334744682675
CASSLKLTGELFF	TRBV7-3*01	5e-05	0.36080591861302713
CASSRGRYGYTF	TRBV11-3*01	5e-05	0.1282812847774858
CATSRDQPAGVLYNEQFF	TRBV15*01	5e-05	0.8199538837608717
CASSLASGHGTYEQYF	TRBV5-1*01	5e-05	0.43164140357697506
CSARSPPGLRNYGYTF	TRBV20-1*05	5e-05	0.9879810021766671
CASRHWDRTNYGYTF	TRBV19*03	5e-05	0.8294440439285533
CASSPGLVDLYEQYF	TRBV28*01	5e-05	0.5923139129609409
CASSSGYVSNQPQHF	TRBV6-6*05	5e-05	0.44883132302785067
CASSQGRGLGYGYTF	TRBV3-1*01	5e-05	0.35480012878806166
CASSQDPGQPYGYTF	TRBV4-2*01	5e-05	0.46887063918420363
CASNYGGADGNTIYF	TRBV2*01	5e-05	0.5924458201564234
CASSPTSGVYEQYF	TRBV18*01	5e-05	0.23317433652383945
CASMMGFGNQPQHF	TRBV28*01	5e-05	0.6901119120206598
CASSFPTDYQPQHF	TRBV28*01	5e-05	0.388634985487564
CASSEGRDGEKLFF	TRBV6-1*01	5e-05	0.37240946501525324
CSASATSRLFEAFF	TRBV20-1*01	5e-05	0.950682556212534
CSARDLGQTYGYTF	TRBV20-1*01	5e-05	0.9014891024601541
CSARESGGTGELFF	TRBV20-1*01	5e-05	0.8983791932937836
CAGAGEYNSPLHF	TRBV30*05	5e-05	0.6071086036354438
CASSPGQRNGYTF	TRBV3-1*01	5e-05	0.3801271707532573
CASSKNRLNTIYF	TRBV6-6*05	5e-05	0.4333062981520246
CSARDKLGYGYTF	TRBV20-1*01	5e-05	0.9637336411589454
CASRTDAYGYTF	TRBV10-2*01	5e-05	0.3332108764841709
CASSLARFRLGNTIYF	TRBV7-8*01	5e-05	0.829755382809429
CASTLTSGNSYEQYF	TRBV7-8*03	5e-05	0.3322246974567285
CASSQKLQGAQGYTF	TRBV2*01	5e-05	0.48156532677002023
CASSTRVSGANVLTF	TRBV28*01	5e-05	0.2727080290706478
CAWSVGGSSYEQYF	TRBV30*01	5e-05	0.26837099612615517
CASSEGRGEEKLFF	TRBV6-1*01	5e-05	0.19020143165163444
CASSFDSGPYEQYF	TRBV5-1*01	5e-05	0.40923885094319196
CASSYSGNTEAFF	TRBV6-5*01	5e-05	0.09611824611253231
CASSEGLAYEQYF	TRBV2*01	5e-05	0.19678342837175847
CASSLWGRTEAFF	TRBV7-2*01	5e-05	0.48208951559494406
CASSPGEVSGYTF	TRBV4-2*01	5e-05	0.2889609719746842
CSLLAGGTDTQYF	TRBV20-1*01	5e-05	0.6991454204298911
CASSGGNQPQHF	TRBV6-1*01	5e-05	0.08165881939549352
CASSPLVEQYF	TRBV27*01	5e-05	0.5155086002582309
CASSLKGSVKSSEAFF	TRBV11-2*01	5e-05	0.8287198946054217
CASSPSGNQPQHF	TRBV18*01	5e-05	0.12077632204765144
CASSTSRPQHF	TRBV28*01	5e-05	0.2400618786391007
CASSGRIWGSSTDTQYF	TRBV6-2*01	5e-05	0.8122969347614654
CASTPRLRGRTNYGYTF	TRBV5-1*01	5e-05	0.7457913736147584
CASSLSSGRTGEQYF	TRBV9*01	5e-05	0.26380583765361687
CASSLRGWGLDEQYF	TRBV27*01	5e-05	0.7972006105990807
CASSVGNIASGNTIYF	TRBV9*01	5e-05	0.5664515180738159
CASSFMGSASPLHF	TRBV28*01	5e-05	0.8756441166937413
CASQRDRGNSPLHF	TRBV28*01	4.9e-05	0.3797156638502325
CASSTVGQGIYEQYF	TRBV6-6*03	4.9e-05	0.3408858995440858
CASSTNRDWGPYEQYF	TRBV27*01	4.9e-05	0.7753293696774382
CASSIQASSDTQYF	TRBV19*01	4.9e-05	0.3840121011358208
CASSSTRPHQPQHF	TRBV28*01	4.9e-05	0.5615418168716002
CASSYSSQVYGYTF	TRBV6-5*01	4.9e-05	0.5144370588034208
CASSYGGLSYEQYF	TRBV6-5*01	4.9e-05	0.37423588023828736
CASSSGQGGTEAFF	TRBV28*01	4.9e-05	0.09801160178408887
CASSLKQGGYGYTF	TRBV5-1*01	4.9e-05	0.2627956218568676
CAASQGANYGYTF	TRBV6-1*01	4.9e-05	0.2581365553312627
CASCRTSSNEQFF	TRBV27*01	4.9e-05	0.693289689822055
CSASGRGTYEQYF	TRBV20-1*04	4.9e-05	0.734441458017528
CAGLTLGNTIYF	TRBV6-7*01	4.9e-05	0.552610811231983
CASSEKAGSYNEQFF	TRBV6-4*01	4.9e-05	0.4465007512337603
CASRRGQGALYEQYF	TRBV11-3*02	4.9e-05	0.4598943147030458
CASSYSGGQPYGYTF	TRBV4-1*01	4.9e-05	0.1922882793276223
CASIQGRGGYGYTF	TRBV6-1*01	4.9e-05	0.30707324366050304
CASSPAQGNYGYTF	TRBV28*01	4.9e-05	0.20200431912995223
CASSQETGSSPLHF	TRBV3-1*01	4.9e-05	0.39513182824062837
CATSDSSGTSGGLGSGELFF	TRBV24-1*01	4.9e-05	0.5804658230720693
CASSSLPGQGGVRTEAFF	TRBV28*01	4.9e-05	0.6542401848948732
CATSRDMTELNYGYTF	TRBV15*01	4.9e-05	0.8636852047570296
CASSYSRGRDNYGYTF	TRBV6-5*01	4.9e-05	0.3688165347527211
CASSPTGTGRYEQYF	TRBV6-6*04	4.9e-05	0.2946391262426915
CASSGTGGGGQPQHF	TRBV2*01	4.9e-05	0.11010661514192613
CSARLRTGTSYEQYF	TRBV20-1*01	4.9e-05	0.8856676440806591
CSARLAGERRGELFF	TRBV20-1*04	4.9e-05	0.964266300820772
CASTGGHINYGYTF	TRBV27*01	4.9e-05	0.6907994028504809
CASSLAGAAYEQYF	TRBV5-1*01	4.9e-05	0.146914393960179
CASSQDRGTDEQYF	TRBV4-1*01	4.9e-05	0.2975887891290115
CASNSGAPNYGYTF	TRBV5-1*01	4.9e-05	0.26249376767109306
CSAFHLSVNTEAFF	TRBV20-1*01	4.9e-05	0.9829637322609369
CSAPGQGNYEQYF	TRBV20-1*01	4.9e-05	0.8079558313835822
CASRGASGVQYF	TRBV7-8*01	4.9e-05	0.5824595225321331
CASRGFGTANSGNTIYF	TRBV28*01	4.9e-05	0.516547122317984
CAISESKAGWSNEQYF	TRBV10-3*01	4.9e-05	0.7177561171500757
CASTPGEPYLHYGYTF	TRBV19*01	4.9e-05	0.763220071742401
CASSFGGRGGTYEQYF	TRBV28*01	4.9e-05	0.3213343174893434
CASSSPPTGPKRPQHF	TRBV28*01	4.9e-05	0.857567923495464
CASRISRDSYSYEQYF	TRBV28*01	4.9e-05	0.7264296245193161
CASRQGKPEHSPLHF	TRBV6-1*01	4.9e-05	0.7193426054111494
CASSYRGGGNNEQFF	TRBV27*01	4.9e-05	0.36793277897346943
CASSYREGANYGYTF	TRBV6-7*01	4.9e-05	0.24528299680482465
CASSEVRSVNTEAFF	TRBV2*01	4.9e-05	0.337801474737432
CASSQADRPLPGYTF	TRBV3-1*01	4.9e-05	0.9542770293472284
CASRVIGEDNEKLFF	TRBV28*01	4.9e-05	0.7806227094311131
CASRGQGMLNQPQHF	TRBV6-1*01	4.9e-05	0.6236586551162605
CASNPGWGNTEAFF	TRBV9*01	4.9e-05	0.44648525105128917
CASSESTSGYEQYF	TRBV10-1*01	4.9e-05	0.14027545491479246
CSASMNGQGQPQHF	TRBV20-1*04	4.9e-05	0.8147181887995479
CAMGGSSGNTIYF	TRBV7-9*01	4.9e-05	0.35500116542151294
CASSLGGNTIYF	TRBV7-9*01	4.9e-05	0.0944262122796756
CSARVRDNEQFF	TRBV20-1*01	4.9e-05	0.9386633893002524
CSAYRTIEAFF	TRBV20-1*01	4.9e-05	0.9668210024398698
CASRRGLAGGRWSSYEQYF	TRBV27*01	4.9e-05	0.642556092868133
CASSLGHDRPNYGYTF	TRBV5-1*01	4.9e-05	0.47261782168955035
CASSSLSTWNTEAFF	TRBV11-2*01	4.9e-05	0.6286877228369367
CASSERRGGSYGYTF	TRBV6-1*01	4.9e-05	0.1484332055189635
CASSETGVANYGYTF	TRBV28*01	4.9e-05	0.29504675059982305
CASSMSGALWGYTF	TRBV19*01	4.9e-05	0.445862141104344
CASPVVVRGYGYTF	TRBV27*01	4.9e-05	0.9347683808123314
CASSLGGAGGELFF	TRBV28*01	4.9e-05	0.19879619687119562
CASSQWGLSYGYTF	TRBV3-1*01	4.9e-05	0.6158201176361223
CASRGRGVNTEAFF	TRBV6-2*01	4.9e-05	0.16889423062241588
CASPPASNYGYTF	TRBV28*01	4.9e-05	0.3214393413717391
CASSLDVVTEAFF	TRBV5-1*01	4.9e-05	0.44050558411043755
CSSKGDSYYEQYF	TRBV20-1*01	4.9e-05	0.7539683515222565
CSARVRVNTEAFF	TRBV20-1*01	4.9e-05	0.8893126011034121
CASSIRDYGYTF	TRBV19*01	4.9e-05	0.15016780464616522
CAWARSAGYTF	TRBV30*05	4.9e-05	0.8131549971315657
CASGTDRGLLAGGPPTDNEQFF	TRBV6-2*01	4.9e-05	0.9735602282187189
CASSVAGDKAHQINYGYTF	TRBV9*01	4.9e-05	0.6913011596275599
CASTTLVGDRGRDYGYTF	TRBV18*01	4.9e-05	0.8221803642182639
CASSLVPVWTGSGNTIYF	TRBV7-8*01	4.9e-05	0.7436973046661826
CASSLLGEGSNQPQHF	TRBV27*01	4.9e-05	0.21520300803156645
CASSNGQGAIYEQYF	TRBV19*01	4.9e-05	0.5325844763925204
CASSSGTGGYYGYTF	TRBV18*01	4.9e-05	0.14858001412001076
CASSPPWGGNTIYF	TRBV19*03	4.9e-05	0.38101957989765806
CASRDTTRWYEQYF	TRBV2*01	4.9e-05	0.8845440617103147
CASSPQGNQETQYF	TRBV4-1*01	4.9e-05	0.5137121260700692
CAWSVRGGNIQYF	TRBV30*01	4.9e-05	0.7809317333762746
CATSRDLGYEQYF	TRBV15*01	4.9e-05	0.3500123738140427
CASSPPRGHGYTF	TRBV9*03	4.9e-05	0.5786152132041212
CASSLNSGNTIYF	TRBV5-1*01	4.9e-05	0.22435195733778796
CSAPPGPNYGYTF	TRBV20-1*01	4.9e-05	0.838583451641134
CASSPTPGELFF	TRBV18*01	4.9e-05	0.41741731841110247
CSATDYEQYF	TRBV20-1*01	4.9e-05	0.6213717776937506
CASSPLRDRVPTYEQYF	TRBV19*01	4.9e-05	0.7506223399446538
CASSLRLAGSHEQYF	TRBV5-1*01	4.9e-05	0.3720986651143003
CASSSTSGATDTQYF	TRBV5-1*01	4.9e-05	0.21213223450185262
CASSIAQGWYEQYF	TRBV19*01	4.9e-05	0.47819045628602536
CASTITGDHYEQYF	TRBV28*01	4.9e-05	0.521759236213536
CASSLRRGNTEAFF	TRBV4-2*01	4.9e-05	0.19367136629507828
CASRSGTSSYEQYF	TRBV6-1*01	4.9e-05	0.18148560636135758
CASSWGTGPYEQYF	TRBV5-1*01	4.9e-05	0.3237080333051219
CASSLTQGGEQYF	TRBV11-2*01	4.9e-05	0.3149534763224125
CASSVDSNYGYTF	TRBV9*01	4.9e-05	0.1122995648272006
CASRSGGPYEQYF	TRBV2*01	4.9e-05	0.1911281900541494
CASSLGGGHGYTF	TRBV5-1*01	4.9e-05	0.23892560729216844
CAWSEGNYEQYF	TRBV30*01	4.9e-05	0.4478146496919159
CATAGTGASGGPGELFF	TRBV28*01	4.9e-05	0.7834960739840887
CASSGRQGSTYNSPLHF	TRBV6-1*01	4.9e-05	0.5877364364549135
CASSYGWDEDEKLFF	TRBV6-5*01	4.9e-05	0.9022965187243488
CASSYSPRESYEQYF	TRBV6-5*01	4.9e-05	0.6639120434538405
CASSVYDGSSYEQYF	TRBV9*01	4.9e-05	0.22551185604218507
CASSLGQRNTEAFF	TRBV28*01	4.9e-05	0.08892713171630555
CASSDGQGPEKLFF	TRBV6-1*01	4.9e-05	0.4184662922626172
CASSFGTSAENEQFF	TRBV27*01	4.9e-05	0.4352992129067225
CASRQEEEKLFF	TRBV2*01	4.9e-05	0.3061385669689698
CASSYREGQGHYEQYF	TRBV14*01	4.9e-05	0.47531271000910597
CASSEAPATNEKLFF	TRBV6-1*01	4.9e-05	0.4790148329828036
CASSTTITGELFF	TRBV19*01	4.9e-05	0.5293056565953153
CASSSGQGDEQFF	TRBV28*01	4.9e-05	0.23915821448672764
CAIKGRGNNRNTIYF	TRBV10-3*01	4.8e-05	0.8260323435575155
CSASPTANQPQHF	TRBV20-1*01	4.8e-05	0.73366273105395
CASMPLKGPYYGYTF	TRBV27*01	4.8e-05	0.9476602768575215
CASSLRPGGHLEQYF	TRBV27*01	4.8e-05	0.8210304498107145
CASSALAAGPYEQYF	TRBV6-1*01	4.8e-05	0.27201123712990816
CASSPPGQGALGEQYF	TRBV28*01	4.8e-05	0.7561789623455036
CSALDRRGNQPQHF	TRBV20-1*01	4.8e-05	0.8254101704919123
CASSLRLSEQYF	TRBV28*01	4.8e-05	0.32838783782816877
CASSPGSRGYTF	TRBV2*01	4.8e-05	0.3630267057266521
CASTPRGQWTYGYTF	TRBV19*01	4.8e-05	0.7309515239618424
CAARDPLRDTEAFF	TRBV6-1*01	4.8e-05	0.957506995808576
CASSQGLVNYGYTF	TRBV4-2*01	4.8e-05	0.2829906338686605
CASSLRTDYGYTF	TRBV7-2*01	4.8e-05	0.14164122234203383
CSARNTHYGYTF	TRBV20-1*01	4.8e-05	0.8227989582100734
CASSPDETGNNQPQHF	TRBV18*01	4.8e-05	0.21546574358119233
CASSISGTASNYGYTF	TRBV11-3*01	4.8e-05	0.3255331633976315
CASSRPSQGFYEQYF	TRBV6-6*04	4.8e-05	0.5493984768672456
CASRQQGVGNQPQHF	TRBV6-1*01	4.8e-05	0.20859391829921403
CSALKKTGGWTEAFF	TRBV20-1*01	4.8e-05	0.9730674339071596
CSARQGSYSNQPQHF	TRBV20-1*01	4.8e-05	0.8405662709210732
CASSQQGVFYEQYF	TRBV6-2*01	4.8e-05	0.5387540483521294
CASSEARRGQPQHF	TRBV2*01	4.8e-05	0.41850947404802713
CASSFSPGVGEQYF	TRBV7-2*01	4.8e-05	0.6845447487194979
CASSSRGRSGYTF	TRBV27*01	4.8e-05	0.24176449694702767
CASSHLSSYEQYF	TRBV3-1*01	4.8e-05	0.3268948544110403
CASNDGGNSPLHF	TRBV5-1*01	4.8e-05	0.2855416281123922
CATSDQNQPQHF	TRBV24-1*01	4.8e-05	0.2472400107340388
CASSLRGHTLRQPQHF	TRBV28*01	4.8e-05	0.8967374672030056
CASSSTRGLTYGYTF	TRBV11-3*01	4.8e-05	0.3055424281959034
CASSFTTGKDYGYTF	TRBV5-1*01	4.8e-05	0.51339794638264
CSARELGQGAGGYTF	TRBV20-1*01	4.8e-05	0.8780443396943916
CSARGGSTASTEAFF	TRBV20-1*01	4.8e-05	0.9103030541672982
CASSYSGNTGELFF	TRBV6-5*01	4.8e-05	0.19203246035362415
CASSLAGDPYEQYF	TRBV6-6*04	4.8e-05	0.25598252767436336
CASSSDRPTYEQYF	TRBV5-1*01	4.8e-05	0.4716561258754731
CASTDREEAEAFF	TRBV28*01	4.8e-05	0.6459387976150346
CASSPQGDTEAFF	TRBV18*01	4.8e-05	0.19134051465926494
CASTRVRTYEQYF	TRBV11-2*01	4.8e-05	0.6483329545295031
CASSYTGKGGYTF	TRBV6-5*01	4.8e-05	0.719436385042081
CASSPTGIYGYTF	TRBV28*01	4.8e-05	0.37435280328253195
CASRMTGHYGYTF	TRBV2*01	4.8e-05	0.5574802427958386
CSAGRESPLHF	TRBV20-1*01	4.8e-05	0.8970652088231796
CSASDQGTYTF	TRBV20-1*01	4.8e-05	0.6393126899026091
CASSFRRESGWYEQYF	TRBV27*01	4.8e-05	0.6764714519379618
CASSRDRSTSNYGYTF	TRBV27*01	4.8e-05	0.28103239108127864
CASSPTMQGVKGYTF	TRBV18*01	4.8e-05	0.8215706168576095
CASRTFTGGMGEQYF	TRBV2*01	4.8e-05	0.5923942966172053
CASTQLVRDADTQYF	TRBV28*01	4.8e-05	0.8703483845581991
CASSLWGGLGHGYTF	TRBV28*01	4.8e-05	0.6633887633062091
CASSARLGPGMGYTF	TRBV9*03	4.8e-05	0.7419878650414438
CATRPEEGMQPQHF	TRBV2*01	4.8e-05	0.9092877597876228
CASSSVRENYEQYF	TRBV28*01	4.8e-05	0.2967970211339887
CASSRGSEVYGYTF	TRBV11-2*01	4.8e-05	0.27486066844740686
CASSSQGTTGELFF	TRBV5-1*01	4.8e-05	0.1957683488910395
CSAPKWSSYNEQFF	TRBV20-1*01	4.8e-05	0.9402566739878627
CASSSDRYTEAFF	TRBV19*01	4.8e-05	0.2975080103781007
CASSLEIPYGYTF	TRBV4-2*01	4.8e-05	0.49636951508818483
CASSLVGDYGYTF	TRBV5-1*01	4.8e-05	0.14944659381061856
CAWSDSSYEQYF	TRBV30*01	4.8e-05	0.33871983914992243
CASSIADEQYF	TRBV28*01	4.8e-05	0.3353403765663532
CASSLLAGLIYNEQFF	TRBV28*01	4.8e-05	0.6303835484814438
CASSLRPSRYNSPLHF	TRBV28*01	4.8e-05	0.74453718494603
CASSPPGLAENYEQYF	TRBV28*01	4.8e-05	0.38664830782668325
CASSITQGPHQPQHF	TRBV19*01	4.8e-05	0.6151512714726051
CASSPRQSSNQPQHF	TRBV18*01	4.8e-05	0.2116922943454805
CASSYGGLAAYEQYF	TRBV6-5*01	4.8e-05	0.4008546076059839
CASSRVAGPSYEQYF	TRBV9*01	4.8e-05	0.4836486940173577
CASSVGDRASYGYTF	TRBV9*01	4.8e-05	0.2933050663975383
CSAEKWGTGRSGYTF	TRBV20-1*01	4.8e-05	0.9688733801424957
CATAGGSGANVLTF	TRBV2*01	4.8e-05	0.2607241230520614
CASGLRGAYYGYTF	TRBV6-5*01	4.8e-05	0.3441194769824803
CATRVGREGDEQYF	TRBV10-1*01	4.8e-05	0.8616501435817034
CASRQGNENQPQHF	TRBV5-1*01	4.8e-05	0.2580024815185338
CASSRDRDPYGYTF	TRBV5-1*01	4.8e-05	0.35988324473545313
CSARDHRGLREQYF	TRBV20-1*01	4.8e-05	0.9960763714640557
CASSEAGGGGYTF	TRBV2*01	4.8e-05	0.10554714760959048
CASSSREADTQYF	TRBV7-2*01	4.8e-05	0.2727312715204825
CASSLDRGERNF	TRBV11-2*01	4.8e-05	0.7579996332172283
CSANRNTEAFF	TRBV20-1*01	4.8e-05	0.6064048641231612
CASSEAGRGWNLGNQPQHF	TRBV6-1*01	4.8e-05	0.9076442592319934
CASSLGTLVSGNTIYF	TRBV11-2*01	4.8e-05	0.45387377199945844
CASSPVSGATNEKLFF	TRBV28*01	4.8e-05	0.3218666947515739
CASSLRDRVHNEQFF	TRBV18*01	4.8e-05	0.750667033416207
CASSPEGYTIYEQYF	TRBV18*01	4.8e-05	0.624120692832308
CASSRAGGRYNEQFF	TRBV28*01	4.8e-05	0.3385233703641568
CASSNQGFSNQPQHF	TRBV5-8*01	4.8e-05	0.4470123080671673
CSAPGLAGDSYEQYF	TRBV20-1*01	4.8e-05	0.833441193982812
CSANLGHWNTGELFF	TRBV20-1*01	4.8e-05	0.9320982349620429
CASTPGGGNYGYTF	TRBV6-6*05	4.8e-05	0.2839135433605982
CANRGTGNTYGYTF	TRBV10-3*01	4.8e-05	0.1921295832583831
CAISEARGSPLHF	TRBV10-3*01	4.8e-05	0.7063975918153629
CASSIVGNQPQHF	TRBV19*01	4.8e-05	0.15130324206335324
CASSIGRKYGYTF	TRBV19*01	4.8e-05	0.45409240055072486
CASGAGNNQPQHF	TRBV6-1*01	4.8e-05	0.24348522511293533
CASSSSNSYEQYF	TRBV5-1*01	4.8e-05	0.1440874628269666
CASSPWGDEQYF	TRBV11-3*02	4.8e-05	0.41502557523514066
CASSIRVGEQYF	TRBV11-2*01	4.8e-05	0.4056008979379509
CSATGGGNTIYF	TRBV20-1*01	4.8e-05	0.7227337236215822
CASGGGGGYTF	TRBV2*01	4.8e-05	0.196023184022466
CASRYNSGSTGNEQFF	TRBV6-5*01	4.8e-05	0.7444220984216353
CASSLQQGRTDTQYF	TRBV28*01	4.8e-05	0.47391323849291017
CASSLARQGVREQYF	TRBV7-2*04	4.8e-05	0.6762765690179863
CASSFSTGEGSPLHF	TRBV5-1*01	4.8e-05	0.41947912163919515
CASSYLANTGELFF	TRBV6-5*01	4.8e-05	0.3653986832811309
CASSGGAGNYEQYF	TRBV28*01	4.8e-05	0.14473332973537822
CASSTSSGANVLTF	TRBV28*01	4.8e-05	0.10599070696286514
CASSTVGMNTEAFF	TRBV6-6*05	4.8e-05	0.21596028136482617
CASRATGGADGYTF	TRBV2*01	4.8e-05	0.5432208492108301
CSARRGASTGELFF	TRBV20-1*01	4.8e-05	0.9233893105393398
CASSQGNSYEQYF	TRBV19*03	4.8e-05	0.3095129190701959
CASSLSENTEAFF	TRBV27*01	4.8e-05	0.10230801423506429
CASSRTGGTEAFF	TRBV3-1*01	4.8e-05	0.10255858593639108
CASPADHNQPQHF	TRBV10-1*01	4.8e-05	0.4753788924013089
CAWNIPESEAFF	TRBV30*01	4.8e-05	0.9628589354083152
CASSLNGYGYTF	TRBV11-3*01	4.8e-05	0.19624233483357362
CASSSPSGTSVYNEQFF	TRBV27*01	4.8e-05	0.5744464538508333
CATSDFGGRAENEQFF	TRBV24-1*01	4.8e-05	0.8192366412219717
CASSGLAGRHTGELFF	TRBV2*01	4.8e-05	0.4795422908332163
CASSRRDSEQFF	TRBV18*01	4.8e-05	0.3262570867993359
CASKGPGLGYTF	TRBV6-4*01	4.8e-05	0.6807844798043624
CASSQDYGTLYSPLHF	TRBV4-2*01	4.8e-05	0.931140026212711
CASSGQGRLVYEQYF	TRBV18*01	4.8e-05	0.6284847076669067
CATRGTGAQNEQFF	TRBV24-1*01	4.8e-05	0.6961405050861608
CATTKGQDTGELFF	TRBV11-3*01	4.8e-05	0.6995216436796213
CASSLTGANYGYTF	TRBV18*01	4.8e-05	0.1499038493588753
CASSEASSLQAQHF	TRBV2*01	4.8e-05	0.7127349575812766
CASSSTSRDGYTF	TRBV28*01	4.8e-05	0.50611233062801
CASSPALGQGTSYEQYF	TRBV28*01	4.8e-05	0.453087146585987
CASSARALSSYEQYF	TRBV9*03	4.8e-05	0.5222528346877712
CASSSINYEQYF	TRBV28*01	4.7e-05	0.1985617518858873
CAWSKDPGGYEQYF	TRBV30*01	4.7e-05	0.5025784219225301
CASRPGTGGEEQYF	TRBV5-1*01	4.7e-05	0.35551848439269945
CASSLGSNYGYTF	TRBV27*01	4.7e-05	0.09255575218864158
CASSYTGDYGYTF	TRBV6-5*01	4.7e-05	0.17349733849341312
CSAKTGMQPQHF	TRBV20-1*01	4.7e-05	0.7965525060890258
CAWSDTGQGHNQPQHF	TRBV30*01	4.7e-05	0.5953427254076145
CASSLIRDRGYYGYTF	TRBV3-1*01	4.7e-05	0.5080333367693161
CASSERGRVENEQYF	TRBV2*01	4.7e-05	0.6387322688978218
CASRPLRDRNQPQHF	TRBV28*01	4.7e-05	0.7962366182592504
CASSLKAGAYEQYF	TRBV27*01	4.7e-05	0.40862101478526536
CASSSGRGAYEQYF	TRBV6-5*01	4.7e-05	0.19249046794356836
CASTESSGNTIYF	TRBV18*01	4.7e-05	0.12746307466167883
CASSIGLAGDNYEQYF	TRBV19*01	4.7e-05	0.36337505706365575
CASSLWGQGDGNTIYF	TRBV28*01	4.7e-05	0.42996973984164455
CASSLTGDSNQPQHF	TRBV28*01	4.7e-05	0.12234617518176867
CASSLFSGNHEQYF	TRBV27*01	4.7e-05	0.42132654049370705
CSARGRQGNQPQHF	TRBV20-1*01	4.7e-05	0.8251150271096668
CASSLSPYNEQFF	TRBV27*01	4.7e-05	0.2726293969623412
CASSLGRFQPQHF	TRBV27*01	4.7e-05	0.20627678183024017
CASSSPGTDGYTF	TRBV28*01	4.7e-05	0.39931882262344215
CASSLGRGYGYTF	TRBV11-3*01	4.7e-05	0.08508003882746037
CASSPSTDTQYF	TRBV19*03	4.7e-05	0.20783260482686025
CSALPGNTEAFF	TRBV20-1*01	4.7e-05	0.7316893181478834
CASSGRKEQYF	TRBV19*01	4.7e-05	0.5856732280165291
CSASSGGEAFF	TRBV20-1*01	4.7e-05	0.6849019317672643
CASSQRTGTMNTEAFF	TRBV28*01	4.7e-05	0.37989905558611464
CASSEYERGSFYEQYF	TRBV6-1*01	4.7e-05	0.5657843462829071
CASSRRLAAQETQYF	TRBV27*01	4.7e-05	0.5955581904683382
CASSFPRKESYEQYF	TRBV5-1*01	4.7e-05	0.6564042677086255
CSARDPSGSGGEQYF	TRBV20-1*01	4.7e-05	0.9206226647766259
CASSLKATYNEQFF	TRBV27*01	4.7e-05	0.5502966906509005
CASSLVGTNEKLFF	TRBV7-9*01	4.7e-05	0.2037059450667626
CARQGATNEKLFF	TRBV30*01	4.7e-05	0.5139718068686696
CAISPDPNYGYTF	TRBV10-3*01	4.7e-05	0.5931173683085889
CASSLRDRGEQYF	TRBV18*01	4.7e-05	0.3690898115462103
CASSEQKNTEAFF	TRBV10-1*01	4.7e-05	0.2063396946057712
CASKEDTYEQYF	TRBV2*01	4.7e-05	0.5538770014905745
CASNRASYEQYF	TRBV10-2*01	4.7e-05	0.31732094550275747
CATSASPGQGGYEQYF	TRBV24-1*01	4.7e-05	0.43654613732391423
CASSLLMGRVKGELFF	TRBV28*01	4.7e-05	0.849429698060305
CASSTMTGGFSYEQYF	TRBV5-1*01	4.7e-05	0.6873299608445328
CAWSGSGNSVYEQYF	TRBV30*01	4.7e-05	0.6762002926926356
CASSPPEDVREGYTF	TRBV5-1*01	4.7e-05	0.8375247323137773
CASASGRSYGELFF	TRBV6-1*01	4.7e-05	0.3290301709155994
CASSLTGINSPLHF	TRBV28*01	4.7e-05	0.3629277918105839
CASSYRGLNTEAFF	TRBV6-5*01	4.7e-05	0.3057892831446933
CASSGRGRTGELFF	TRBV6-1*01	4.7e-05	0.2586781509943769
CASSLEGQRLGYTF	TRBV7-9*01	4.7e-05	0.5278129546082583
CASSFPGGYEQYF	TRBV28*01	4.7e-05	0.2646000189124257
CASSFRQTYEQYF	TRBV28*01	4.7e-05	0.40104544503050704
CSALQGGDQPQHF	TRBV20-1*01	4.7e-05	0.6833698078792688
CASSEGYTEAFF	TRBV28*01	4.7e-05	0.20792680768464997
CASSLNDRLYNSPLHF	TRBV5-1*01	4.7e-05	0.8459959039804854
CAWRGKSANTGELFF	TRBV30*01	4.7e-05	0.6998406570128424
CATSDPSGLEHEQYF	TRBV24-1*01	4.7e-05	0.6413039935308454
CASSQTREANYGYTF	TRBV4-2*01	4.7e-05	0.40468679056244855
CASSAGTANNYGYTF	TRBV10-1*01	4.7e-05	0.3349369616367019
CSAPGTSGAHYEQYF	TRBV20-1*01	4.7e-05	0.889007936934393
CAWSARDPRYEQYF	TRBV30*01	4.7e-05	0.7742410318938847
CAISETGGNTEAFF	TRBV10-3*01	4.7e-05	0.2862039219593136
CASSPLVRGDEQYF	TRBV18*01	4.7e-05	0.7025388140805241
CASSSGTGGPQQYF	TRBV6-6*05	4.7e-05	0.4546507224142802
CASSGTPGTGELFF	TRBV6-4*01	4.7e-05	0.4276891809218514
CASTYRENQPQHF	TRBV6-2*01	4.7e-05	0.3350388982801605
CASSLDSNQPQHF	TRBV11-3*01	4.7e-05	0.13242882058166078
CSASNLDGNTIYF	TRBV20-1*04	4.7e-05	0.6091918574976212
CSASQGSPFGYTF	TRBV20-1*02	4.7e-05	0.9338408033341633
CASSLLADEQYF	TRBV28*01	4.7e-05	0.3147824483530584
CASRYSYEQYF	TRBV6-5*01	4.7e-05	0.33248560645014685
CATSDRGQGVSTYEQYF	TRBV24-1*01	4.7e-05	0.5990843076441806
CASSSETTDRANYGYTF	TRBV5-1*01	4.7e-05	0.5940744350679239
CASSFSPPGAKNIQYF	TRBV27*01	4.7e-05	0.9016185003220213
CASSIGTGKTYEQYF	TRBV19*01	4.7e-05	0.5036294791364488
CASIGTSGISYEQYF	TRBV28*01	4.7e-05	0.5788968474733401
CASSYSGGNTGELFF	TRBV3-1*01	4.7e-05	0.12399638326124679
CASKPLAGSSYEQYF	TRBV2*01	4.7e-05	0.22696600859577412
CASSSRSSGNTIYF	TRBV28*01	4.7e-05	0.13558335630823945
CASLPGTGRYEQYF	TRBV28*01	4.7e-05	0.40267288402418455
CASSGLDRGDGYTF	TRBV2*01	4.7e-05	0.5208955078061056
CASSLDKVSYEQYF	TRBV5-1*01	4.7e-05	0.5960613490450941
CASSSGTGAYEQYF	TRBV5-1*01	4.7e-05	0.14574593508807449
CASRDTAGDYGYTF	TRBV5-1*01	4.7e-05	0.22757474585497822
CSARDPGRVEGYTF	TRBV20-1*01	4.7e-05	0.9556091014883503
CAIRGGSNQPQHF	TRBV10-3*01	4.7e-05	0.22968830445493701
CASSLAQGYGYTF	TRBV7-2*01	4.7e-05	0.12028575800803318
CASSHADNSPLHF	TRBV3-1*01	4.7e-05	0.39532286441825887
CASRGQGDTEAFF	TRBV6-1*01	4.7e-05	0.12178316682940654
CSASKRLNTEAFF	TRBV20-1*04	4.7e-05	0.8890423499756062
CASTRPGGVYTEAFF	TRBV28*01	4.7e-05	0.5445014179956569
CASSSFREYAYEQYF	TRBV27*01	4.7e-05	0.6347013078247519
CASSYSRTASYEQYF	TRBV6-5*01	4.7e-05	0.4558840045583582
CASSEVSDGYNEQFF	TRBV6-1*01	4.7e-05	0.39884364350594836
CASSLSRQADGYTF	TRBV5-1*01	4.7e-05	0.6565050838690104
CASKELLGTYEQYF	TRBV4-1*01	4.7e-05	0.41119748209604157
CSSLDPGATYEQYF	TRBV20-1*01	4.7e-05	0.7458487745716266
CSARGAGGDYEQYF	TRBV20-1*01	4.7e-05	0.7024538318335041
CATSDLPGDGYTF	TRBV24-1*01	4.7e-05	0.5481165997735042
CASGVSGNTEAFF	TRBV2*01	4.7e-05	0.22142634859728547
CASRGLVNEQFF	TRBV28*01	4.7e-05	0.4726805609970004
CSAREEGLSRGRWTEAFF	TRBV20-1*01	4.7e-05	0.992518232893651
CASSQGAGRKWGYGYTF	TRBV3-1*01	4.7e-05	0.8708710975676741
CASRFRAFSSVDYGYTF	TRBV10-2*01	4.7e-05	0.95202539070597
CASRDLAGETSYNEQFF	TRBV28*01	4.7e-05	0.4911240723867544
CASSQDQGTWNSPLHF	TRBV4-2*01	4.7e-05	0.8000961899200615
CASSYSGTSNQPQHF	TRBV6-5*01	4.7e-05	0.2903743779504503
CASSYGAGILNEQFF	TRBV6-5*01	4.7e-05	0.7978022374355545
CASSPRQGPFQPQHF	TRBV6-6*04	4.7e-05	0.6833694596605542
CASSEATGYTGELFF	TRBV2*01	4.7e-05	0.234136727222352
CASSRGRLNNSPLHF	TRBV28*01	4.7e-05	0.5662783502342644
CASSATSGRAYEQYF	TRBV7-2*01	4.7e-05	0.3575463001099702
CASSYNRLTNYEQYF	TRBV5-1*01	4.7e-05	0.46835687542190285
CASSPLSTGAYGYTF	TRBV4-1*01	4.7e-05	0.42128509510686735
CASSQTSGVSYEQYF	TRBV4-1*01	4.7e-05	0.26359356629950637
CSAPHKGTHTDTQYF	TRBV20-1*01	4.7e-05	0.951705138474114
CASPRDGTNNEQFF	TRBV2*01	4.7e-05	0.5832360425964376
CASLVRDGNSPLHF	TRBV28*01	4.7e-05	0.528619154243357
CASSLTGAVYEQYF	TRBV7-2*01	4.7e-05	0.26125734059495576
CASSVIGRREAFF	TRBV6-1*01	4.7e-05	0.43605884681165014
CASSQGRFYGYTF	TRBV3-1*01	4.7e-05	0.3433418504070242
CSARGTGFSSYNSPLHF	TRBV20-1*01	4.7e-05	0.8968091305496613
CASTGLAGGPSNEQFF	TRBV2*01	4.7e-05	0.5624943461251587
CASMAGTSALHGYTF	TRBV2*01	4.7e-05	0.8309106029648529
CASSSGTALRHEQYF	TRBV27*01	4.7e-05	0.8739081406763616
CASSDRSNQPQHF	TRBV2*01	4.7e-05	0.14232118803971916
CASSSRREQYF	TRBV18*01	4.7e-05	0.29121370509169364
CASSLGPFDRDTPYEQYF	TRBV5-1*01	4.7e-05	0.6862354126483295
CASSTRTSASYEQYF	TRBV5-5*01	4.7e-05	0.38291110632665293
CASSQRESLYGYTF	TRBV3-1*01	4.7e-05	0.560729808882378
CASSYPGTGLGGNTIYF	TRBV6-5*01	4.7e-05	0.5498708916843412
CASSLKSSYEQYF	TRBV6-6*04	4.6e-05	0.24478418509898958
CASTRGSEQYF	TRBV27*01	4.6e-05	0.2912424085729518
CASSLPSGGRWAYEQYF	TRBV5-1*01	4.6e-05	0.8334254063322887
CSARDLENTEAFF	TRBV20-1*01	4.6e-05	0.7736874387397649
CASSSPVRRDFSYEQYF	TRBV6-2*01	4.6e-05	0.8130978110044522
CASSLRGSGNQPQHF	TRBV28*01	4.6e-05	0.11386884610336719
CASSEYENSPLHF	TRBV6-1*01	4.6e-05	0.37351727181206257
CASSRGRDLPQHF	TRBV27*01	4.6e-05	0.5640817864599897
CASLKNSYGYTF	TRBV28*01	4.6e-05	0.24005228807426449
CASGKGGNAYEQYF	TRBV5-1*02	4.6e-05	0.7017803937128705
CAWSVTGPWEQYF	TRBV30*01	4.6e-05	0.8336395793472492
CASSFRQGEQYF	TRBV5-1*01	4.6e-05	0.317095879452154
CASSYVEARGHRELFF	TRBV6-5*01	4.6e-05	0.9650224695228345
CASSRRRDYNSPLHF	TRBV27*01	4.6e-05	0.4692570871927523
CASSQETGGNSPLHF	TRBV4-2*01	4.6e-05	0.20942645374510355
CASSRDGGYTF	TRBV6-1*01	4.6e-05	0.22658536199569626
CASSPDNRQYF	TRBV28*01	4.6e-05	0.5885139370381783
CASSLAGTGGAYEQYF	TRBV5-1*01	4.6e-05	0.14149189072353446
CASGTSGTVNEQFF	TRBV28*01	4.6e-05	0.5474624941143135
CASSSTGSTYGYTF	TRBV6-5*01	4.6e-05	0.08581860201369133
CASSLDQTSYEQYF	TRBV11-2*01	4.6e-05	0.288764920182223
CASSPRDLSYEQYF	TRBV9*01	4.6e-05	0.4615928108804693
CSAREWDSNNEQFF	TRBV20-1*01	4.6e-05	0.968568555718151
CASSIGISYEQYF	TRBV19*01	4.6e-05	0.2144532868178486
CASSGWEGDEQYF	TRBV5-1*01	4.6e-05	0.39976213238849695
CASSIRGQPQHF	TRBV27*01	4.6e-05	0.14477357506562882
CASRDLSYEQYF	TRBV2*01	4.6e-05	0.3491608879292088
CSAGDFAYEQYF	TRBV20-1*01	4.6e-05	0.909315287874957
CATSTRPGPVFTGELFF	TRBV24-1*01	4.6e-05	0.8142427600737451
CASSPGTATDVNTEAFF	TRBV28*01	4.6e-05	0.45105653091180137
CASSARLDRPNTEAFF	TRBV2*01	4.6e-05	0.7173237457020912
CASTLQRGSYNEQFF	TRBV6-6*04	4.6e-05	0.3469590949540354
CASSRTGAGNQPQHF	TRBV5-8*01	4.6e-05	0.14194165966668607
CASWTGGSGNTIYF	TRBV6-1*01	4.6e-05	0.3854759193747758
CASTPTVIPYGYTF	TRBV6-6*04	4.6e-05	0.9589291064686798
CASSYTQGNQPQHF	TRBV6-2*01	4.6e-05	0.09430467305641228
CASNSGTFRYEQYF	TRBV6-5*01	4.6e-05	0.7889164017075604
CSARVREKNTEAFF	TRBV20-1*01	4.6e-05	0.9772891231556097
CASSLGSNTEAFF	TRBV27*01	4.6e-05	0.11502641747897371
CASSRDRVYEQYF	TRBV2*01	4.6e-05	0.3404819076622556
CASMPVGSYEQYF	TRBV10-1*01	4.6e-05	0.5428558355661928
CSAKGQGNQPQHF	TRBV20-1*01	4.6e-05	0.7195874823412715
CATSRELSPSGTRDGYTF	TRBV15*01	4.6e-05	0.9617436956772917
CASSVYRGQGNPPLHF	TRBV11-2*01	4.6e-05	0.9069122889769913
CASRAGATINHSPLHF	TRBV6-6*05	4.6e-05	0.8770349138423521
CAWEEGTVITGELFF	TRBV30*05	4.6e-05	0.8812183791722569
CASSPGAKTSYEQYF	TRBV18*01	4.6e-05	0.38864615223133603
CASSLAGGYTGELFF	TRBV28*01	4.6e-05	0.19642209761919036
CASSDSGTSANEQFF	TRBV9*01	4.6e-05	0.2859450544770459
CSARRTGKRYNGYTF	TRBV20-1*01	4.6e-05	0.9645692637554794
CAWSDKYLGEKLFF	TRBV30*01	4.6e-05	0.9187586668076565
CATSHGRGNQPQHF	TRBV15*02	4.6e-05	0.24313713426352282
CASSYSSSPYGYTF	TRBV6-5*01	4.6e-05	0.5107061664040257
CASSPSGVYYEQYF	TRBV28*01	4.6e-05	0.4004064155000069
CASNSRTGNEKLFF	TRBV6-5*01	4.6e-05	0.2697272704944416
CASSPGQVVNEQYF	TRBV5-1*01	4.6e-05	0.6038402695612722
CAWSVRLRNTIYF	TRBV30*01	4.6e-05	0.8932627010249113
CASSPDANTEAFF	TRBV18*01	4.6e-05	0.2311128784060728
CASRGTGSYEQYF	TRBV2*01	4.6e-05	0.11845777670060184
CSAGEVGNYGYTF	TRBV20-1*01	4.6e-05	0.6467839282161038
CASFDRAEGYTF	TRBV6-1*01	4.6e-05	0.7034385756869773
CASMAGGDIQYF	TRBV2*01	4.6e-05	0.806714252365997
CASRSRPEKAFF	TRBV28*01	4.6e-05	0.6167583164386249
CASSSSEDRGLGNQPQHF	TRBV28*01	4.6e-05	0.3017977359437323
CASSSFRGHPYNEQFF	TRBV28*01	4.6e-05	0.8027985055897762
CASSSGAANKFGEQYF	TRBV27*01	4.6e-05	0.9024639492441024
CASSQWGQGLRGGYTF	TRBV11-2*01	4.6e-05	0.8789425234660952
CASSQAARDRSYEQYF	TRBV4-2*01	4.6e-05	0.5771449950287568
CASSPRDGSNSPLHF	TRBV2*01	4.6e-05	0.4283950507544008
CASSDSAGGHYGYTF	TRBV6-4*01	4.6e-05	0.19486930081256407
CASSKGTVGANVLTF	TRBV2*01	4.6e-05	0.3360583785364632
CASSLLGQGAVGYTF	TRBV27*01	4.6e-05	0.3976921734060205
CASSPPSADYEQYF	TRBV18*01	4.6e-05	0.34048141243740593
CASSPPGHHRPLHF	TRBV28*01	4.6e-05	0.9436026843797098
CASSARRDYNEQFF	TRBV27*01	4.6e-05	0.2269030589260231
CASSDRGNTGELFF	TRBV6-1*01	4.6e-05	0.12682617103375754
CASSLDRDTSPLHF	TRBV7-2*01	4.6e-05	0.4027121883069677
CSALHGATNEKLFF	TRBV20-1*01	4.6e-05	0.8130023016892921
CAWSMGGNNEQFF	TRBV30*01	4.6e-05	0.8130871584408287
CASSLSGNQPQHF	TRBV19*01	4.6e-05	0.11592196013688096
CASAPGTSYEQYF	TRBV2*01	4.6e-05	0.29268668876325565
CASRPGQAPSAFF	TRBV2*01	4.6e-05	0.9208828324812576
CASSIPTNEQFF	TRBV19*01	4.6e-05	0.4486416863424222
CASSTGNYGYTF	TRBV19*01	4.6e-05	0.08938397814907298
CAWSVTRDRVSGANVLTF	TRBV30*01	4.6e-05	0.9091652473157321
CSARATVGAGRTYGYTF	TRBV20-1*01	4.6e-05	0.9562129680821958
CATSDRTRPNTGELFF	TRBV24-1*01	4.6e-05	0.8466857215731111
CASTQTPLVSNQPQHF	TRBV6-9*01	4.6e-05	0.8714078715168613
CASSPLGQGGGYGYTF	TRBV27*01	4.6e-05	0.21925213332310797
CATSTGGQGGQPQHF	TRBV15*02	4.6e-05	0.17984089987596708
CASTPGIAASYEQYF	TRBV6-2*01	4.6e-05	0.5860576706916302
CASSLFGAGGNEQYF	TRBV27*01	4.6e-05	0.34476633596555334
CASSLFAGGFGEQYF	TRBV5-1*01	4.6e-05	0.5171661831922915
CASNHREVAVYEQYF	TRBV5-1*01	4.6e-05	0.8020480844164071
CSARAAGTENSPLHF	TRBV20-1*01	4.6e-05	0.8321643061205831
CSARGAGVSSYEQYF	TRBV20-1*01	4.6e-05	0.8273592814774904
CASSLWDRNTEAFF	TRBV28*01	4.6e-05	0.6529548858771713
CASSLATGPYEQYF	TRBV5-1*01	4.6e-05	0.19386534485687423
CASSPRDSSYEQYF	TRBV5-1*01	4.6e-05	0.29521723132917904
CSARHPQGIYEQYF	TRBV20-1*02	4.6e-05	0.9702188607269127
CSARDRGTYNEQFF	TRBV20-1*01	4.6e-05	0.840751774119925
CSALRDPNIHEQYF	TRBV20-1*01	4.6e-05	0.9728601628287297
CATSERGSYEQYF	TRBV24-1*01	4.6e-05	0.19736263875195012
CASIQGGTDTQYF	TRBV6-6*04	4.6e-05	0.405344181934774
CASRHGPYEQYF	TRBV19*01	4.6e-05	0.48450634984993307
CASSGNTGELFF	TRBV6-1*01	4.6e-05	0.10056368006881633
CASRAGTYEQYF	TRBV2*01	4.6e-05	0.2670218477371249
CSAPAGRVEQYF	TRBV20-1*01	4.6e-05	0.968097758051377
CATRALEAFF	TRBV28*01	4.6e-05	0.7254283235373788
CASSYLTGAGYSGANVLTF	TRBV6-2*01	4.6e-05	0.5007389927489905
CATSIQWGGGGNQPQHF	TRBV28*01	4.6e-05	0.587979017612463
CASSQGGQAHLYGYTF	TRBV3-1*01	4.6e-05	0.5815578219798232
CASSYGQGASYEQYF	TRBV6-5*01	4.6e-05	0.21090584234077966
CASSLGLAGGLEQYF	TRBV3-1*01	4.6e-05	0.365143483665002
CASSLREYSYGYTF	TRBV7-8*01	4.6e-05	0.12510151987112428
CASSQVLYNSPLHF	TRBV3-1*01	4.6e-05	0.7096893735693443
CASSRQGDGQPQHF	TRBV4-1*01	4.6e-05	0.17426250185940462
CASSQDGTAGIPTF	TRBV4-1*01	4.6e-05	0.9621189755323627
CSARAPNSGNTIYF	TRBV20-1*01	4.6e-05	0.8597894564795364
CASMEGNTGELFF	TRBV7-3*01	4.6e-05	0.508721487665881
CASSHTGKGGYTF	TRBV6-6*05	4.6e-05	0.6460966912368545
CASSQVSGSELFF	TRBV14*01	4.6e-05	0.16738653578345486
CASSETNYGYTF	TRBV11-2*01	4.6e-05	0.07777535137977325
CASSPDSYEQYF	TRBV9*01	4.6e-05	0.18412412451299418
CASSRPSYEQYF	TRBV5-1*01	4.6e-05	0.1684289545287511
CSAETGREKLFF	TRBV20-1*01	4.6e-05	0.8553578409046881
CSAKTVKDSGSNNRYEQYF	TRBV29-1*01	4.6e-05	0.9598122723947653
CASSLFRGGGYYEQYF	TRBV28*01	4.6e-05	0.3541639920944372
CASSPSGRYNEQFF	TRBV27*01	4.6e-05	0.3029839064995122
CASRRDTSNQPQHF	TRBV2*01	4.6e-05	0.2875328534991508
CASRLWGYHQPQHF	TRBV28*01	4.6e-05	0.7618541077504415
CASSYSFNEKLFF	TRBV6-5*01	4.6e-05	0.388882189428092
CASSPSRPKPGTGGMSSYEQYF	TRBV27*01	4.6e-05	0.8455883857426666
CASKRETAAGNEKLFF	TRBV19*01	4.6e-05	0.7893968064491288
CATSALSTGLYEQYF	TRBV24-1*01	4.6e-05	0.39656586137043914
CSAPPEGTYNEQFF	TRBV20-1*01	4.6e-05	0.9512195644715167
CAINDVGREINNEQFF	TRBV10-3*01	4.6e-05	0.9165557265484551
CASSPGTSGRNEQFF	TRBV6-6*04	4.6e-05	0.512835967374441
CASSSGSSYEQYF	TRBV27*01	4.5e-05	0.09365258141671477
CASSLSQVVPYEQYF	TRBV28*01	4.5e-05	0.8123270322207936
CASSTRDSVYNEQFF	TRBV9*01	4.5e-05	0.473436114628052
CAWRPLRGKNEQYF	TRBV30*01	4.5e-05	0.9597342969472521
CATSALGDRGIYEQYF	TRBV24-1*01	4.5e-05	0.670722618609689
CASRVSGRLGGGEQYF	TRBV28*01	4.5e-05	0.8798332204565587
CASSYFGGPNQPQHF	TRBV6-2*01	4.5e-05	0.5766996006780736
CASSAELAEWETQYF	TRBV2*02	4.5e-05	0.6377505516999488
CASSPSGTRFYEQYF	TRBV3-1*01	4.5e-05	0.7861136547325294
CAWRSRLTYEQYF	TRBV30*01	4.5e-05	0.5607429045888827
CASAGQTNYGYTF	TRBV2*01	4.5e-05	0.2094175721767858
CASTSMGGTEAFF	TRBV6-1*01	4.5e-05	0.38120144280868173
CASSPRPGVAPSYEQYF	TRBV28*01	4.5e-05	0.7478208348240702
CASSLLGTVNNSPLHF	TRBV7-2*04	4.5e-05	0.4569783358549993
CASSLDPARGQGGYTF	TRBV5-1*01	4.5e-05	0.8515818921315642
CASSSQIVGGNSPLHF	TRBV5-1*01	4.5e-05	0.6319496117688419
CASSQDLYRATYEQYF	TRBV4-1*01	4.5e-05	0.6904625207818571
CAHALKTKSSYEQYF	TRBV30*01	4.5e-05	0.8029612481216467
CASSLSANSNQPQHF	TRBV7-2*01	4.5e-05	0.1601080369396294
CASSIDESYYGYTF	TRBV19*01	4.5e-05	0.19466231916237703
CASSLGGNTEAFF	TRBV27*01	4.5e-05	0.0714109311305964
CASSGTGLYEQYF	TRBV27*01	4.5e-05	0.19067786458528835
CASSETENSPLHF	TRBV6-4*01	4.5e-05	0.25764407906572806
CSGQGRTGGGYTF	TRBV29-1*01	4.5e-05	0.7338061257732598
CASSYGTEAPYF	TRBV6-5*01	4.5e-05	0.6653071350489759
CSAKSWTEAFF	TRBV20-1*01	4.5e-05	0.9407150927408705
CAWSAQYNTLNTGELFF	TRBV30*01	4.5e-05	0.952110919031268
CASSQNTGSDYNSPLHF	TRBV18*01	4.5e-05	0.427430397641142
CASGTSDSLVGTDTQYF	TRBV28*01	4.5e-05	0.6163608272555983
CASSDGTPGQGSSPLHF	TRBV2*01	4.5e-05	0.6349187604514981
CASSMTGGEFMVHEQYF	TRBV5-1*01	4.5e-05	0.8538231779158658
CASSYLGVLINNEQFF	TRBV6-5*01	4.5e-05	0.87815546842177
CASMGQWRSNYGYTF	TRBV19*01	4.5e-05	0.9190582888069928
CASSQSGHSFYEQYF	TRBV28*01	4.5e-05	0.7318251050027978
CASSPTGALNYGYTF	TRBV5-1*01	4.5e-05	0.4497300703641406
CASSFSSWAFEQFF	TRBV27*01	4.5e-05	0.9273701509703298
CASSLSPYNSPLHF	TRBV6-5*01	4.5e-05	0.3315593020535345
CASSFGTGDYEQYF	TRBV7-8*01	4.5e-05	0.09939124387934394
CASSSLGRLAYTF	TRBV5-1*01	4.5e-05	0.5265573065000269
CASNWDIDTEAFF	TRBV5-1*01	4.5e-05	0.44571134340386775
CATSDDRDGYTF	TRBV24-1*01	4.5e-05	0.5159199126425961
CASSRGGNEQFF	TRBV11-2*01	4.5e-05	0.21958969771616665
CSAMTEFQPQHF	TRBV20-1*01	4.5e-05	0.9699061283587648
CSASTLAGALVLYEQYF	TRBV20-1*04	4.5e-05	0.8732605103704899
CASSLYGARGNQPQHF	TRBV28*01	4.5e-05	0.7336162575377579
CASSSSVSVYRNTIYF	TRBV28*01	4.5e-05	0.5852432085976765
CSANEQGSIYNSPLHF	TRBV20-1*01	4.5e-05	0.9261259330348933
CASSAAGTVSYEQYF	TRBV19*01	4.5e-05	0.25345261450829915
CASRARTGLSYGYTF	TRBV28*01	4.5e-05	0.6381809235459204
CASSLGTAVNEKLFF	TRBV5-1*01	4.5e-05	0.47194311721967713
CASSIGTETYEQYF	TRBV19*01	4.5e-05	0.3613630240773728
CASSLSSPAYEQYF	TRBV27*01	4.5e-05	0.29165052750673626
CASSLSGGNYGYTF	TRBV11-2*01	4.5e-05	0.11312852702544773
CASSSWTGNYGYTF	TRBV5-1*01	4.5e-05	0.3020115817531369
CSARDLGRNQPQHF	TRBV20-1*01	4.5e-05	0.9085103465146835
CSARDPSASYEQYF	TRBV20-1*01	4.5e-05	0.9213809718163182
CASSPPFGTEAFF	TRBV4-2*01	4.5e-05	0.5807195934139802
CASSMGPGEKLFF	TRBV5-1*01	4.5e-05	0.29952789976450417
CSAPSGSLHEQYF	TRBV20-1*01	4.5e-05	0.8891721791662307
CSAASGPVGELFF	TRBV20-1*01	4.5e-05	0.9381227410240257
CASRAWGNEQYF	TRBV27*01	4.5e-05	0.5243469704926869
CASSDQEETQYF	TRBV5-1*01	4.5e-05	0.30782710618336473
CASSPQGARGANEKLFF	TRBV18*01	4.5e-05	0.5934477343966861
CASSLGYERYTDTQYF	TRBV27*01	4.5e-05	0.5774949288896428
CASSSLSLAEVYEQYF	TRBV6-5*01	4.5e-05	0.2790627458796215
CASSPPSSGLSYEQYF	TRBV5-1*01	4.5e-05	0.39599779428403553
CASSSGTGGTYEQYF	TRBV18*01	4.5e-05	0.1441003566419709
CASSLSWGRNTEAFF	TRBV28*01	4.5e-05	0.4596038189784853
CASSLQIPSGNTIYF	TRBV7-8*01	4.5e-05	0.7415419757201231
CASSSRDGYNQPQHF	TRBV7-8*01	4.5e-05	0.37842636652402567
CASSSGTGIQETQYF	TRBV28*01	4.5e-05	0.4946397212438424
CASSSLPTGGLGYTF	TRBV11-2*01	4.5e-05	0.5709606389570573
CASSLDGTDPHGYTF	TRBV28*01	4.5e-05	0.7665905607013991
CATIKGGIGQPQHF	TRBV6-1*01	4.5e-05	0.75569871119854
CASSSQGALDEQYF	TRBV18*01	4.5e-05	0.4432146330112918
CASTAGASNYGYTF	TRBV27*01	4.5e-05	0.26051772547236973
CASSSQGKDQPQHF	TRBV2*01	4.5e-05	0.1983636997142544
CSGGTSTNSYEQYF	TRBV29-1*01	4.5e-05	0.6298356146226428
CAWGTGYNEKLFF	TRBV30*05	4.5e-05	0.6194851339655406
CASSLGLPGPQHF	TRBV27*01	4.5e-05	0.4462094617133428
CASSESANYGYTF	TRBV2*03	4.5e-05	0.13858225363925447
CASRKTGGTEAFF	TRBV27*01	4.5e-05	0.3179973154169839
CSARVVGTDTQYF	TRBV20-1*01	4.5e-05	0.8988643108753528
CASSQNRAVAFF	TRBV28*01	4.5e-05	0.7802755644027842
CSAYRDNYGYTF	TRBV20-1*01	4.5e-05	0.764505727550671
CASSGTGSAFF	TRBV28*01	4.5e-05	0.35278668462964496
CSAGRNTEAFF	TRBV20-1*01	4.5e-05	0.6129002681488556
CATQSGTSGSLRYEQYF	TRBV10-3*01	4.5e-05	0.8044259653188057
CASSWGASGTNNEQFF	TRBV11-3*01	4.5e-05	0.7166784002747001
CASRKTGGAGTGELFF	TRBV6-1*01	4.5e-05	0.4392468552735374
CASSQEAGSSYNEQFF	TRBV4-1*01	4.5e-05	0.17465848758804192
CASTTSRLANYGYTF	TRBV7-8*01	4.5e-05	0.40926172727307614
CASSLSPTGISPLHF	TRBV27*01	4.5e-05	0.5292961897279796
CASSSRLGAGTEAFF	TRBV28*01	4.5e-05	0.21006131340085551
CASSYPGQGGTEAFF	TRBV6-5*01	4.5e-05	0.3883381006455231
CASSRRDRGDQPQHF	TRBV6-6*05	4.5e-05	0.38687172633580375
CASSPMTGDNEQFF	TRBV18*01	4.5e-05	0.6177067026916054
CASSGTGVGNTIYF	TRBV18*01	4.5e-05	0.2130017281277384
CASSPSAQHYGYTF	TRBV18*01	4.5e-05	0.5288646490827267
CASSRTSGRSEQYF	TRBV6-6*04	4.5e-05	0.39207928493303096
CASSLVGASYEQYF	TRBV5-1*01	4.5e-05	0.15587613016484717
CAHGASSYNEQFF	TRBV6-1*01	4.5e-05	0.4124506262183476
CATDRDSNQPQHF	TRBV6-1*01	4.5e-05	0.26327535340245606
CATSKRTGNGYTF	TRBV15*02	4.5e-05	0.6693729683588762
CASSIRSSYEQYF	TRBV19*01	4.5e-05	0.22934953333258531
CASSLNWDSEQYF	TRBV5-1*01	4.5e-05	0.4378674824650038
CSKTTIYEQYF	TRBV2*01	4.5e-05	0.6798676484534655
CASREGLAGGRDTQYF	TRBV7-2*01	4.5e-05	0.328071431613279
CASSFGGEGTGELFF	TRBV28*01	4.5e-05	0.3909185076303883
CASSHPTGSGYGYTF	TRBV28*01	4.5e-05	0.3386556916756532
CASSPRDSSYNEQFF	TRBV9*01	4.5e-05	0.40846385362697313
CASRSPLVGLTEAFF	TRBV6-1*01	4.5e-05	0.6679589893857659
CASSLDAGRTGELFF	TRBV5-1*01	4.5e-05	0.4112591476904802
CASSSGAPSNYGYTF	TRBV5-1*01	4.5e-05	0.21311673461798736
CASSQPGTGTTEQYF	TRBV4-1*01	4.5e-05	0.48799310161535625
CASPRSGRRNEQYF	TRBV6-2*01	4.5e-05	0.6320669992416734
CASSLDPGNTEAFF	TRBV11-2*01	4.5e-05	0.3371489973914617
CASRGESSYNEQFF	TRBV3-1*01	4.5e-05	0.3322137089219743
CASSLTADQPQHF	TRBV7-3*01	4.5e-05	0.1749596762251975
CSARGAASYEQYF	TRBV20-1*01	4.5e-05	0.8138977864445656
CSARDPIRDEQYF	TRBV20-1*01	4.5e-05	0.9867897651778772
CSASYQQAEAFF	TRBV20-1*04	4.5e-05	0.9291675433928077
CASSEAGTAKSTGYTF	TRBV6-1*01	4.5e-05	0.8070962059784779
CASSGLAPREQYF	TRBV19*01	4.5e-05	0.5944720277943104
CASSLKDEYEQYF	TRBV7-9*01	4.5e-05	0.2262578787464541
CASSLKRETYNEQFF	TRBV27*01	4.5e-05	0.6966528816247907
CASSGEFQSPLHF	TRBV2*01	4.5e-05	0.7289920222125015
CATAGTDYGYTF	TRBV6-1*01	4.5e-05	0.3900818455070071
CASSLGGPALPGELFF	TRBV11-3*01	4.5e-05	0.9582457841745239
CASSVGSGYPTGELFF	TRBV9*01	4.5e-05	0.5924680984204725
CASSLVGTPSYEQYF	TRBV27*01	4.4e-05	0.5021793108262194
CASSYSIGRRSGELFF	TRBV6-5*01	4.4e-05	0.6860562499396371
CAWSVSGTGGYEQYF	TRBV30*01	4.4e-05	0.3260778258177892
CASSYRDGPLYEQYF	TRBV7-3*01	4.4e-05	0.8410552559587148
CASRVRRYSNQPQHF	TRBV10-1*01	4.4e-05	0.4958112139493273
CASTLRLGGDEQYF	TRBV28*01	4.4e-05	0.7067141571224567
CASSRSSHQETQYF	TRBV6-6*04	4.4e-05	0.38172417464276304
CASSSTPLIYDYTF	TRBV5-1*01	4.4e-05	0.7547091910625424
CASSQAQLIYGYTF	TRBV4-1*01	4.4e-05	0.6016417306840405
CASSPGANTEAFF	TRBV18*01	4.4e-05	0.10596427751768459
CASTLTSGNEQFF	TRBV27*01	4.4e-05	0.37145888771856156
CRGLGDWNSEAFF	TRBV20-1*01	4.4e-05	0.8326147601040734
CSAQRNSPLHF	TRBV20-1*01	4.4e-05	0.7902055470172307
CASKYGGIAPTYEQYF	TRBV27*01	4.4e-05	0.7334201034000943
CAWSAPDGSSTEAFF	TRBV30*01	4.4e-05	0.8169348201404217
CASSISGRNNQPQHF	TRBV19*01	4.4e-05	0.3184348915555055
CASSYSGGTSYEQYF	TRBV6-5*01	4.4e-05	0.17771535092828283
CASSGTGRDRWLDTF	TRBV28*01	4.4e-05	0.9821994709218135
CASSIQGGMNTEAFF	TRBV28*01	4.4e-05	0.2994687636210795
CSARGGQTSNQPQHF	TRBV20-1*01	4.4e-05	0.8207183376002024
CATRQAATNEKLFF	TRBV6-1*01	4.4e-05	0.7262446700113661
CASSPWTGLYGYTF	TRBV9*01	4.4e-05	0.6359521668298834
CASSQGDSYQPQHF	TRBV6-6*05	4.4e-05	0.30446564183462643
CASSIYSNQPQHF	TRBV19*01	4.4e-05	0.1912009051590713
CASSRPGSYEQYF	TRBV28*01	4.4e-05	0.18706086634889618
CSAREDGVGEQYF	TRBV20-1*01	4.4e-05	0.9150044029891057
CASTPERYEQYF	TRBV6-1*01	4.4e-05	0.354050460684069
CASSLGNEQFF	TRBV28*01	4.4e-05	0.16552582249318984
CASSFGVAGHYNEQFF	TRBV27*01	4.4e-05	0.5011490116158807
CASRLAAGLAAYEQYF	TRBV6-5*01	4.4e-05	0.26676070633617766
CASSPGPDGNYGYTF	TRBV18*01	4.4e-05	0.37342969889520317
CASSPFAGQYNEQFF	TRBV28*01	4.4e-05	0.4484410370146291
CASDYGRSSYEQYF	TRBV2*01	4.4e-05	0.38335113677068117
CSARGGKSNYGYTF	TRBV20-1*01	4.4e-05	0.8881459683413295
CASSQGGAEPQHF	TRBV18*01	4.4e-05	0.2489838813188713
CASSGGRSYEQYF	TRBV2*01	4.4e-05	0.16023237637510127
CASVDRGYGYTF	TRBV19*01	4.4e-05	0.2783506154268571
CASSPGGFEQYF	TRBV27*01	4.4e-05	0.22799386911904523
CALSPREPALF	TRBV30*01	4.4e-05	0.7522189115796211
CASGRGYEQYF	TRBV10-1*01	4.4e-05	0.1973913062617396
CASSQDLPPQTGELFF	TRBV14*01	4.4e-05	0.8682762348132719
CASKETGAYSGNTIYF	TRBV28*01	4.4e-05	0.5633020329937124
CASSQDDSSAPYEQYF	TRBV4-1*01	4.4e-05	0.6142407925685933
CASLYLKTYHYGYTF	TRBV30*01	4.4e-05	0.9197093881425008
CAISETLGPNQPQHF	TRBV10-3*01	4.4e-05	0.872181014844985
CASSLGTSGSKEQFF	TRBV6-6*04	4.4e-05	0.5921349282435001
CASSLDRGSGSPLHF	TRBV7-9*01	4.4e-05	0.3467168930913157
CASSVEGLGYTEAFF	TRBV9*01	4.4e-05	0.4487675218124601
CASSLVPGGVYGYTF	TRBV5-1*01	4.4e-05	0.30475156086349836
CASSQDTGPGNTIYF	TRBV4-1*01	4.4e-05	0.21672118341876995
CSARVMEAMNTEAFF	TRBV20-1*01	4.4e-05	0.9184189569666961
CSARAMGRGRIGYTF	TRBV20-1*05	4.4e-05	0.9777985226634148
CASSLQGASAEAFF	TRBV7-2*01	4.4e-05	0.4197162161866745
CASSQITGNSPLHF	TRBV3-1*01	4.4e-05	0.40829650160232417
CASRFRDGNGEAFF	TRBV3-1*01	4.4e-05	0.6196441132525703
CASRAGLASYEQYF	TRBV10-2*01	4.4e-05	0.3404462657475202
CSASRAGGWNEQFF	TRBV20-1*04	4.4e-05	0.8692404147304048
CATSPGPVDGYTF	TRBV15*02	4.4e-05	0.8550088774199114
CSASHPGAYGYTF	TRBV20-1*04	4.4e-05	0.7570947531873118
CSARTGGEAEQFF	TRBV20-1*02	4.4e-05	0.9394709758573366
CASSLPDSPLHF	TRBV28*01	4.4e-05	0.3146447855355299
CASSSLSPDRGLPKNIQYF	TRBV28*01	4.4e-05	0.9001460354398281
CASSFMTGTAFTEAFF	TRBV27*01	4.4e-05	0.6832995022225993
CASREGTSGGYNEQFF	TRBV28*01	4.4e-05	0.27744925026687417
CASRIGTLTSYEQYF	TRBV2*01	4.4e-05	0.7739158952756252
CASSLDTPRADTQYF	TRBV5-1*01	4.4e-05	0.5872726439541137
CAWSVRGEGNTIYF	TRBV30*01	4.4e-05	0.484902669864921
CASSPRGWAYEQYF	TRBV18*01	4.4e-05	0.7056926618014121
CASSSRTGGGPLHF	TRBV28*01	4.4e-05	0.38296361281806457
CASSWLAGGETQYF	TRBV28*01	4.4e-05	0.4733233651203366
CSAKSGNRNQPQHF	TRBV20-1*01	4.4e-05	0.8773724242332565
CAWSVSDQETQYF	TRBV30*01	4.4e-05	0.7327165915992284
CASSPISNTEAFF	TRBV18*01	4.4e-05	0.317594963875908
CASREGRNTEAFF	TRBV19*01	4.4e-05	0.10772259118588166
CASSAQDTGELFF	TRBV6-4*01	4.4e-05	0.10864554613021961
CASSEVGGWGYTF	TRBV6-1*01	4.4e-05	0.3681076598077455
CASSKGQGYEQYF	TRBV28*01	4.4e-05	0.24865135822428294
CSATQGVNTEAFF	TRBV20-1*01	4.4e-05	0.69811392474058
CSAADVTNTEAFF	TRBV20-1*01	4.4e-05	0.7539434731760796
CASSSLGPTYF	TRBV28*01	4.4e-05	0.33374470523168936
CASSAGQPSSYNSPLHF	TRBV7-8*01	4.4e-05	0.3507012090811243
CATSDSGALRPYEQYF	TRBV24-1*01	4.4e-05	0.8508587083721143
CASSILPGQGSQPQHF	TRBV19*01	4.4e-05	0.5542682580184196
CASSPAGGKSSYEQYF	TRBV28*01	4.4e-05	0.290350993654631
CASSEWGAPSTDTQYF	TRBV6-6*03	4.4e-05	0.7034764242643856
CASSEFNQSSYNEQFF	TRBV2*03	4.4e-05	0.4760087587901366
CASRPSTGGYTGELFF	TRBV27*01	4.4e-05	0.3743982726641031
CASSLGIRQQTYEQYF	TRBV5-1*01	4.4e-05	0.5778385037040357
CASSLDPQGASYEQYF	TRBV5-1*01	4.4e-05	0.46239481308471386
CASSQVSPGLSYEQYF	TRBV4-1*01	4.4e-05	0.7220341370746459
CASSRSGTATGELFF	TRBV18*01	4.4e-05	0.5363106456255703
CASSLGLAGVNEQFF	TRBV27*01	4.4e-05	0.4016260083543658
CASSWTSGRRGEQFF	TRBV27*01	4.4e-05	0.8069147363773084
CASSYWAGANQPQHF	TRBV6-2*01	4.4e-05	0.5986021355810596
CASRLAGGLAGELFF	TRBV28*01	4.4e-05	0.31852163534535183
CSAHSMDRGNQPQHF	TRBV20-1*01	4.4e-05	0.9706903944379572
CASSFGIGASGYTF	TRBV6-5*01	4.4e-05	0.5560119320906126
CASSSQDSGNTIYF	TRBV6-5*01	4.4e-05	0.2270554559801844
CASSVQGISYEQYF	TRBV2*01	4.4e-05	0.22147115365419065
CASSLRLELDEQYF	TRBV5-1*01	4.4e-05	0.7076835169903969
CSASDRGTGYGYTF	TRBV20-1*02	4.4e-05	0.6471090057348455
CSARLSGNTGELFF	TRBV20-1*01	4.4e-05	0.7349293104333477
CASSLGQNQPQHF	TRBV7-2*01	4.4e-05	0.0680913565127894
CSARKAETYEQYF	TRBV20-1*01	4.4e-05	0.9732477012649627
CSVEETGLYGYTF	TRBV29-1*01	4.4e-05	0.7829087727571661
CASSLNYEQYF	TRBV28*01	4.4e-05	0.13348977038746848
CASSQVNEQYF	TRBV3-1*01	4.4e-05	0.2708576995560168
CASIRQSTSGSSHSYEQYF	TRBV6-1*01	4.4e-05	0.48000868160420096
CASSLGGQTSGTSGELFF	TRBV7-8*01	4.4e-05	0.2840985976716141
CASSRGLVSVSTDTQYF	TRBV19*01	4.4e-05	0.7983942417185346
CASSELKYRVSGNTIYF	TRBV6-1*01	4.4e-05	0.7682205063075506
CSARDVLGTSGKYEQYF	TRBV20-1*01	4.4e-05	0.9597894590164315
CASSRNLRGLNTEAFF	TRBV28*01	4.4e-05	0.6927559075082623
CAWTKSSGRAYEQYF	TRBV30*01	4.4e-05	0.5816395899295879
CASRMGTGVNEKLFF	TRBV28*01	4.4e-05	0.587640680398238
CASSPRTGKNEQYF	TRBV2*01	4.4e-05	0.4451961385916063
CASSPRQGYTEAFF	TRBV28*01	4.4e-05	0.28018045317984686
CASSFGRSDYGYTF	TRBV11-2*01	4.4e-05	0.16037820664089888
CASSESTGRAEAFF	TRBV28*01	4.4e-05	0.6257405576547734
CASSRGQGSYGYTF	TRBV9*01	4.4e-05	0.17833248646173688
CASSPGGTGNGYTF	TRBV5-1*01	4.4e-05	0.35292175630767325
CSAVGGGPNQPQHF	TRBV20-1*01	4.4e-05	0.7712044329893538
CASTGSKNEKLFF	TRBV19*01	4.4e-05	0.21932607439192145
CASSPGQGHEQYF	TRBV18*01	4.4e-05	0.23974578914939082
CASSPISSYEQYF	TRBV28*01	4.4e-05	0.29421055357376324
CASSEEGVRAQYF	TRBV6-1*01	4.4e-05	0.8715698187413694
CASSLEDSYGYTF	TRBV5-1*01	4.4e-05	0.1430135605674518
CASVRGANVLTF	TRBV27*01	4.4e-05	0.25537578010258605
CASGDRVEKLFF	TRBV2*01	4.4e-05	0.5732894462544674
CASSFEDYEQYF	TRBV7-9*01	4.4e-05	0.23614938685530668
CASSRQGYEQYF	TRBV11-2*01	4.4e-05	0.10486477967592148
CASSAPSGRGIF	TRBV27*01	4.4e-05	0.8380664061223876
CSALAEGYEQYF	TRBV20-1*01	4.4e-05	0.7018974396929745
CSAQGQGGTFF	TRBV20-1*01	4.4e-05	0.9052822773979723
CASSQPRTGTSRSPLHF	TRBV3-1*01	4.4e-05	0.8116155344804981
CSVRTSGSRGLYEQYF	TRBV20-1*04	4.4e-05	0.7153920430935453
CASTSGVAGLYEQYF	TRBV6-1*01	4.4e-05	0.4891745641431371
CASSLRALSGNTIYF	TRBV13*01	4.4e-05	0.569918228639705
CSARRGHLKNTEAFF	TRBV20-1*01	4.4e-05	0.983998700811421
CASSIGGSLYEQYF	TRBV30*01	4.4e-05	0.5797983455889603
CSARTAPTTYEQYF	TRBV20-1*02	4.4e-05	0.9279899550704666
CAWWTSGSHEQYF	TRBV30*05	4.4e-05	0.7462623057623021
CATSDLMYGYTF	TRBV24-1*01	4.4e-05	0.7336911251115263
CASREQGTEAFF	TRBV28*01	4.4e-05	0.19128780389967562
CAISESVVGQRNTEAFF	TRBV10-3*01	4.4e-05	0.7390800862856634
CASSERDRGRVNTEAFF	TRBV6-1*01	4.4e-05	0.38781417201077495
CASSLFPGGGTGELFF	TRBV5-1*01	4.4e-05	0.6044155398499058
CSARGTGGVGVREQYF	TRBV20-1*01	4.4e-05	0.9674300035431698
CASSPGSDRVDGYTF	TRBV27*01	4.4e-05	0.5400061736497294
CASSLFGRNNQPQHF	TRBV28*01	4.4e-05	0.49449564402501966
CSARVVGGANYGYTF	TRBV20-1*01	4.4e-05	0.8671043636778992
CASSSPTGGNEQYF	TRBV7-2*01	4.4e-05	0.29598207808723453
CSAREGASNQPQHF	TRBV20-1*01	4.4e-05	0.8075166843963272
CAISESLGYEQYF	TRBV10-3*01	4.4e-05	0.7188921393772699
CASSELLAGGDTQYF	TRBV2*01	4.4e-05	0.35048037471176047
CASGTGEAGNTIYF	TRBV5-1*02	4.4e-05	0.3270228049368364
CASSPSPGNSGNTIYF	TRBV18*01	4.4e-05	0.40694569416592596
CASSLTSGSIHEQYF	TRBV6-5*01	4.3e-05	0.4254154060590057
CASRDRGYEQFF	TRBV2*01	4.3e-05	0.25867172738006333
CASKPRDSYEQYF	TRBV2*01	4.3e-05	0.47981897237517585
CSARKDVSYEQYF	TRBV20-1*01	4.3e-05	0.8871761981882641
CASSLARATEAFF	TRBV27*01	4.3e-05	0.3028252508768998
CSAPRQFYEQYF	TRBV20-1*01	4.3e-05	0.9499612525558253
CASSTQKAPSGRLRGTQYF	TRBV27*01	4.3e-05	0.9385840965407646
CASSLFPRGSFTEAFF	TRBV28*01	4.3e-05	0.8032401044558565
CASSLYSSSYNSPLHF	TRBV28*01	4.3e-05	0.34211432639625255
CASSEEGGRTNEKLFF	TRBV6-1*01	4.3e-05	0.3561154887950709
CASSLRQGGYNEQFF	TRBV28*01	4.3e-05	0.26280400539248877
CASSFSGRMGYGYTF	TRBV7-9*01	4.3e-05	0.6289878832387109
CASSRGHNTGELFF	TRBV27*01	4.3e-05	0.2597518234121088
CASSLVTGTLNYTF	TRBV7-2*01	4.3e-05	0.5524627668917581
CASRLAGQLYEQYF	TRBV28*01	4.3e-05	0.4851217322599208
CASRYPGQGGEQYF	TRBV6-5*01	4.3e-05	0.7264632517783137
CASSESTVSPLHF	TRBV10-1*01	4.3e-05	0.7623402544118063
CASSGNRESPLHF	TRBV10-1*01	4.3e-05	0.712157059635913
CAWSVVRNGYTF	TRBV30*01	4.3e-05	0.9096519754220826
CASSEQGYGYTF	TRBV6-1*01	4.3e-05	0.10494194829013918
CASSWAYNEQFF	TRBV6-2*01	4.3e-05	0.4329283174775563
CSARPSNQPQHF	TRBV20-1*05	4.3e-05	0.7531252166811979
CASSHGQGYTGEEAYEQYF	TRBV27*01	4.3e-05	0.5307310480616911
CASSFGPHPDNYNEQFF	TRBV28*01	4.3e-05	0.9506866026036321
CASSLQLRTTYNEQFF	TRBV28*01	4.3e-05	0.7770867868164374
CASSLIAGGPYDEQYF	TRBV28*01	4.3e-05	0.600559847139943
CASSRETGPNTEAFF	TRBV19*01	4.3e-05	0.3305799009311941
CASSYSGTSNQPQHF	TRBV6-5*01	4.3e-05	0.2903743779504503
CASSLAGQTYYEQYF	TRBV5-1*01	4.3e-05	0.3940753482679637
CSVDPGVGYTDGYTF	TRBV20-1*01	4.3e-05	0.9622923295079702
CSARDQAGGFGGYTF	TRBV20-1*01	4.3e-05	0.95653667188062
CASSLRDRLGEQYF	TRBV27*01	4.3e-05	0.5891470462917132
CASSPGSSGNTIYF	TRBV28*01	4.3e-05	0.11028961818704215
CASSQERETDTQYF	TRBV27*01	4.3e-05	0.511519058691304
CSARDAGGPYEQYF	TRBV20-1*01	4.3e-05	0.839011862764976
CAWSVGRNTEAFF	TRBV30*01	4.3e-05	0.3387913628939502
CASSGTDYYEQYF	TRBV19*03	4.3e-05	0.16998169257985604
CASGTVGTVEQYF	TRBV2*02	4.3e-05	0.8253637650467339
CASTRTETYEQYF	TRBV28*01	4.3e-05	0.38066947253578204
CASSLTGDYGYTF	TRBV5-1*01	4.3e-05	0.0968358303057694
CASSQLGYEQYF	TRBV2*03	4.3e-05	0.12918395596835383
CASSDSYNEQFF	TRBV28*01	4.3e-05	0.12130109691704298
CASSDRGLEQYF	TRBV10-2*01	4.3e-05	0.3897616713589519
CSLAGVGHEQYF	TRBV20-1*01	4.3e-05	0.8187847144466568
CATSLGYRSAIAETQPQHF	TRBV15*02	4.3e-05	0.9008099954488367
CASSLKGPTSGLSSYEQYF	TRBV7-3*01	4.3e-05	0.5305538780864277
CASSLLVTRLSSGNTIYF	TRBV28*01	4.3e-05	0.8658306298013948
CASSKNRDRVNPNYGYTF	TRBV11-2*01	4.3e-05	0.8674024068868229
CASSPLYRVHTNEKLFF	TRBV18*01	4.3e-05	0.7664076269765507
CASSYRQGGTTYNEQFF	TRBV6-2*01	4.3e-05	0.4138794308701353
CASSQGLLAAVYNEQFF	TRBV4-1*01	4.3e-05	0.6904510173967998
CASSPTGQSNYGYTF	TRBV18*01	4.3e-05	0.165214092813911
CASSLRLAIYNEQFF	TRBV27*01	4.3e-05	0.7149088612878933
CASRRGTGVDTEAFF	TRBV6-1*01	4.3e-05	0.39742359139208955
CSAPRDSWSSYEQYF	TRBV20-1*01	4.3e-05	0.8776619912427264
CASSHGQGAEEQYF	TRBV19*03	4.3e-05	0.5289535343971036
CASSPGTAGNTIYF	TRBV18*01	4.3e-05	0.23603279428655038
CASSSTSGGNEQYF	TRBV27*01	4.3e-05	0.21191685951321856
CASSPGTSGNEQFF	TRBV9*01	4.3e-05	0.27748514653074785
CASSPRGDRYGYTF	TRBV5-1*01	4.3e-05	0.3019122168638028
CSARPGPQNQPQHF	TRBV20-1*05	4.3e-05	0.9320587796590646
CASSTTVDTEAFF	TRBV18*01	4.3e-05	0.39007020295399114
CASSFSEEETQYF	TRBV27*01	4.3e-05	0.45311758030992627
CASSLRTWGEQYF	TRBV28*01	4.3e-05	0.8016855058052277
CASSPFYTGELFF	TRBV6-6*04	4.3e-05	0.40517448882870505
CASRQTGGLGYTF	TRBV6-2*01	4.3e-05	0.6312728045698835
CASSFEDTYEQYF	TRBV5-1*01	4.3e-05	0.4674333513571783
CASSLREYGYTF	TRBV18*01	4.3e-05	0.14942365366837793
CSARMGKTGATRNYGYTF	TRBV20-1*01	4.3e-05	0.9696212149819552
CAWSVRWSSGSTDTQYF	TRBV30*01	4.3e-05	0.8102214885945144
CASSKRTPQGAGTEAFF	TRBV6-2*01	4.3e-05	0.7172326925510832
CASSQDRRGVVGNTIYF	TRBV4-2*01	4.3e-05	0.52997779442557
CANSPGQGWANTGELFF	TRBV4-1*01	4.3e-05	0.7645459879738248
CAISESTAQPFSGYTF	TRBV10-3*01	4.3e-05	0.9305247474541706
CASSQPGTAGDTEAFF	TRBV6-2*01	4.3e-05	0.601224595248687
CASSEGGRPRPGEQYF	TRBV2*01	4.3e-05	0.828660324639409
CATARWGQGAYEQYF	TRBV28*01	4.3e-05	0.6892743030490234
CASSPTGHSGNTIYF	TRBV18*01	4.3e-05	0.2559803480905315
CASSYIRSSYNEQFF	TRBV6-2*01	4.3e-05	0.6201786886170306
CASSFPGTSDYEQYF	TRBV11-2*01	4.3e-05	0.40347848727823077
CASSLANAPNQPQHF	TRBV5-1*01	4.3e-05	0.49152249880405624
CASSWAPGSSYEQYF	TRBV5-1*01	4.3e-05	0.4904929087344259
CASSPGTGLSYEQYF	TRBV5-1*01	4.3e-05	0.3638584424594617
CATSGEGVGNEQFF	TRBV24-1*01	4.3e-05	0.500132206824321
CASGTGSSNYGYTF	TRBV19*01	4.3e-05	0.08049338214441697
CASGPLTTGNTIYF	TRBV27*01	4.3e-05	0.4414512885115703
CASSLVGSNTEAFF	TRBV7-9*01	4.3e-05	0.20848749260407412
CASSPGQGGEKLFF	TRBV7-9*04	4.3e-05	0.18269614350334365
CASSLEDHTGELFF	TRBV5-1*01	4.3e-05	0.5491569621759899
CASSYQVEREQYF	TRBV2*01	4.3e-05	0.7991411733385689
CASSPGQSYEQYF	TRBV18*01	4.3e-05	0.16871703231960394
CASIVQGDQPQHF	TRBV28*01	4.3e-05	0.40378595693125713
CASSSLDVEKLFF	TRBV11-2*01	4.3e-05	0.4872230285727667
CASSPPGNQPQHF	TRBV28*01	4.3e-05	0.23166482867627597
CSARVREGYEQFF	TRBV20-1*01	4.3e-05	0.9744973364363987
CSAKGTSAEPQHF	TRBV20-1*01	4.3e-05	0.961551352515296
CASSYSPGELFF	TRBV6-5*01	4.3e-05	0.31676892840315357
CASSLLGQGYTF	TRBV11-3*01	4.3e-05	0.18181920475227875
CASRLGGGGYTF	TRBV27*01	4.3e-05	0.16019837330985748
CSAKGPYEQYF	TRBV20-1*01	4.3e-05	0.8714726979905106
CASSLALAHRHSSYEQYF	TRBV11-2*01	4.3e-05	0.7641617963091278
CASSYSTGKNHLNYGYTF	TRBV6-5*01	4.3e-05	0.5959080981812623
CASSSIRIWGANQPQHF	TRBV28*01	4.3e-05	0.7040179715936368
CASRQSFNTGGASGYTF	TRBV27*01	4.3e-05	0.517411244910832
CASSYPGHLNTGELFF	TRBV6-5*01	4.3e-05	0.592881199121343
CASSLGRLAGGHEQYF	TRBV11-3*01	4.3e-05	0.43977454641945085
CASSIGGQSTYEQYF	TRBV19*01	4.3e-05	0.3801047838002167
CASTPDQFSSYEQYF	TRBV6-1*01	4.3e-05	0.477502362940947
CASSQVRTGGYGYTF	TRBV6-6*05	4.3e-05	0.3375956696783643
CASSLNQGSNTEAFF	TRBV5-1*01	4.3e-05	0.1455768765841491
CAISDGTESYEQYF	TRBV10-3*01	4.3e-05	0.5393610642590129
CASSIGTSGYEQYF	TRBV19*01	4.3e-05	0.18717455580456202
CASTVRASNYGYTF	TRBV9*01	4.3e-05	0.45552770490598893
CASSFSGFNEKLFF	TRBV27*01	4.3e-05	0.3199437563052464
CASSRTGGDYGYTF	TRBV6-6*04	4.3e-05	0.1273293083001673
CASSERPVYQPQHF	TRBV6-1*01	4.3e-05	0.6860432964227237
CASSLRGGLTEAFF	TRBV11-2*01	4.3e-05	0.17016250586594517
CASRSAERWNGYTF	TRBV27*01	4.3e-05	0.8055227965054155
CASSQGVNNSPLHF	TRBV4-1*01	4.3e-05	0.2918205110543313
CASSQEEGGTEAFF	TRBV4-1*01	4.3e-05	0.1794998988456767
CSAVIGGIGQPQHF	TRBV20-1*04	4.3e-05	0.8773818893105787
CSARFLGGAQPQHF	TRBV20-1*05	4.3e-05	0.8662673018535755
CASSLTQGYEQYF	TRBV2*01	4.3e-05	0.15612019392155793
CASSPQGSNGYTF	TRBV5-1*01	4.3e-05	0.3271866007985305
CAWTSGRLEFF	TRBV30*01	4.3e-05	0.8709070338190933
CATSRARTGKSEQYF	TRBV15*02	4.3e-05	0.7006253852293418
CASSPGTSGVDEQYF	TRBV7-9*01	4.3e-05	0.39728165931061526
CAISEREGAEGYTF	TRBV10-3*01	4.3e-05	0.7263983402080841
CASSPGKGSYEQYF	TRBV3-1*01	4.3e-05	0.20906462595967834
CAWTLWSYNEQFF	TRBV30*01	4.3e-05	0.8611177008720446
CASKTSGSYEQYF	TRBV10-1*01	4.3e-05	0.30346253631940023
CASSLGTYEQYF	TRBV28*01	4.3e-05	0.10234255036982602
CASSIYSRGYSNQPQHF	TRBV19*01	4.3e-05	0.42483817348731495
CASRPDRGSSYNSPLHF	TRBV19*01	4.3e-05	0.47728135466675214
CSARSRYRDRSNYGYTF	TRBV20-1*05	4.3e-05	0.984886614084419
CASSPELPLNTGELFF	TRBV3-1*01	4.3e-05	0.8325196073627513
CSARVHGPADNSPLHF	TRBV20-1*01	4.3e-05	0.9892000996973489
CASSLMEGPGNTIYF	TRBV18*01	4.3e-05	0.30605514943719603
CASSSRDRGNYGYTF	TRBV7-9*01	4.3e-05	0.20784177050680724
CASSLVSDLSGEQYF	TRBV5-1*01	4.3e-05	0.5778091471153245
CASSPGTSSYEQYF	TRBV19*03	4.3e-05	0.16486617986895377
CASTSEGFGPEAFF	TRBV28*01	4.3e-05	0.7681323636783344
CASGLGQTNYGYTF	TRBV10-2*01	4.3e-05	0.26980970914315827
CAWSVQGNKPQHF	TRBV30*01	4.3e-05	0.3226083510348514
CASSQGAGRVNEQFF	TRBV18*01	4.3e-05	0.5886546485754154
CASSPTGNQNTEAFF	TRBV6-6*04	4.3e-05	0.23089747054319376
CASSFERGGNSPLHF	TRBV5-1*01	4.3e-05	0.4478184302071925
CASSTQPGQGIVF	TRBV7-3*01	4.3e-05	0.4473916533956905
CATRQGITDTQYF	TRBV6-1*01	4.3e-05	0.7091618578056873
CAWRRSVEQYF	TRBV30*01	4.2e-05	0.7383407927705997
CAISVKGQYEQYF	TRBV10-3*01	4.2e-05	0.49934103378063505
CASSDGWAGAYEQYF	TRBV6-1*01	4.2e-05	0.6086882339475705
CASSPPGQNEQYF	TRBV18*01	4.2e-05	0.4163794042140129
CASTSVGYSNQPQHF	TRBV28*01	4.2e-05	0.23548946498419776
CAISDIPNYGYTF	TRBV10-3*01	4.2e-05	0.5621865943254444
CSAANRGDQPQHF	TRBV20-1*01	4.2e-05	0.7178598043543172
CASSYMDRSSYNSPLHF	TRBV6-5*01	4.2e-05	0.6742986870676649
CASSSAGSFYSNQPQHF	TRBV7-8*01	4.2e-05	0.37486290763284386
CAWSSYRTANEKLFF	TRBV30*01	4.2e-05	0.743274229839141
CASSGVLAGSYEQYF	TRBV2*01	4.2e-05	0.19823172228222016
CSARPPARRVEEQYF	TRBV20-1*01	4.2e-05	0.9944092109175622
CASSPQGHEGEQYF	TRBV18*01	4.2e-05	0.5693712190935993
CASSPGPTNYGYTF	TRBV11-2*01	4.2e-05	0.2029559293969119
CAWRALAGSRQYF	TRBV30*01	4.2e-05	0.9127674984107346
CASRTGMNTEAFF	TRBV27*01	4.2e-05	0.17598995950914395
CASRDVNTEAFF	TRBV5-1*01	4.2e-05	0.13763541144553054
CAIRGPYGYTF	TRBV10-3*01	4.2e-05	0.5233362224847538
CAWRDRLGTGLPWRNTIYF	TRBV30*01	4.2e-05	0.968395961101467
CASSFSPHDENRDHEQYF	TRBV28*01	4.2e-05	0.8649221144846755
CASSRGQGAGNTIYF	TRBV19*01	4.2e-05	0.18944588164554552
CASSPFSGRTYEQYF	TRBV18*01	4.2e-05	0.5195118927293952
CASSQDGGLDSPLHF	TRBV4-2*01	4.2e-05	0.5385968485428743
CASSQRGGSGSPLHF	TRBV3-1*01	4.2e-05	0.43505188728895156
CSARGSGTRTIEQYF	TRBV20-1*01	4.2e-05	0.9786268588829131
CASSRTGGRQPQHF	TRBV6-2*01	4.2e-05	0.1692665547721265
CASSLEAVPYEQYF	TRBV5-1*01	4.2e-05	0.603859546832645
CASSNRGNYEQYF	TRBV2*02	4.2e-05	0.2072633284301987
CSADGQGNQPQHF	TRBV20-1*01	4.2e-05	0.5648385661598501
CASGRGTGELFF	TRBV6-6*04	4.2e-05	0.17717891709796704
CASSLPGPEQYF	TRBV5-1*01	4.2e-05	0.48858598764785366
CASSTYGPRAGSSYEQYF	TRBV28*01	4.2e-05	0.7455277393365043
CASSYSSVAVNEKLFF	TRBV6-5*01	4.2e-05	0.6085945649498445
CASSYSNRRGYEKLFF	TRBV6-5*01	4.2e-05	0.6482648671163775
CASKPQAGEPLYEQYF	TRBV6-1*01	4.2e-05	0.8638368927382033
CATTDRSRNVDEQYF	TRBV24-1*01	4.2e-05	0.4512863994256111
CARKFPGAVSYEQYF	TRBV6-1*01	4.2e-05	0.9467003462495037
CASSQRFGSGNTIYF	TRBV4-1*01	4.2e-05	0.28491928397086924
CATRVSGGRNEQYF	TRBV28*01	4.2e-05	0.7439792141066481
CASSFGSRAGGYTF	TRBV27*01	4.2e-05	0.416839892064945
CASSNQGGGTEAFF	TRBV2*02	4.2e-05	0.10862305962574914
CASSTGQVYYGYTF	TRBV9*01	4.2e-05	0.36192704096420314
CSATPPRINTEAFF	TRBV20-1*01	4.2e-05	0.9201877870213606
CAITDREDYGYTF	TRBV28*01	4.2e-05	0.5901378865492023
CASSRTGDQPQHF	TRBV18*01	4.2e-05	0.09041815817725474
CASSEEADYGYTF	TRBV2*01	4.2e-05	0.15046944209741783
CASRTSGQETQYF	TRBV11-3*02	4.2e-05	0.37508185045732223
CSARDFKDTEAFF	TRBV20-1*01	4.2e-05	0.9014932734860779
CASSQSSYEQYF	TRBV10-1*01	4.2e-05	0.15009659042649848
CSARTHSDGYTF	TRBV20-1*02	4.2e-05	0.9794318144066397
CASSPGLAGNPYEQYF	TRBV6-6*04	4.2e-05	0.4589388300136022
CATSEGLAGNYEQYF	TRBV24-1*01	4.2e-05	0.30632614770458705
CASSMAGTGETEAFF	TRBV19*01	4.2e-05	0.2560917267796856
CASTRQGNVVNEQFF	TRBV6-1*01	4.2e-05	0.8335495569483128
CASSLGSGGHQPQHF	TRBV27*01	4.2e-05	0.2569773897557402
CASSPKWGQDYEQYF	TRBV27*01	4.2e-05	0.6364965065637026
CASSVLAGGGDTQYF	TRBV6-1*01	4.2e-05	0.24587763949387664
CASSLYSGQYNEQFF	TRBV7-3*01	4.2e-05	0.24793465289770128
CASSLVDRGRTEAFF	TRBV7-8*01	4.2e-05	0.6005357969514145
CASQLGDDFDYEQYF	TRBV5-1*01	4.2e-05	0.5418119621093846
CASSLAGSSGNTIYF	TRBV5-1*01	4.2e-05	0.1146972670230642
CASSLGLAGFDEQYF	TRBV5-1*01	4.2e-05	0.49528496160931335
CASSLDGGNQPQHF	TRBV19*01	4.2e-05	0.179079124897674
CASSIGRGLYEQYF	TRBV19*01	4.2e-05	0.287314360031438
CASSIGAGSYEQYF	TRBV19*01	4.2e-05	0.21211223179141284
CASSPDIRNQPQHF	TRBV18*01	4.2e-05	0.3286119595230119
CASSLIGGTYEQYF	TRBV27*01	4.2e-05	0.26793436229797324
CASSLGQANQPQHF	TRBV3-1*01	4.2e-05	0.11912214104393076
CASSGSSGIGEQYF	TRBV6-6*04	4.2e-05	0.4013988740965382
CASSSGRYRLGYTF	TRBV27*01	4.2e-05	0.6154051359843649
CASSRGDRDYGYTF	TRBV13*01	4.2e-05	0.14765687420570972
CSARRASGSYEQYF	TRBV20-1*01	4.2e-05	0.9137237673779701
CSARRDRVAYEQYF	TRBV20-1*01	4.2e-05	0.9669638679802027
CACAGGLTETQYF	TRBV30*01	4.2e-05	0.8036351721237682
CASSPGSSYEQYF	TRBV7-3*01	4.2e-05	0.15055488813940554
CASSTTGDTQYF	TRBV19*01	4.2e-05	0.18108966510144667
CSAPRRGYEQYF	TRBV20-1*01	4.2e-05	0.7761030163321616
CASSEWGELFF	TRBV3-1*01	4.2e-05	0.27024390986138774
CAGWGYEQYF	TRBV2*01	4.2e-05	0.5812638264927168
CASSPLSPGQGGNQPQHF	TRBV18*01	4.2e-05	0.5618278825891976
CASSPPGAGAYVVEAFF	TRBV18*01	4.2e-05	0.8160822819342913
CASSGIAGQGIYGYTF	TRBV19*01	4.2e-05	0.5649454537825567
CASSPQSGANNSPLHF	TRBV18*01	4.2e-05	0.430394704220541
CASSPSGTGLFYGYTF	TRBV6-6*03	4.2e-05	0.5753556384706291
CASSDPGLSSPYEQYF	TRBV6-1*01	4.2e-05	0.5316135082936894
CASSLAGGTGTNEQYF	TRBV7-2*01	4.2e-05	0.2927593238983327
CASSEADRSLYRYTF	TRBV6-1*01	4.2e-05	0.8179056193833067
CASSEASGGWEPQHF	TRBV2*01	4.2e-05	0.49069929128960643
CASSIPDRGVYGYTF	TRBV7-2*01	4.2e-05	0.563037448165136
CASSQEPDRGHEQYF	TRBV4-1*01	4.2e-05	0.8100705506428322
CATSDFDGQETQYF	TRBV24-1*01	4.2e-05	0.7638285285300423
CASTLPGSTYEQYF	TRBV28*01	4.2e-05	0.4763939137008151
CASSLWGNANEQFF	TRBV28*01	4.2e-05	0.4763714185454135
CASSWAFSNQPQHF	TRBV2*01	4.2e-05	0.839221219838131
CASSLGGGNYEQYF	TRBV3-1*01	4.2e-05	0.15380574035772845
CASRLDGSNTEAFF	TRBV28*01	4.2e-05	0.21918726852770684
CASKRTGLNQPQHF	TRBV6-1*01	4.2e-05	0.40789571226930066
CASSLGTGGYEQYF	TRBV5-1*01	4.2e-05	0.08515723824108037
CAWSTLEGGELFF	TRBV30*01	4.2e-05	0.8493309488193975
CASSYDRERGYTF	TRBV6-5*01	4.2e-05	0.5287136512403777
CASSLAPSYEQYF	TRBV13*01	4.2e-05	0.16948810486053384
CSARVLAGTEQYF	TRBV20-1*01	4.2e-05	0.9491148592191271
CSANTPADTEAFF	TRBV20-1*04	4.2e-05	0.9499097520883779
CSAQAGGGGEQFF	TRBV20-1*01	4.2e-05	0.8686012488787008
CSLHLPAGTEQYF	TRBV20-1*01	4.2e-05	0.9838278757868776
CASSLAGNTIYF	TRBV7-9*01	4.2e-05	0.13395021995184225
CASSPATYEQYF	TRBV7-9*01	4.2e-05	0.2558466675242005
CSAIGGNYGYTF	TRBV20-1*01	4.2e-05	0.8238034295251605
CSAAPQAGKQYF	TRBV20-1*01	4.2e-05	0.9710732373906406
CASSPQGSGDSYEQYF	TRBV28*01	4.2e-05	0.1948403683241497
CASSGGGRTANTEAFF	TRBV6-1*01	4.2e-05	0.293843500368612
CASSLVTGNSNYGYTF	TRBV5-1*01	4.2e-05	0.2255877980087473
CATRLRAGGSYEQYF	TRBV19*01	4.2e-05	0.6082049453728321
CASTISGQINTEAFF	TRBV28*01	4.2e-05	0.6379691793961004
CASSYSRVGPYEQYF	TRBV6-2*01	4.2e-05	0.4196255966452366
CASSSQGNSYNEQFF	TRBV7-6*01	4.2e-05	0.40321658092468365
CASKERGGSDYGYTF	TRBV5-1*01	4.2e-05	0.4396260574087336
CSARETSGRWSEQFF	TRBV20-1*01	4.2e-05	0.9879294633617751
CSARDEVGRDTEAFF	TRBV20-1*01	4.2e-05	0.9506680335599184
CAISEPGQGSGYTF	TRBV10-3*01	4.2e-05	0.5378837767754011
CATSPGYSNQPQHF	TRBV24-1*01	4.2e-05	0.3347604645634861
CASSRTGTGGMAFF	TRBV28*01	4.2e-05	0.8633195207525638
CASSGDSPTGELFF	TRBV2*01	4.2e-05	0.43600228446964684
CASSLGGRDYGYTF	TRBV11-2*01	4.2e-05	0.09352789238873867
CASRPTGAGGGYTF	TRBV11-1*01	4.2e-05	0.46773432121489117
CASRGGDGNTIYF	TRBV19*01	4.2e-05	0.31005192221523326
CASTYGGGTEAFF	TRBV6-1*01	4.2e-05	0.19192413387680818
CASSYADRPPQHF	TRBV6-5*01	4.2e-05	0.6889592821819301
CASSYGGMSGYTF	TRBV6-5*01	4.2e-05	0.5900291067586723
CASSDANTGELFF	TRBV6-1*01	4.2e-05	0.18019513826136765
CASREDNNYGYTF	TRBV6-1*01	4.2e-05	0.20517731906759273
CSARRVANTEAFF	TRBV20-1*01	4.2e-05	0.912457264236158
CSARVEGTYEQYF	TRBV20-1*01	4.2e-05	0.8519743168710145
CAIRTVSYEQYF	TRBV10-3*01	4.2e-05	0.42992622063106345
CASSERGAGEYF	TRBV6-1*01	4.2e-05	0.41160525114004964
CASSQAPGLAGVNYEQYF	TRBV4-1*01	4.2e-05	0.4240454941389525
CASIGLGSRGGTDTQYF	TRBV28*01	4.2e-05	0.6270147321666073
CASSPLGQGAKWNEQFF	TRBV27*01	4.2e-05	0.9162825683617094
CASSEYQGTGRSNEQFF	TRBV27*01	4.2e-05	0.6850990036528652
CASSCNQGAENEKLFF	TRBV28*01	4.2e-05	0.9146787764855402
CASSDPGGATNEKLFF	TRBV28*01	4.2e-05	0.32929226994562033
CASSLAVGSRVYEQYF	TRBV7-2*01	4.2e-05	0.37292435390701056
CASSQDRGHSNYGYTF	TRBV4-1*01	4.2e-05	0.4036623645464891
CASSIAFGRAYEQYF	TRBV19*01	4.2e-05	0.6475336013869487
CASSATTGIVGELFF	TRBV2*01	4.2e-05	0.48976433245882994
CASSVVPQGNYGYTF	TRBV9*01	4.2e-05	0.5049564220674642
CASSDLSGGSYEQYF	TRBV10-2*01	4.2e-05	0.15192675309224224
CASSTEGGFGTEAFF	TRBV5-1*01	4.2e-05	0.27729988848956194
CAGASGTSTDTQYF	TRBV30*05	4.2e-05	0.2768343683076013
CASSHSLPNQPQHF	TRBV7-9*01	4.2e-05	0.6076771668528863
CASSRGRPNTEAFF	TRBV28*01	4.2e-05	0.35947360133429596
CASRSRTGWKTQYF	TRBV7-2*01	4.2e-05	0.9040134743893243
CASLDREIGEQYF	TRBV2*01	4.2e-05	0.7112922324250784
CASSGQGAYEQYF	TRBV2*01	4.2e-05	0.17054376364768642
CASSRFGGNTIYF	TRBV11-2*01	4.2e-05	0.2233617586625448
CASSQTGEEEQYF	TRBV3-1*01	4.2e-05	0.3192209864290786
CASSDNSKGRAEF	TRBV6-6*05	4.2e-05	0.9606643985440703
CASRPGTNYGYTF	TRBV5-1*01	4.2e-05	0.22290633688234518
CASSIWNYGYTF	TRBV19*01	4.2e-05	0.38425434156030164
CASSELDEQFF	TRBV2*01	4.2e-05	0.2877368603476975
CASSLFDEQYF	TRBV7-9*01	4.2e-05	0.3477813511296788
CASREPGYTF	TRBV2*01	4.2e-05	0.31839384627201106
CASRPGLAGDNEQFF	TRBV2*01	4.2e-05	0.6431612992101197
CASRTGSGNSPLHF	TRBV2*02	4.2e-05	0.16848335882752968
CASSPRAGPYEQYF	TRBV18*01	4.2e-05	0.24846232435244472
CASSVEDFTGELFF	TRBV2*01	4.2e-05	0.5031229261264574
CASSLVYVNQPQHF	TRBV7-2*01	4.2e-05	0.5554434509718289
CASSQVANGQPQHF	TRBV3-1*01	4.2e-05	0.3724748308327683
CASRKTGGYTEAFF	TRBV6-1*01	4.2e-05	0.41828902361006437
CSVESSGRAYEQYF	TRBV29-1*01	4.2e-05	0.5860224318799137
CASSPVTLVELFF	TRBV28*01	4.2e-05	0.869784006805302
CASSEQGGGELFF	TRBV9*01	4.2e-05	0.18727102499989298
CASRDRGAYEQYF	TRBV6-1*01	4.2e-05	0.22811796151082264
CAWSDGNTEAFF	TRBV30*01	4.2e-05	0.4225867915143627
CATSFSGTGANEQFF	TRBV24-1*01	4.2e-05	0.5602350318290691
CASSVRGQGSQPQHF	TRBV2*01	4.2e-05	0.21381487802704743
CASSQIGHNNSPLHF	TRBV14*01	4.2e-05	0.48943433264526615
CSASPQGGGNQPQHF	TRBV20-1*04	4.2e-05	0.6952653111055803
CASSQWDSKTQYF	TRBV3-1*01	4.2e-05	0.9326784790801287
CASSEKPQGAESNQPQHF	TRBV6-1*01	4.2e-05	0.7091014805517452
CASSMPSYEQYF	TRBV19*01	4.1e-05	0.3385809249640705
CASSQRAGDYGYTF	TRBV3-1*01	4.1e-05	0.19253455380191642
CAWSVPLGGSGNTIYF	TRBV30*01	4.1e-05	0.8854414768740866
CASSLGRGRLKGEQYF	TRBV7-2*01	4.1e-05	0.7505311290337365
CAWSPSGLAYEKLFF	TRBV30*01	4.1e-05	0.672063928110334
CASSSAGTSGDEQYF	TRBV9*01	4.1e-05	0.21464718547421494
CASSSPTIGQPQHF	TRBV28*01	4.1e-05	0.44240365575699464
CASRGTGNTEAFF	TRBV6-1*01	4.1e-05	0.08676788104704256
CASSYSNTEAFF	TRBV6-5*01	4.1e-05	0.08433380428393676
CASSEARHQISGNTIYF	TRBV6-1*01	4.1e-05	0.6853038502068673
CASREGHSGLFVGGYTF	TRBV2*01	4.1e-05	0.5703211491972884
CASSFSVGTGTEAFF	TRBV28*01	4.1e-05	0.26236819752410895
CASSDPRTIFYEQYF	TRBV6-4*01	4.1e-05	0.8906997759347096
CASSLWVRSYGYTF	TRBV28*01	4.1e-05	0.904486810971847
CASSLGPGNYGYTF	TRBV5-1*01	4.1e-05	0.16029563440088557
CSAKRGARTEAFF	TRBV20-1*01	4.1e-05	0.9602206527685602
CASSLAGGLSRSYEQYF	TRBV27*01	4.1e-05	0.3955610169764569
CSARDPPDRSGNQPQHF	TRBV20-1*01	4.1e-05	0.9748361583511259
CAWSPTGLGRGQPQHF	TRBV30*01	4.1e-05	0.7550073452459392
CASSEESGVFGSPLHF	TRBV2*01	4.1e-05	0.8153868637470764
CASSLEGGSSGNTIYF	TRBV5-1*01	4.1e-05	0.11010712908504379
CASSLGTGTVYEQYF	TRBV27*01	4.1e-05	0.32052022003849184
CASSLGLAGEYEQYF	TRBV5-1*01	4.1e-05	0.11802771138322951
CSAPTQQGYGNTIYF	TRBV20-1*01	4.1e-05	0.8780068815686982
CAWSYTGPNEKLFF	TRBV30*01	4.1e-05	0.7018060278450454
CATSDLGRTGELFF	TRBV24-1*01	4.1e-05	0.6144422695828187
CASSLALNHYGYTF	TRBV28*01	4.1e-05	0.3142984138362386
CASSQIGGRYEQYF	TRBV27*01	4.1e-05	0.22781512796107742
CASLTGSNTEAFF	TRBV18*01	4.1e-05	0.1712347281715358
CASSFGGDYGYTF	TRBV5-1*01	4.1e-05	0.12195803465755313
CSARGGGTYGYTF	TRBV20-1*01	4.1e-05	0.7793570997368136
CSAPGHSLWKQYF	TRBV20-1*01	4.1e-05	0.9889113183305933
CASTLLGGRYSNQPQHF	TRBV28*01	4.1e-05	0.48954844746178056
CASSSTRGWHSNYGYTF	TRBV7-8*01	4.1e-05	0.7089637568645948
CASSAGQAFSGNTIYF	TRBV6-6*05	4.1e-05	0.5017276486544151
CASSLGLGTASYEQYF	TRBV5-1*01	4.1e-05	0.3801286173555932
CASSIPDRVNQPQHF	TRBV19*01	4.1e-05	0.6171694086474795
CASSLGQGSSQPQHF	TRBV27*01	4.1e-05	0.1634155824198767
CASSATGASNQPQHF	TRBV6-4*01	4.1e-05	0.12779040194126035
CSARPGGNTGELFF	TRBV20-1*01	4.1e-05	0.8369491796557759
CAWSVSSNQPQHF	TRBV30*01	4.1e-05	0.16752618969426614
CASMGGSNQPQHF	TRBV28*01	4.1e-05	0.27737642692425934
CASTEGGNYGYTF	TRBV9*01	4.1e-05	0.13907249305405472
CASSQGPVESYTF	TRBV4-1*01	4.1e-05	0.6028181138511061
CASSSGDYGYTF	TRBV28*01	4.1e-05	0.09507988433331434
CASSGTGDEQYF	TRBV5-1*01	4.1e-05	0.2024849817357861
CSVVGINYGYTF	TRBV29-1*02	4.1e-05	0.7600824740377837
CASSYSELAGVSTDTQYF	TRBV6-2*01	4.1e-05	0.6191002309151699
CATSDLRGPRSNQPQHF	TRBV24-1*01	4.1e-05	0.8613042873540122
CASTGTYSTSPNTEAFF	TRBV27*01	4.1e-05	0.778752683524693
CASSYHLQGSGNQPQHF	TRBV2*01	4.1e-05	0.6966335714424772
CASRSDRALLYNSPLHF	TRBV28*01	4.1e-05	0.7836385407379541
CASSAHPLANTGELFF	TRBV6-1*01	4.1e-05	0.6962095552557164
CASSLVDGANYGYTF	TRBV18*01	4.1e-05	0.23502841459697632
CASGPLTGYNQPQHF	TRBV6-2*01	4.1e-05	0.46735536391295784
CASIPVGPGNSPLHF	TRBV2*01	4.1e-05	0.801133750029928
CASTTDRYSNQPQHF	TRBV6-1*01	4.1e-05	0.4090523892940864
CASSVLGSGNTEAFF	TRBV6-1*01	4.1e-05	0.158347480787683
CASRQSLPNTGELFF	TRBV5-1*01	4.1e-05	0.601468150509485
CAWMGGGALYGYTF	TRBV30*01	4.1e-05	0.8774789662434328
CASSIWGKGTEAFF	TRBV19*01	4.1e-05	0.617638793883258
CASRVGGGTGELFF	TRBV2*01	4.1e-05	0.22988063459160704
CSAGLGGVGTEAFF	TRBV20-1*01	4.1e-05	0.76839222378197
CAWSHGANTEAFF	TRBV30*01	4.1e-05	0.3301470195951981
CAWSVRGLHEQYF	TRBV30*01	4.1e-05	0.6502626600716566
CASSIGQAYEQYF	TRBV19*01	4.1e-05	0.24104024965152662
CASPSGANYEQYF	TRBV6-4*01	4.1e-05	0.42859694833943923
CASSLFSYNEQFF	TRBV27*01	4.1e-05	0.26892644477148925
CASMDRVYGYTF	TRBV6-1*01	4.1e-05	0.641150895310469
CASSPTYGYTF	TRBV28*01	4.1e-05	0.15624270400291485
CSASLGTGGPSAFSSYEQYF	TRBV20-1*04	4.1e-05	0.9392700507491866
CASSFPRSGINTGELFF	TRBV7-8*01	4.1e-05	0.7159439150170213
CASSYPGTGGLNYGYTF	TRBV7-2*01	4.1e-05	0.38430089541631546
CASSPGLAGAAYNEQFF	TRBV5-1*01	4.1e-05	0.4492785942931423
CASSPYGYSGANVLTF	TRBV19*01	4.1e-05	0.570937883106128
CASSPHLETGNYGYTF	TRBV28*01	4.1e-05	0.6798806211239975
CASSLTSGRAFDEQYF	TRBV5-1*01	4.1e-05	0.7618262924721088
CASTKDRVGTGELFF	TRBV27*01	4.1e-05	0.5136956205409069
CASSYGGGAGNEQFF	TRBV6-2*01	4.1e-05	0.4607154427139295
CASSLVYTGSDGYTF	TRBV7-8*01	4.1e-05	0.6185287662706953
CASSQEIGANYGYTF	TRBV4-2*01	4.1e-05	0.39622122880138455
CSASTSGREHNEQFF	TRBV20-1*04	4.1e-05	0.8992914391789077
CSARPQTGDSYEQYF	TRBV20-1*01	4.1e-05	0.9421488594155232
CAISEEGSSYEQYF	TRBV10-3*01	4.1e-05	0.26430059029390446
CASIRITGGTEAFF	TRBV27*01	4.1e-05	0.6526709477118585
CASTLAGGSYEQYF	TRBV6-1*01	4.1e-05	0.17698102105531746
CASSSGTRYNEQFF	TRBV6-2*01	4.1e-05	0.35678563955411696
CASSKRGEYNEQFF	TRBV2*02	4.1e-05	0.3833302483781543
CASSLSRENSPLHF	TRBV5-1*01	4.1e-05	0.29623255591300895
CASSQATSVDEQYF	TRBV4-1*01	4.1e-05	0.6408943965061313
CAWAPKFVQPQHF	TRBV30*05	4.1e-05	0.9359426442517084
CASHSGGDTEAFF	TRBV28*01	4.1e-05	0.33640443119275015
CSARTGRFSGYTF	TRBV20-1*02	4.1e-05	0.949321471119381
CATSRENREQYF	TRBV15*01	4.1e-05	0.4851276427848765
CAWSTGGEQYF	TRBV30*01	4.1e-05	0.39352174470574197
CSAQQGGEQYF	TRBV20-1*01	4.1e-05	0.8187303180011254
CASRPRQGSISGANVLTF	TRBV6-1*01	4.1e-05	0.6711404245308505
CASSYSSGGGGNQPQHF	TRBV6-5*01	4.1e-05	0.21535354291973607
CASSPPGGNIYNEQFF	TRBV18*01	4.1e-05	0.7263611064841208
CASYPLAGASYNEQFF	TRBV2*01	4.1e-05	0.7689473618531434
CASSYTRGKENNEQFF	TRBV6-2*01	4.1e-05	0.8430581957712159
CSVEKWTGVMNTEAFF	TRBV29-1*01	4.1e-05	0.9103628978389977
CASVLPPQGPYGYTF	TRBV6-5*01	4.1e-05	0.8788353266637513
CASSPGRNTGELFF	TRBV2*01	4.1e-05	0.16608390042705692
CASSEPRLQYEQYF	TRBV2*01	4.1e-05	0.4084463916304971
CASSLIAGVEEQYF	TRBV11-3*01	4.1e-05	0.6471503284003944
CASSRLAGRDTQYF	TRBV6-4*01	4.1e-05	0.5004235952079149
CASNPRHKTDEAFF	TRBV6-6*04	4.1e-05	0.7911926376433315
CASSEGGAAYGYTF	TRBV10-2*01	4.1e-05	0.20892214361975853
CASSADSSGNTIYF	TRBV10-1*01	4.1e-05	0.18547538881144102
CASSLSPNTEAFF	TRBV28*01	4.1e-05	0.17746157388135628
CASNSGSENEQFF	TRBV6-1*01	4.1e-05	0.30329498560887763
CASSMTNQPQHF	TRBV19*01	4.1e-05	0.1502835984972519
CASSLGRGPQYF	TRBV11-2*01	4.1e-05	0.23395277093322633
CASSRQFTEAFF	TRBV28*01	4.1e-05	0.3215558000286826
CSALTGNTEAFF	TRBV20-1*01	4.1e-05	0.6663302929092024
CSANLNSYEQYF	TRBV20-1*01	4.1e-05	0.7811185871140637
CASSFYHEQYF	TRBV28*01	4.1e-05	0.6241266075784809
CSAYRAYEQYF	TRBV20-1*01	4.1e-05	0.8995837507650836
CASSTAPGTGTSYEQYF	TRBV19*03	4.1e-05	0.26969436287747545
CASSLNPRDRGSYEQYF	TRBV28*01	4.1e-05	0.8677999288547483
CASSPPGLAGETGELFF	TRBV6-2*01	4.1e-05	0.4903045195177815
CASSPEGQGTSYEQYF	TRBV4-2*01	4.1e-05	0.31494169652930154
CASSQETGVSNQPQHF	TRBV4-2*01	4.1e-05	0.45768339001812236
CATSGGAQSGNTIYF	TRBV15*02	4.1e-05	0.36505183923433465
CSARDPRTGSEKLFF	TRBV20-1*01	4.1e-05	0.9409909138033881
CASSTGESGNTIYF	TRBV19*01	4.1e-05	0.18367254052665755
CASSMKGASYGYTF	TRBV19*01	4.1e-05	0.4553445202708573
CASSSILLAYEQYF	TRBV28*01	4.1e-05	0.315198591139227
CASSAATGGEQYF	TRBV19*01	4.1e-05	0.2190066013810924
CASSPLIGNTIYF	TRBV18*01	4.1e-05	0.27749298577583514
CASSLGVGQPQHF	TRBV27*01	4.1e-05	0.12426068686362948
CASSLYYEQYF	TRBV11-2*01	4.1e-05	0.15593395533172688
CAISESRQPQSGNTIYF	TRBV10-3*01	4.1e-05	0.4696284920386494
CASSLFPRQTSYNEQFF	TRBV28*01	4.1e-05	0.7864144571795294
CAISESGISGNTIYF	TRBV10-3*01	4.1e-05	0.5311585317053339
CASSSGPVSYTEAFF	TRBV6-5*01	4.1e-05	0.47153605177544056
CASSWGQGMSYEQYF	TRBV6-5*01	4.1e-05	0.3755067924540812
CASSPPGGSSYEQYF	TRBV6-6*05	4.1e-05	0.32557433605216757
CASSQGRQGYSPLHF	TRBV11-3*01	4.1e-05	0.5624613126728446
CASSLQAFRSPLHF	TRBV28*01	4.1e-05	0.9026791192643523
CASSAGPVNEKLFF	TRBV28*01	4.1e-05	0.2944619424316703
CASSLVRYNEKLFF	TRBV11-2*01	4.1e-05	0.4415351393229677
CASSQDEGSYEQYF	TRBV4-2*01	4.1e-05	0.22120979327707355
CASSPPSTDTQYF	TRBV18*01	4.1e-05	0.3191049367963389
CASSLDRGTEAFF	TRBV27*01	4.1e-05	0.13673350479763638
CASSLPKIPEAFF	TRBV28*01	4.1e-05	0.9436353339907154
CASRQGSGTEAFF	TRBV7-2*01	4.1e-05	0.17570850713759398
CASSPGSYEQYF	TRBV4-2*01	4.1e-05	0.11829972239694254
CASSVGQGGYTF	TRBV9*01	4.1e-05	0.13151365329061282
CASSLEDTEAFF	TRBV5-1*01	4.1e-05	0.10783243296332869
CSAIRGETEAFF	TRBV20-1*02	4.1e-05	0.7737129862380969
CASSEGKEQYF	TRBV6-1*01	4.1e-05	0.3808500272925266
CASSEESRAFF	TRBV6-1*01	4.1e-05	0.7100792063319576
CSVEQAGWRNTEAFF	TRBV29-1*01	4.1e-05	0.9679816685314855
CASSAQNRGGGYTF	TRBV9*03	4.1e-05	0.37572904494484155
CSARDTLAGPPHF	TRBV20-1*01	4.1e-05	0.9848970370761393
CASSTPRGRNSSNQPQHF	TRBV19*01	4.1e-05	0.6188832226294575
CASSRQGTNEKLFF	TRBV18*01	4.1e-05	0.18374009552933684
CASSPPGAIGYTF	TRBV28*01	4.1e-05	0.5990071492110798
CASSFEAYEQYF	TRBV7-2*01	4.1e-05	0.28180453004734024
CASSPPGGQVFNEQFF	TRBV18*01	4.1e-05	0.8636787766562525
CASSSSTGANTQYF	TRBV7-9*01	4e-05	0.19426680589622464
CASSPGDRGNSPLHF	TRBV4-2*01	4e-05	0.35207755031870125
CASSRPFLTYEQYF	TRBV28*01	4e-05	0.6206284784523095
CSARGDRDYEQYF	TRBV20-1*01	4e-05	0.7650189696720006
CASSFNGLVINTGELFF	TRBV28*01	4e-05	0.7787593176783875
CASSPTDGVRGFYGYTF	TRBV4-1*01	4e-05	0.7382204176137156
CASSSAPGGGSYEQYF	TRBV6-5*01	4e-05	0.16988957800588206
CASREAGGTSPYEQYF	TRBV6-2*01	4e-05	0.4541088642507582
CASSPQEGDTNYGYTF	TRBV4-1*01	4e-05	0.2153003082761127
CASRAQGDGNSPLHF	TRBV2*01	4e-05	0.24911011464522775
CASSEHRGLYEQYF	TRBV6-1*01	4e-05	0.4729208665999811
CASSFEGVGAEAFF	TRBV7-9*01	4e-05	0.7219490981877792
CASSQEGTNYEQYF	TRBV3-1*01	4e-05	0.20707823632841482
CASRGFGPGNTIYF	TRBV5-1*01	4e-05	0.41448899854752674
CASRVELNTEAFF	TRBV2*01	4e-05	0.37925182023381016
CASNRQPNTEAFF	TRBV2*01	4e-05	0.32836864530426624
CASSLQGEGGYTF	TRBV5-1*01	4e-05	0.1465361142162491
CATSRETGPTPHYGYTF	TRBV15*01	4e-05	0.8085022832020892
CASSPFDRLSYNSPLHF	TRBV28*01	4e-05	0.7458749185526998
CASSLLRGSGSYEQYF	TRBV19*01	4e-05	0.3347693845554877
CASSFSQGTSNQPQHF	TRBV28*01	4e-05	0.2370670215681805
CASSSTGEDYQPQHF	TRBV6-6*05	4e-05	0.30516560610500393
CASSVESVPSYEQYF	TRBV9*01	4e-05	0.37789510518777564
CASSLGQASGNTIYF	TRBV5-1*01	4e-05	0.21395676732062868
CASSVPGTGSGEQYF	TRBV5-1*01	4e-05	0.34266530591976846
CASRSSTGAYGYTF	TRBV28*01	4e-05	0.21836345155255735
CASTGQEGTEAFF	TRBV2*01	4e-05	0.266820052985605
CASSLDGYYGYTF	TRBV5-1*01	4e-05	0.2882729597585979
CSARASYTGELFF	TRBV20-1*01	4e-05	0.8958920359620968
CASSQVAGGYTF	TRBV4-1*01	4e-05	0.2362467892276064
CAWSGGGELFF	TRBV30*01	4e-05	0.524733359618711
CASSYRGVATMGSPLHF	TRBV6-5*01	4e-05	0.9175199364556144
CASSKGSAGDGETQYF	TRBV6-8*01	4e-05	0.6816031009769723
CASSLARAGWSYEQYF	TRBV5-1*01	4e-05	0.5305185010637887
CSARELGRDQNYEQYF	TRBV20-1*01	4e-05	0.9257183629956444
CASSRTGLGDQPQHF	TRBV18*01	4e-05	0.4830501307682379
CASRASTGPGNTIYF	TRBV10-3*01	4e-05	0.22978582678236364
CAISESWGADGYTF	TRBV10-3*01	4e-05	0.8539145671865319
CASSLQGFNQPQHF	TRBV28*01	4e-05	0.2232466783141649
CASSLGGGYTEAFF	TRBV27*01	4e-05	0.18025533768125646
CASSLVGGGHEQYF	TRBV11-2*01	4e-05	0.2365776997522739
CASSQTGRDYGYTF	TRBV14*01	4e-05	0.2615610862364397
CASKMTDSNQPQHF	TRBV6-1*01	4e-05	0.6337831244264942
CASSLGAGDHEQYF	TRBV5-1*01	4e-05	0.391372346511964
CAAGQGAPYEQYF	TRBV27*01	4e-05	0.6309634154640402
CSARSSLTYGYTF	TRBV20-1*05	4e-05	0.8870904726793947
CAGGNLYEQYF	TRBV6-1*01	4e-05	0.731845879849624
CSAVGGRQYF	TRBV20-1*01	4e-05	0.9014175989049237
CATSRDGAGRQAHGGYTF	TRBV15*01	4e-05	0.7302920775656889
CASSPGTGQGYSNQPQHF	TRBV7-2*01	4e-05	0.2681752693281186
CASQKAGTSGTGELFF	TRBV28*01	4e-05	0.5683105604249589
CASSLWAGTGGIEQYF	TRBV28*01	4e-05	0.697382531206436
CASSYSAVRPITEAFF	TRBV6-5*01	4e-05	0.927469218531034
CASSRGTGLDNQPQHF	TRBV3-1*01	4e-05	0.5401888084764818
CASNQLGRRNQPQHF	TRBV19*03	4e-05	0.6458128579128268
CASSFGQGAAYEQYF	TRBV7-8*01	4e-05	0.24621877518204938
CASSLQGSLNTEAFF	TRBV7-2*01	4e-05	0.25452172485743496
CASNREGVGGSEQFF	TRBV2*02	4e-05	0.568055136509809
CASRRGNSLYEQYF	TRBV6-1*01	4e-05	0.720331969013356
CASIEYGSTYEQYF	TRBV2*01	4e-05	0.6628728077883509
CASSSTGGPNEQFF	TRBV13*01	4e-05	0.357987303788019
CASSRAGIGYGYTF	TRBV3-1*01	4e-05	0.3247020427599889
CASSQRDPYNEQFF	TRBV28*01	4e-05	0.5077371753697995
CASSSGTDNSPLHF	TRBV5-1*01	4e-05	0.1599365530740062
CAWGGRGSGEQYF	TRBV30*05	4e-05	0.7128907001862722
CAWSVDREAEAFF	TRBV30*01	4e-05	0.8203240061693658
CAGGTGLGNTIYF	TRBV2*01	4e-05	0.4320346492273755
CASMVWGRNTIYF	TRBV6-1*01	4e-05	0.796026378569493
CASSSQGNYGYTF	TRBV7-8*01	4e-05	0.13839050443479248
CSAFGTGNTEAFF	TRBV20-1*01	4e-05	0.745609080253737
CSAPPRQGPQHF	TRBV20-1*01	4e-05	0.941969451732467
CASSLDLLRNRGRITGELFF	TRBV7-2*01	4e-05	0.9565612372920557
CATLPPPGQGASNEKLFF	TRBV28*01	4e-05	0.9098224592069082
CSARDKSFEGLSGNTIYF	TRBV20-1*01	4e-05	0.9827022394373293
CAWSGQGRTGANVLTF	TRBV30*01	4e-05	0.5467003823772163
CAISERTGDSNQPQHF	TRBV10-3*01	4e-05	0.3542597731472693
CASSIYHERTYNEQFF	TRBV19*01	4e-05	0.9333109333349112
CASSCREGAPGQPQHF	TRBV27*01	4e-05	0.930547386309709
CASSPLAVSSYNEQFF	TRBV28*01	4e-05	0.48809810591927777
CASSLSALGGNTIYF	TRBV19*01	4e-05	0.3946519999772571
CASSSTGTDSYEQYF	TRBV7-9*01	4e-05	0.17056217902762408
CASRNRSVAYNEQFF	TRBV27*01	4e-05	0.5141704011459205
CASSQDHRGGQPQHF	TRBV4-1*01	4e-05	0.3565380532572408
CSVGQGAVGNQPQHF	TRBV20-1*01	4e-05	0.749352765698376
CSAGLTGSDNSPLHF	TRBV20-1*05	4e-05	0.7179923980280356
CASSLKDVNYEQYF	TRBV28*01	4e-05	0.34524213673701465
CASSYTRTSTDLFF	TRBV6-5*01	4e-05	0.8479523894647876
CASSTGWQGRGYTF	TRBV6-6*03	4e-05	0.7648583378440796
CASSPGQGLYGYTF	TRBV28*01	4e-05	0.19082321972551597
CASSQGGGYYGYTF	TRBV3-1*01	4e-05	0.161874051403618
CAIFGQTNYGYTF	TRBV10-3*01	4e-05	0.6372520344766343
CASSFQDPDTQYF	TRBV19*01	4e-05	0.69107452199817
CASTTSGGYGYTF	TRBV6-1*01	4e-05	0.1676565374483176
CASSQQYGSPLHF	TRBV11-3*01	4e-05	0.6464014431981654
CASRLGGTGELFF	TRBV28*01	4e-05	0.16178691282631438
CSAAGLAGYEQYF	TRBV20-1*01	4e-05	0.774838258499958
CASSLPYTEAFF	TRBV11-2*01	4e-05	0.29313641627202375
CASRGAYTEAFF	TRBV28*01	4e-05	0.25734903830587025
CASSSSGTGRLRASSGNTIYF	TRBV28*01	4e-05	0.7224768509786302
CAISALGVPMNTEAFF	TRBV10-3*01	4e-05	0.8936560050092249
CASSFQPGQGDYGYTF	TRBV27*01	4e-05	0.37626205446984046
CAWSVFGIINSPLHF	TRBV30*01	4e-05	0.8343135383920297
CASSIVQRGTYEQYF	TRBV19*01	4e-05	0.4592113040334597
CASSPSGVSGNTIYF	TRBV18*01	4e-05	0.22967683066855724
CASSGTGVDTGELFF	TRBV2*01	4e-05	0.22831131970888335
CASSLGYGQGAEQYF	TRBV11-3*01	4e-05	0.4867720483958622
CASSLQTGPNYGYTF	TRBV7-3*01	4e-05	0.35705789088270423
CASSQGDRYNSPLHF	TRBV4-1*01	4e-05	0.49574167146732806
CASTDWEGNQPQHF	TRBV6-2*01	4e-05	0.35035549926262327
CASAGAGGFYEQYF	TRBV6-6*05	4e-05	0.32024438212636147
CASSPQGNQQPQHF	TRBV6-6*04	4e-05	0.46013608338920703
CASSLVSYQETQYF	TRBV6-6*05	4e-05	0.49290200326001166
CASSQIGTAIKAFF	TRBV3-1*01	4e-05	0.8752454200358663
CASSWGQGIYEQYF	TRBV5-1*01	4e-05	0.31977941255648484
CASSPTTGGRGYTF	TRBV4-1*01	4e-05	0.5024527859628954
CSAREFQESHGYTF	TRBV20-1*01	4e-05	0.984089651824551
CSARIGTNPWALHF	TRBV20-1*01	4e-05	0.9629412621067934
CAIAGYSSYEQYF	TRBV10-3*01	4e-05	0.5615915915904633
CASRGQGRYEQYF	TRBV19*01	4e-05	0.20441238117779403
CASSPPSVDTQYF	TRBV18*01	4e-05	0.4917860827629501
CASSLWQGYEQYF	TRBV7-9*01	4e-05	0.28306066450630896
CASSLRVAETQYF	TRBV11-2*01	4e-05	0.5028644524058451
CASRGRGNTEAFF	TRBV6-1*01	4e-05	0.10017640935388475
CASRENMGARYTF	TRBV6-1*01	4e-05	0.9528752536748173
CASSRDNYEQYF	TRBV5-1*01	4e-05	0.3066268437188068
CASRTGGGYTF	TRBV19*01	4e-05	0.12047784329492342
CASRQGFEAFF	TRBV2*01	4e-05	0.42893923010401597
CASSLGAPGGNTGELFF	TRBV18*01	4e-05	0.34264626853665875
CASSLVASAGAGNTIYF	TRBV7-2*01	4e-05	0.5359693648310973
CASSTGTRAGGVEQYF	TRBV7-8*01	4e-05	0.6217822034477622
CASSLAASGTAYEQYF	TRBV5-1*01	4e-05	0.315408363305643
CASIGTSGRAHEQFF	TRBV27*01	4e-05	0.7329847317741173
CASTILAGGGDEQFF	TRBV6-5*01	4e-05	0.6605125757973235
CASSLTGGTYNEQFF	TRBV7-3*01	4e-05	0.2099000245555072
CASSYRDSPTYEQYF	TRBV5-5*01	4e-05	0.771610561024197
CSARDPLAGPYEQYF	TRBV20-1*01	4e-05	0.9414645234563311
CSASLLSGGGYEQYF	TRBV20-1*01	4e-05	0.8291422338660082
CASGAGVGSYEQYF	TRBV2*01	4e-05	0.30645232242955245
CASSPGLAGGLYDF	TRBV28*01	4e-05	0.6412518213288236
CASSPSYPSYEQYF	TRBV27*01	4e-05	0.431529733991851
CASSQDGQGYEQYF	TRBV4-2*01	4e-05	0.22778700740987576
CSAFDSPSSYEQYF	TRBV20-1*01	4e-05	0.9556003825774422
CSARDWRGSGEQYF	TRBV20-1*01	4e-05	0.9540460648627371
CASSLTGTGSAFF	TRBV28*01	4e-05	0.43105520507952433
CASSLEGGTEAFF	TRBV5-1*01	4e-05	0.1115386506472409
CSAARDTIYEQYF	TRBV20-1*01	4e-05	0.8618590525122647
CSARVASTYEQYF	TRBV20-1*01	4e-05	0.9178418247194994
CSGRLDQETQYF	TRBV29-1*01	4e-05	0.8564759409480683
CATSRLLGDGGRGEQYF	TRBV28*01	4e-05	0.695682283414167
CASSWYGRDGDAYEQYF	TRBV11-3*01	4e-05	0.8438413239151773
CASSLGLAGAYNEQFF	TRBV5-1*01	4e-05	0.19976816665626024
CASSTGSWRQETQYF	TRBV6-6*03	4e-05	0.7184499143058141
CASSLEEGMNTEAFF	TRBV11-3*01	4e-05	0.2053739139337998
CASSHPAGGADTQYF	TRBV4-2*01	4e-05	0.548313222835016
CASRRLGQKDNEQFF	TRBV11-2*01	4e-05	0.8861253800684266
CASSDVSKNTEAFF	TRBV2*01	4e-05	0.40253887320523213
CASRLGLSNSPLHF	TRBV2*02	4e-05	0.48206051799861915
CASSQDWGQPQHF	TRBV3-1*01	4e-05	0.40687831639701644
CSATRGPGTEAFF	TRBV20-1*02	4e-05	0.7864217455330105
CSGGQGVFYEQYF	TRBV29-1*01	4e-05	0.8955225430284416
CASSDRPSGGRYSNQPQHF	TRBV6-4*01	4e-05	0.46229686020142985
CASSPRQGVGSYEQYF	TRBV19*01	4e-05	0.22997696867884498
CASSCRVPMNTEAFF	TRBV6-5*01	4e-05	0.6937899565489895
CASSRAETQYF	TRBV6-1*01	4e-05	0.268705607048657
CASSEWDGGTDTQYF	TRBV2*03	4e-05	0.4661330111037205
CASRTANTEAFF	TRBV27*01	4e-05	0.11515309419164595
CASSSDSGSIDEQYF	TRBV27*01	3.9e-05	0.3654844209044938
CASQELANGGYTF	TRBV2*01	3.9e-05	0.7008712175399564
CASSQQGQFWSPLHF	TRBV19*03	3.9e-05	0.9366032691118054
CASCPYGSSYNEQFF	TRBV28*01	3.9e-05	0.7357117411457167
CASRPRDRPALTLHF	TRBV6-2*01	3.9e-05	0.9437125998015632
CAREGSSGCYNEQFF	TRBV27*01	3.9e-05	0.6370982681532579
CASSGRRVAGNTIYF	TRBV28*01	3.9e-05	0.4120690388901492
CASSMKGPNQPQHF	TRBV19*01	3.9e-05	0.4839401075940108
CASSLQGQGTEAFF	TRBV27*01	3.9e-05	0.10623193477656302
CASRDTDRANEQYF	TRBV6-1*01	3.9e-05	0.4592913690814188
CAWDTGGMQPQHF	TRBV30*05	3.9e-05	0.7337291827019029
CASSFGQRDGYTF	TRBV4-1*01	3.9e-05	0.54561543423321
CASSLLVRQGKSPLHF	TRBV27*01	3.9e-05	0.9158978489516694
CASSTGRDISNQPQHF	TRBV11-3*01	3.9e-05	0.37637679549367087
CASRLQGGANYGYTF	TRBV19*01	3.9e-05	0.25334993027089414
CASSYSGGLSTEAFF	TRBV6-5*01	3.9e-05	0.41142773570175095
CASSLDRENYGYTF	TRBV6-6*05	3.9e-05	0.1565116741131905
CASSPSWGTEAFF	TRBV18*01	3.9e-05	0.33745463581827356
CASSLGKNTEAFF	TRBV5-1*01	3.9e-05	0.1224890610606471
CSAPDKTYEQYF	TRBV20-1*01	3.9e-05	0.8951591420415964
CASIGRPGTSSYNSPLHF	TRBV6-6*04	3.9e-05	0.6108340791739022
CASSSRRVWREGYEQYF	TRBV28*01	3.9e-05	0.9649252532500402
CSARDAGQREGNTIYF	TRBV20-1*01	3.9e-05	0.9113448157001826
CATSERGRDTGELFF	TRBV24-1*01	3.9e-05	0.4250123589102094
CASSLTGQGGEKLFF	TRBV7-3*01	3.9e-05	0.2709373649842836
CSHRSGIGGNYGYTF	TRBV20-1*01	3.9e-05	0.8977475460166329
CAWSSVMGVYGYTF	TRBV30*01	3.9e-05	0.5484891544008412
CASSLGQVPQPQHF	TRBV28*01	3.9e-05	0.5954580400097131
CSARDNYYEQYF	TRBV20-1*01	3.9e-05	0.9331637226283686
CASSLNLLASTNTGELFF	TRBV5-1*01	3.9e-05	0.6319798750570933
CASSYSGDRANTGELFF	TRBV6-5*01	3.9e-05	0.3090001407235154
CASKRGAGSDYNEQFF	TRBV11-3*01	3.9e-05	0.49770623937044034
CASSLDGAGSTDTQYF	TRBV5-1*01	3.9e-05	0.3618426804560099
CATSDGGMVNQPQHF	TRBV24-1*01	3.9e-05	0.7494929922333231
CASSRIQGSVDEQYF	TRBV18*01	3.9e-05	0.6971245749270082
CASSFPHSYNSPLHF	TRBV28*01	3.9e-05	0.7754483336818351
CASSLTSGGDYGYTF	TRBV7-3*01	3.9e-05	0.14470960307195202
CASSTWQGGSYGYTF	TRBV6-6*03	3.9e-05	0.4887375066553134
CASREQAGSLGTQYF	TRBV6-1*01	3.9e-05	0.8878641131350401
CASSLLGREYGYTF	TRBV28*01	3.9e-05	0.29468222401373073
CASSQGASSYEQYF	TRBV3-1*01	3.9e-05	0.18629316341596822
CASSVQGAERELFF	TRBV9*01	3.9e-05	0.5443136956041347
CSVGQGGTNEKLFF	TRBV29-1*01	3.9e-05	0.6325278860371893
CAWSYRRNQPQHF	TRBV30*01	3.9e-05	0.6660273728717307
CATSAEGIQPQHF	TRBV24-1*01	3.9e-05	0.4411597160924687
CATSDRDSYGYTF	TRBV15*02	3.9e-05	0.23710617845851467
CASRAGSNQPQHF	TRBV19*01	3.9e-05	0.10921418766959906
CASTGLLNTEAFF	TRBV27*01	3.9e-05	0.22953913444563173
CASRSLLRGEQYF	TRBV28*01	3.9e-05	0.8228927429809826
CSASLHYTYEQYF	TRBV20-1*04	3.9e-05	0.9243325572711
CSASQPGAYEQYF	TRBV20-1*04	3.9e-05	0.7689451803476975
CASSGARNEQFF	TRBV6-1*01	3.9e-05	0.21597612676635014
CASSLEVSPLHF	TRBV7-2*01	3.9e-05	0.5435608247368521
CASSTDGYGYTF	TRBV11-2*01	3.9e-05	0.17080905025808038
CASSDRGWRLAGSYEQYF	TRBV28*01	3.9e-05	0.8578131265559108
CASSLEARGRGGNTIYF	TRBV7-9*01	3.9e-05	0.3922225358231318
CAISGGRGGMNTEAFF	TRBV10-3*01	3.9e-05	0.580605191946998
CASSQEAGYSNQPQHF	TRBV4-2*01	3.9e-05	0.28038461562253925
CASSFIVVARTDTQYF	TRBV5-1*01	3.9e-05	0.8899492986546904
CASSGTLGTEGELFF	TRBV18*01	3.9e-05	0.6986016612344222
CASSFLKGQGRGYTF	TRBV11-2*01	3.9e-05	0.85450569459309
CASSPGQGAKNEQFF	TRBV7-3*01	3.9e-05	0.6141489307960127
CASSPTTGVTIGYTF	TRBV4-1*01	3.9e-05	0.8217955684486771
CASSQVDSGRETQYF	TRBV4-1*01	3.9e-05	0.576590118822062
CASSQEAQFNSPLHF	TRBV4-1*01	3.9e-05	0.775724539404615
CAWSFDANNQPQHF	TRBV30*01	3.9e-05	0.7693650343556766
CASSPLGVGEKLFF	TRBV19*01	3.9e-05	0.4105208090803911
CASSYSTGWNEQFF	TRBV6-5*01	3.9e-05	0.693845150634776
CASSFTGGRYEQYF	TRBV7-8*01	3.9e-05	0.27488120933631727
CASSSTHKNTEAFF	TRBV6-6*05	3.9e-05	0.3754389067903135
CASSLETGGTEAFF	TRBV5-1*01	3.9e-05	0.15145367133032653
CSAIARPLTYEQYF	TRBV20-1*01	3.9e-05	0.9752192405813854
CASSFETNNEQFF	TRBV27*01	3.9e-05	0.38025086294210736
CASSLETAYEQYF	TRBV28*01	3.9e-05	0.2838898047579111
CASSLGQFYGYTF	TRBV7-9*01	3.9e-05	0.28257804125345737
CASSLDRRIDKYF	TRBV11-2*01	3.9e-05	0.9239748790364527
CASSRDPGNTIYF	TRBV7-9*01	3.9e-05	0.3347779329919484
CASSETENNEQFF	TRBV6-6*05	3.9e-05	0.36388093091741086
CASSTTMDYGYTF	TRBV5-1*01	3.9e-05	0.6072263384886961
CSVLTGDRNEQYF	TRBV29-1*01	3.9e-05	0.9156767078406904
CASSRAGQPQHF	TRBV6-6*05	3.9e-05	0.09212103707560455
CASSLQETQYF	TRBV18*01	3.9e-05	0.21294330283119758
CASPGPVEQYF	TRBV7-3*01	3.9e-05	0.7078062866542303
CSATATGDYTF	TRBV20-1*01	3.9e-05	0.744712663170536
CASSLVGYTF	TRBV7-8*01	3.9e-05	0.1185270576485778
CASTPFEGWGLSTGELFF	TRBV6-1*01	3.9e-05	0.9456954680832298
CASSFSKLAADTYEQYF	TRBV6-5*01	3.9e-05	0.5274299564689835
CAISDSGQVTTYEQYF	TRBV10-3*01	3.9e-05	0.8128113517032235
CASSSPEGTSGNTIYF	TRBV2*01	3.9e-05	0.1539419340860088
CSARDGSGRAAGEQYF	TRBV20-1*01	3.9e-05	0.9471081139572337
CAISWDTISGNTIYF	TRBV10-3*01	3.9e-05	0.7988035184566517
CATLRVLGGNTEAFF	TRBV27*01	3.9e-05	0.7367555595527111
CASSAPPRTPSGYTF	TRBV2*01	3.9e-05	0.9149375718603726
CAISGLAGAHEQYF	TRBV10-3*01	3.9e-05	0.6491710488057478
CASAAGTGEYEQYF	TRBV19*01	3.9e-05	0.244137540927337
CASSRADRPYEQYF	TRBV19*01	3.9e-05	0.3388444530397448
CASYTGGDGQPQHF	TRBV28*01	3.9e-05	0.5689463297927387
CASSLVRGGTEAFF	TRBV28*01	3.9e-05	0.3147765601554861
CASRPTTENTEAFF	TRBV27*01	3.9e-05	0.6007783070077253
CASRVAGGNEKLFF	TRBV6-1*01	3.9e-05	0.259095656918911
CASRSSTGTYGYTF	TRBV28*01	3.9e-05	0.17002826943752755
CASTLAGGMTEAFF	TRBV5-1*01	3.9e-05	0.4469076745839865
CSALSGGGTGELFF	TRBV20-1*01	3.9e-05	0.7355840975457381
CSVEGTGGLTEAFF	TRBV29-1*01	3.9e-05	0.5575801262956752
CASSPASSYEQYF	TRBV18*01	3.9e-05	0.26312557332038283
CASSSKGISGYTF	TRBV28*01	3.9e-05	0.5588745114890085
CASSYVLYYGYTF	TRBV6-2*01	3.9e-05	0.32485398163096224
CASSPQVNTEAFF	TRBV28*01	3.9e-05	0.22588657745061577
CASSLVGNQPQHF	TRBV7-9*01	3.9e-05	0.09016075870427248
CASSSGQGGGYTF	TRBV28*01	3.9e-05	0.11161541342525214
CASSVTGQGEQYF	TRBV9*01	3.9e-05	0.3187436299375968
CASRTHGVGELFF	TRBV6-6*03	3.9e-05	0.5582362886632942
CSASDSLNTEAFF	TRBV20-1*01	3.9e-05	0.6458505001621552
CSAYRDSSGELFF	TRBV20-1*01	3.9e-05	0.8333514333559328
CAWVGQGAEQFF	TRBV30*05	3.9e-05	0.9313885280053454
CATSRDQGGRAGRDEQFF	TRBV15*01	3.9e-05	0.8150496960248953
CASSYSRPSGSLFDEQFF	TRBV6-5*01	3.9e-05	0.9422762720623779
CASSYPASARGSYEQYF	TRBV6-5*01	3.9e-05	0.8218327333159341
CASSYSMGLAGQGLFF	TRBV6-5*01	3.9e-05	0.8936881072639725
CASSTRTSGSSYEQYF	TRBV9*01	3.9e-05	0.2327921191767545
CASSPLKAINEKLFF	TRBV18*01	3.9e-05	0.7916691512799311
CASSLSLREGTEAFF	TRBV27*01	3.9e-05	0.6957318730507887
CASSLVGRVNTEAFF	TRBV27*01	3.9e-05	0.3173941484696848
CASSLRTATPYEQYF	TRBV7-2*01	3.9e-05	0.7277076666556235
CASSNGGVKKDEQYF	TRBV28*01	3.9e-05	0.7725008514422088
CSAISGTSGGYEQYF	TRBV20-1*01	3.9e-05	0.8126495469613092
CASSEATGQDEAFF	TRBV6-1*01	3.9e-05	0.40231473007854573
CASSLDSSNQPQHF	TRBV7-6*01	3.9e-05	0.1365029578098221
CASSRSANDYEQYF	TRBV4-2*01	3.9e-05	0.3408142150975842
CASSLMQMNTEAFF	TRBV5-1*01	3.9e-05	0.32910422016054197
CASSEDSIYGYTF	TRBV11-2*01	3.9e-05	0.33020881770505284
CASRRQGATEAFF	TRBV28*01	3.9e-05	0.3169774294628322
CASSPVNTEAFF	TRBV6-6*04	3.9e-05	0.1467936704441521
CASSLHGDTIYF	TRBV7-2*01	3.9e-05	0.5635443126496678
CASSIGDNEQFF	TRBV11-2*01	3.9e-05	0.3666701521792319
CASSPTLLTSSGNTIYF	TRBV18*01	3.9e-05	0.44974791857780533
CASSYVGSPRTGNTIYF	TRBV6-5*01	3.9e-05	0.6944561047169222
CSASPPGTGYSNQPQHF	TRBV20-1*04	3.9e-05	0.7791891246174787
CSARGPSGRALNEQFF	TRBV20-1*01	3.9e-05	0.9692302248421498
CASSPPTAPNEKLFF	TRBV28*01	3.9e-05	0.6769330317573615
CASSLAGQGPYEQYF	TRBV11-3*01	3.9e-05	0.23791084937318907
CASSLGTGDGNTIYF	TRBV7-9*01	3.9e-05	0.254630762947722
CASGQQDYFSEQFF	TRBV6-1*01	3.9e-05	0.8852823712542641
CASSHHGGRSEQFF	TRBV7-3*01	3.9e-05	0.7176654020753609
CSAPVSPYNEQFF	TRBV20-1*01	3.9e-05	0.97026333093234
CAWSPRGPRAFF	TRBV30*01	3.9e-05	0.9744983911087244
CASSLDRTEAFF	TRBV11-2*01	3.9e-05	0.13331977510766505
CASSEGTSGLVNEQFF	TRBV6-1*01	3.9e-05	0.489388491164315
CASSILSGRITGELFF	TRBV5-1*01	3.9e-05	0.6207787693037629
CASSGQEGTGNTIYF	TRBV28*01	3.9e-05	0.14903420594471323
CASSQASTGPYGYTF	TRBV4-1*01	3.9e-05	0.33292340563062595
CASSWGGNTGELFF	TRBV27*01	3.9e-05	0.35986553198688526
CASSLRTNQETQYF	TRBV28*01	3.9e-05	0.5281792206225182
CASSQGQRSYEQYF	TRBV4-1*01	3.9e-05	0.23881544034713784
CASSLAVETEAFF	TRBV7-9*01	3.9e-05	0.22582967525487652
CASSLGGTDSGNTIYF	TRBV7-9*01	3.9e-05	0.1779999690861473
CASSINRDIDGYTF	TRBV19*01	3.9e-05	0.5527443025061246
CASSSGRGYTF	TRBV28*01	3.8e-05	0.09932188429184781
CASSYSSIQGQQPQHF	TRBV6-5*01	3.8e-05	0.3116468490185056
CASRQGALQNYGYTF	TRBV27*01	3.8e-05	0.3763812304105811
CASSIRGETEAFF	TRBV19*01	3.8e-05	0.16181955503942774
CASSFTPTGGYEQYF	TRBV11-2*01	3.8e-05	0.5798477400534469
CASSSGMTAYEQYF	TRBV6-5*01	3.8e-05	0.7025094543089783
CAWSLNTGELFF	TRBV30*01	3.8e-05	0.48909585241493214
CASGDRGTEAFF	TRBV27*01	3.8e-05	0.252274609260292
CASSTDRVREGRYEQYF	TRBV27*01	3.8e-05	0.6757059075899926
CATGRSTSSYNSPLHF	TRBV19*01	3.8e-05	0.38821128095446683
CASSTPLTGTGNTIYF	TRBV6-6*03	3.8e-05	0.3110711310060639
CASRSLAGDPYNEQFF	TRBV2*01	3.8e-05	0.6182888797648652
CASSPPAGAGSPLHF	TRBV18*01	3.8e-05	0.6216826623916788
CASSPGPSTEYGYTF	TRBV5-1*01	3.8e-05	0.4715256065072682
CASRLAPTENYGYTF	TRBV5-1*01	3.8e-05	0.5731132328144769
CASSPRENSYEQYF	TRBV18*01	3.8e-05	0.4870261174552448
CASSYPGVYGYTF	TRBV6-2*01	3.8e-05	0.2780631062287725
CASRENYRPTLHF	TRBV7-9*01	3.8e-05	0.855785174215306
CASSFGDSEQYF	TRBV5-1*01	3.8e-05	0.2755937316977912
CATSVENTIYF	TRBV24-1*01	3.8e-05	0.32137432817119627
CASSPPSRGPFYNEQFF	TRBV28*01	3.8e-05	0.893836138273092
CASSIRGQPFSGNTIYF	TRBV19*01	3.8e-05	0.8456180347370518
CACLGRGGRFSSPLHF	TRBV30*01	3.8e-05	0.9045207907483573
CASSQPRGRGDEKLFF	TRBV6-6*04	3.8e-05	0.6668863733198629
CATNDRDRGNSPLHF	TRBV24-1*01	3.8e-05	0.7171597574440123
CASTSGQPMNTEAFF	TRBV2*01	3.8e-05	0.3755256201665272
CASSYNEATVSGYTF	TRBV6-5*01	3.8e-05	0.7413853490720101
CASSLPPPRGEGYTF	TRBV28*01	3.8e-05	0.8352140986426313
CASSPRDTESYGYTF	TRBV5-1*01	3.8e-05	0.2948553705715923
CSARKPGHSGNTIYF	TRBV20-1*01	3.8e-05	0.8638566341148242
CASSPPRDGYEQYF	TRBV18*01	3.8e-05	0.47190921625738375
CASSFRAPNYGYTF	TRBV27*01	3.8e-05	0.5230388996904181
CASSLAGGPYEQYF	TRBV28*01	3.8e-05	0.1487034748511035
CASSLEQGGNTIYF	TRBV5-1*01	3.8e-05	0.16815804361570208
CSARLAGSLSEQYF	TRBV20-1*04	3.8e-05	0.9569512088658326
CSATYETGAYEQYF	TRBV20-1*01	3.8e-05	0.8466919421946064
CASGTGGYQPQHF	TRBV3-1*01	3.8e-05	0.37154738593681563
CASSLAHSQPQHF	TRBV27*01	3.8e-05	0.3094870097891958
CASSPGGDEQYF	TRBV3-1*01	3.8e-05	0.27500497380345323
CASKWGEQYF	TRBV6-1*01	3.8e-05	0.439281965580648
CASSPKQGGVGYEQYF	TRBV18*01	3.8e-05	0.3682673910408894
CASSLAGGARSYEQYF	TRBV28*01	3.8e-05	0.29595751148609617
CASSPTDPSRGQPQHF	TRBV27*01	3.8e-05	0.8157514725305626
CASSRRGQQNTGELFF	TRBV5-1*01	3.8e-05	0.2516773370967771
CASSEGTSGMETQYF	TRBV2*01	3.8e-05	0.38860043800792127
CASRRGRRGDQPQHF	TRBV2*01	3.8e-05	0.5668833970549313
CASKEGQGINQPQHF	TRBV2*01	3.8e-05	0.35035210766869224
CASSLEGGRNGYTF	TRBV11-3*01	3.8e-05	0.25755617052295265
CASSLAGYGNTIYF	TRBV5-1*01	3.8e-05	0.2539550419872918
CAWSLRGNQPQHF	TRBV30*01	3.8e-05	0.46276598536870484
CASTPPGGYGYTF	TRBV7-9*05	3.8e-05	0.4272984756035736
CASSLKHPGATFF	TRBV28*01	3.8e-05	0.9902003861039419
CASSPPSALRLYF	TRBV7-2*01	3.8e-05	0.9822480346830751
CASRDPANYGYTF	TRBV6-1*01	3.8e-05	0.34256404306307464
CASSQDAGQGNTGELFF	TRBV6-1*01	3.8e-05	0.3232104765997124
CASSSLGTGSLSGYTF	TRBV19*01	3.8e-05	0.5253076317226638
CASSSLVPGGNQPQHF	TRBV28*01	3.8e-05	0.5663692582344652
CASSLVGQGLRETQYF	TRBV28*01	3.8e-05	0.6849591451627152
CSARERGTPMRGEQYF	TRBV20-1*01	3.8e-05	0.9848735700563
CAWIPTVQGDTEAFF	TRBV30*05	3.8e-05	0.8931920979619244
CAWKWLAGGPGELFF	TRBV30*01	3.8e-05	0.9544688571343641
CATSDRTGGADTQYF	TRBV24-1*01	3.8e-05	0.43845531041800634
CASSVPGQGNYGYTF	TRBV19*01	3.8e-05	0.1951761629285392
CASRLDRGQGYGYTF	TRBV6-5*01	3.8e-05	0.26277897077172824
CASRPGGGSYNEQFF	TRBV6-2*01	3.8e-05	0.23206973934184977
CASRQGAGVNTEAFF	TRBV6-1*01	3.8e-05	0.18161489558323227
CAWSGDRGFNEQFF	TRBV30*01	3.8e-05	0.8681220773760261
CATSSRVSNEKLFF	TRBV19*01	3.8e-05	0.24618592153977234
CASSLIDRIYGYTF	TRBV18*01	3.8e-05	0.46893314523842017
CASSPLEGANEQYF	TRBV18*01	3.8e-05	0.3433203493564871
CASSLSGGGEKLFF	TRBV7-6*01	3.8e-05	0.26769354578021826
CASSLWSENTEAFF	TRBV27*01	3.8e-05	0.5122181100775403
CASSRTVPPYEQYF	TRBV27*01	3.8e-05	0.7021474707632567
CASRGQGSSTEAFF	TRBV2*01	3.8e-05	0.17697772194323877
CASSQDWLGTSYTF	TRBV4-1*01	3.8e-05	0.8062337300232365
CAWIGSSYNEQFF	TRBV30*01	3.8e-05	0.6161600295891353
CAWNQGWGTEAFF	TRBV30*01	3.8e-05	0.7035044358829774
CASTGHSNQPQHF	TRBV19*01	3.8e-05	0.2839099806761349
CASSPDTNTEAFF	TRBV5-1*01	3.8e-05	0.10713902162016371
CAWTRGNTEAFF	TRBV30*01	3.8e-05	0.3488248299957947
CASSLTGRGYTF	TRBV28*01	3.8e-05	0.27095990048073426
CASSQERTEAFF	TRBV28*01	3.8e-05	0.2622517993728582
CASSGRDGEAFF	TRBV2*01	3.8e-05	0.3083259806313372
CASNRIYNEQFF	TRBV2*01	3.8e-05	0.5129705469314063
CASSSRSKNRVWNYGYTF	TRBV4-1*01	3.8e-05	0.887850748342384
CASRNDQGTSGRYEQYF	TRBV2*03	3.8e-05	0.6274997989525724
CASSIDRGTYTGELFF	TRBV19*01	3.8e-05	0.45403543773608357
CASSFSWGAGTEKLFF	TRBV27*01	3.8e-05	0.5230341191364732
CASSPGQGAYNTEAFF	TRBV27*01	3.8e-05	0.2552724471565727
CASSRDWTSSGNTIYF	TRBV5-1*01	3.8e-05	0.6672374745381746
CASSSNQGGNQPQHF	TRBV18*01	3.8e-05	0.08599380370069719
CASSPRRDSYNEQFF	TRBV18*01	3.8e-05	0.43870669734293466
CASSGLGASYTEAFF	TRBV18*01	3.8e-05	0.22874088253368055
CASGDRGASGNTIYF	TRBV27*01	3.8e-05	0.3572797961095654
CASRTLQGTNPEAFF	TRBV27*01	3.8e-05	0.8618360017534504
CASKNRGGHTDTQYF	TRBV6-1*01	3.8e-05	0.432696347564976
CASSSSSGRAYEQYF	TRBV5-1*01	3.8e-05	0.24181773431676307
CASSPRTGGGTEAFF	TRBV4-1*01	3.8e-05	0.17074933981306553
CASSQEPSGGYEQYF	TRBV4-1*01	3.8e-05	0.2981169152280449
CSASRTSGALGEQYF	TRBV20-1*01	3.8e-05	0.9346984476482892
CASSIEWASDEQYF	TRBV19*01	3.8e-05	0.7590229010445095
CASIDSPQAYEQYF	TRBV6-6*04	3.8e-05	0.8003364923045928
CASTPTGGGTEAFF	TRBV28*01	3.8e-05	0.24251948121734035
CASSFGTGASGYTF	TRBV6-5*01	3.8e-05	0.2881813962833489
CASQGGGGSNEQFF	TRBV5-1*01	3.8e-05	0.24618592153977234
CSARGKQGYDEQYF	TRBV20-1*01	3.8e-05	0.9359769273685483
CAWSLGGVTEAFF	TRBV30*01	3.8e-05	0.47182741533147093
CASSPRTGYGYTF	TRBV27*01	3.8e-05	0.1588010853893081
CASSGAPRGGYTF	TRBV5-6*01	3.8e-05	0.47219203669246357
CASSGTGADGYTF	TRBV11-3*02	3.8e-05	0.4076494136316759
CASSPAGDQPQHF	TRBV5-1*01	3.8e-05	0.1623286124734502
CSARDNNGEKLFF	TRBV20-1*01	3.8e-05	0.9058095049973219
CASRQGNQPQHF	TRBV19*01	3.8e-05	0.0794786033212338
CASSLAVGGFNGNTIYF	TRBV5-1*01	3.8e-05	0.5101681486984438
CASSLDPVGTNEKLFF	TRBV5-1*01	3.8e-05	0.5376220781053783
CAWKPMVAARYEQYF	TRBV30*01	3.8e-05	0.9768406241718187
CASSPSAALGYGYTF	TRBV19*01	3.8e-05	0.7233978888085602
CASTVRVRVYTEAFF	TRBV6-1*01	3.8e-05	0.813404758842302
CASSSGLAGGYEQYF	TRBV13*01	3.8e-05	0.12094501298343022
CASSQGEGKPEKLFF	TRBV4-2*01	3.8e-05	0.36985513287408756
CSARDSVEANEKLFF	TRBV20-1*01	3.8e-05	0.8773852237409547
CAWSSEPYDSPLHF	TRBV30*01	3.8e-05	0.5807176559541993
CASSYSRIAAGYTF	TRBV6-5*01	3.8e-05	0.7629337546246767
CASSREATSYEQYF	TRBV2*01	3.8e-05	0.330867618728026
CASSKGEPAYGYTF	TRBV7-9*05	3.8e-05	0.6889260843366327
CASRSGASTGELFF	TRBV28*01	3.8e-05	0.29053134189019886
CSARRTGSGDEQYF	TRBV20-1*01	3.8e-05	0.8579271105450615
CASSSTSGYEQYF	TRBV28*01	3.8e-05	0.12104224366733052
CASNVGADQPQHF	TRBV2*01	3.8e-05	0.22123523954644944
CSVYGDSGNTIYF	TRBV20-1*01	3.8e-05	0.6410126914129539
CASSLFNTEAFF	TRBV28*01	3.8e-05	0.15566651555874464
CASSLDNYEQYF	TRBV3-1*01	3.8e-05	0.21455610634938171
CSVKVQFNTIYF	TRBV29-1*01	3.8e-05	0.9061204325926544
CSARDTHEQYF	TRBV20-1*01	3.8e-05	0.9234838588685683
CASSPTDGIPEGGNTIYF	TRBV11-3*01	3.8e-05	0.7350262084749029
CASSLVGTDMYNSPLHF	TRBV7-2*01	3.8e-05	0.7636803075196467
CATSDTGTVSNQPQHF	TRBV24-1*01	3.8e-05	0.4205983419121375
CASSEEGVATNEKLFF	TRBV2*01	3.8e-05	0.37792915611502415
CASSLVLAAQETQYF	TRBV7-7*01	3.8e-05	0.41742942150488344
CASRQGQGGNQPQHF	TRBV6-1*01	3.8e-05	0.09905389751251469
CASSQDESGSNIQYF	TRBV4-1*01	3.8e-05	0.49579865687973984
CSAQDRLRNTGELFF	TRBV20-1*01	3.8e-05	0.9836115475630728
CASSYGQGATEAFF	TRBV19*03	3.8e-05	0.28008606176852185
CASSVTSSYNEQFF	TRBV19*01	3.8e-05	0.15571531259397223
CASSGEGSSYEQYF	TRBV5-1*01	3.8e-05	0.12129241886550703
CSARAQTRGTEAFF	TRBV20-1*01	3.8e-05	0.9770580467143075
CSARTGGLTQPQHF	TRBV20-1*01	3.8e-05	0.932974417366703
CAGQGVGAYEQYF	TRBV30*05	3.8e-05	0.5577743071860009
CATSDGGEETQYF	TRBV24-1*01	3.8e-05	0.5380756704426152
CASEGQGSYEQYF	TRBV5-1*02	3.8e-05	0.2229563328986339
CASSHSDYYEQYF	TRBV4-1*01	3.8e-05	0.31358367114367175
CSAKGGEEKLFF	TRBV20-1*01	3.8e-05	0.8318101378832342
CASSVQEKLFF	TRBV2*01	3.8e-05	0.23158172503197302
CANLTPEGAFF	TRBV28*01	3.8e-05	0.8991219611453888
CAAGEGDYTF	TRBV6-1*01	3.8e-05	0.29897266631919994
CASSWPAGTGSYEQYF	TRBV28*01	3.8e-05	0.4521936778529443
CASSQQGSSNQPQHF	TRBV4-2*01	3.8e-05	0.10029275884130999
CASSVSPLPSYEQYF	TRBV9*01	3.8e-05	0.7679821998684454
CASSQDENPTYEQYF	TRBV4-1*01	3.8e-05	0.8194920166913707
CASSQDGLNQPQHF	TRBV19*01	3.8e-05	0.19932205696323577
CASSSTSGGETQYF	TRBV11-2*01	3.8e-05	0.23728067052232674
CASSPQRVWNYGYTF	TRBV6-6*05	3.7e-05	0.7699165749938189
CASSDEAYEQYF	TRBV2*01	3.7e-05	0.13302967056636184
CASSPLERNYEQYF	TRBV27*01	3.7e-05	0.4601113197141379
CASSTGGGQPQHF	TRBV28*01	3.7e-05	0.10471508533847086
CASSLDRGSNEKLFF	TRBV18*01	3.7e-05	0.2593723750006332
CASSLAGTGLNEQFF	TRBV28*01	3.7e-05	0.37324193115290083
CASSGQGRNQPQHF	TRBV2*01	3.7e-05	0.11258175726406752
CSARDPGGFYGYTF	TRBV20-1*01	3.7e-05	0.8395632577792724
CATDRGRNTEAFF	TRBV30*01	3.7e-05	0.21631849198535275
CASSMLDREGPYEQYF	TRBV19*01	3.7e-05	0.7137438492917062
CASSSLTGSNTEAFF	TRBV28*01	3.7e-05	0.15871813700010998
CASSKGQGKNSPLHF	TRBV5-1*01	3.7e-05	0.5103578797166923
CSARQGVRATGELFF	TRBV20-1*01	3.7e-05	0.9636001942168957
CAWSSAGVTDEQYF	TRBV30*01	3.7e-05	0.5765536886814959
CASSPGTGTGELFF	TRBV18*01	3.7e-05	0.16110639109062
CASSLFGGPYEQYF	TRBV27*01	3.7e-05	0.3712386051197933
CASSLIVSGGELFF	TRBV5-1*01	3.7e-05	0.7457363375100107
CASSRGTRTGELFF	TRBV5-1*01	3.7e-05	0.44474083626625127
CASSTGHEFAEAFF	TRBV5-1*01	3.7e-05	0.735321082058051
CSASQGNSNQPQHF	TRBV20-1*04	3.7e-05	0.61479478467082
CSARTLAGAYEQYF	TRBV20-1*01	3.7e-05	0.9171385410096337
CASSPTGAHGYTF	TRBV2*01	3.7e-05	0.47663045685856226
CASSPPSSGEAFF	TRBV7-8*03	3.7e-05	0.45066222149456825
CASSSWGIYEQYF	TRBV5-1*01	3.7e-05	0.4303517005030919
CASSDPGQGYFGQTGELFF	TRBV6-1*01	3.7e-05	0.872247062905755
CASSNPGLSGRGSYEQYF	TRBV5-6*01	3.7e-05	0.4144745043667041
CASSESGTSGSRAYEQFF	TRBV10-1*01	3.7e-05	0.4969747100411136
CASTPQRPGTSAYEQYF	TRBV6-6*04	3.7e-05	0.7321734634345338
CASSTPLAGAYNEQFF	TRBV9*01	3.7e-05	0.4938692580221897
CAWSVPGRATDTIYF	TRBV30*01	3.7e-05	0.9190089158091845
CATSRSGTINSPLHF	TRBV15*02	3.7e-05	0.5268995812843291
CASSPYPRDTYGYTF	TRBV18*01	3.7e-05	0.7601075160809468
CASSLSGQGGSPLHF	TRBV27*01	3.7e-05	0.24753562897896872
CASSYALQGAYEQYF	TRBV6-5*01	3.7e-05	0.4246244398810996
CASSYGQGGRYGYTF	TRBV6-5*01	3.7e-05	0.2664649612127381
CSARDWNRGPGGYTF	TRBV20-1*01	3.7e-05	0.9832465093436916
CAISERGTNEKLFF	TRBV10-3*01	3.7e-05	0.4965894490451218
CASSPTQGRTEAFF	TRBV28*01	3.7e-05	0.6146267094547616
CASSQGAGTTEAFF	TRBV2*01	3.7e-05	0.16796223551754258
CASSVGTMSLEQYF	TRBV9*01	3.7e-05	0.8699989770494831
CSARDKGGTDTQYF	TRBV20-1*01	3.7e-05	0.9164233211322027
CSAPRWGGDYEQYF	TRBV20-1*01	3.7e-05	0.8399514272193707
CASRAGEGYEQYF	TRBV6-6*05	3.7e-05	0.16663307135922936
CASSFRGGQPQHF	TRBV5-1*01	3.7e-05	0.19263296396633128
CASSGSGNTIYF	TRBV19*03	3.7e-05	0.1887627763674725
CASSPGRYEQYF	TRBV18*01	3.7e-05	0.11829972239694254
CSARDQNEQYF	TRBV20-1*01	3.7e-05	0.8764463377587269
CSAPGPRGSSYNSPLHF	TRBV20-1*01	3.7e-05	0.9357363711259067
CAWSGTLRRSNYGYTF	TRBV30*01	3.7e-05	0.9351405053793257
CASSATRVRWHQPQHF	TRBV19*03	3.7e-05	0.9334582871971406
CASSPLDLPYNSPLHF	TRBV27*01	3.7e-05	0.7321087759735182
CASTHTGTGPYEQYF	TRBV7-9*05	3.7e-05	0.49900109453775304
CASTASGILSYEQYF	TRBV28*01	3.7e-05	0.6151006406231143
CASSPDRRLYYEQYF	TRBV2*01	3.7e-05	0.5735786280925981
CASSDRDRNVDEQYF	TRBV2*01	3.7e-05	0.37321958006184536
CASSLGDPSNQPQHF	TRBV7-2*01	3.7e-05	0.3238390040360512
CASSLTGLSGNTIYF	TRBV11-2*01	3.7e-05	0.3294707354783578
CASSFGGFEGNTIYF	TRBV5-1*01	3.7e-05	0.3924162968054369
CASTPNGVNYEQYF	TRBV2*01	3.7e-05	0.5895554481134746
CASSSKRETDTQYF	TRBV6-5*01	3.7e-05	0.45959102843958494
CASSPGGSRTEAFF	TRBV28*01	3.7e-05	0.3670180604617873
CASTRSTGMNEQYF	TRBV5-1*01	3.7e-05	0.5753427431503778
CASSPRTGSTEAFF	TRBV5-1*01	3.7e-05	0.1643581427256471
CATDPGSNQPQHF	TRBV19*01	3.7e-05	0.25195862245500855
CATSKVRGLEQYF	TRBV15*02	3.7e-05	0.8489437201715542
CASSIQDPYEQYF	TRBV19*01	3.7e-05	0.47323429894411845
CASSNGPPYEQYF	TRBV19*01	3.7e-05	0.4008389110262832
CASSGTRGSEQYF	TRBV2*01	3.7e-05	0.33654421101150517
CASSLATNEKLFF	TRBV7-8*01	3.7e-05	0.1959530610523015
CSASQHFSYEQYF	TRBV20-1*04	3.7e-05	0.9322253012406144
CSARPGGFMGYTF	TRBV20-1*01	3.7e-05	0.9169524531086779
CSARQESSYEQYF	TRBV20-1*01	3.7e-05	0.8549431019539591
CASMGGFNEQFF	TRBV6-1*01	3.7e-05	0.7408404228787429
CASGGGPYEQYF	TRBV5-1*02	3.7e-05	0.3124946913204164
CASGGLYEQYF	TRBV28*01	3.7e-05	0.23483411904166945
CASTFNSPLHF	TRBV27*01	3.7e-05	0.3756519446969921
CASSLELLAGGYPYEQYF	TRBV11-3*01	3.7e-05	0.6835741638949638
CASSLPYRVLGNQPQHF	TRBV28*01	3.7e-05	0.8488911705725647
CASSYSTSGQVNYGYTF	TRBV6-5*01	3.7e-05	0.4515313265949558
CASSPPGGIAGQETQYF	TRBV6-6*04	3.7e-05	0.693057016951032
CASSEWKGRGPNTEAFF	TRBV6-1*01	3.7e-05	0.8590971371471838
CASGASGSGRLYEQYF	TRBV19*01	3.7e-05	0.5012518625625118
CASSSIVSGSSYEQYF	TRBV18*01	3.7e-05	0.3627595669501362
CASSSGGTGLLRGYTF	TRBV27*01	3.7e-05	0.9161311224421193
CASSETANPDLYGYTF	TRBV10-1*01	3.7e-05	0.6804941566610077
CAWSAPGQGDTEAFF	TRBV30*01	3.7e-05	0.5922690845127547
CASTTGTGTGNTIYF	TRBV6-6*03	3.7e-05	0.2015280004007712
CASSLTGPGGKPQHF	TRBV28*01	3.7e-05	0.38911681939793347
CASSYSLVSNQPQHF	TRBV6-5*01	3.7e-05	0.46160162847219904
CASSPWDESSYEQYF	TRBV27*01	3.7e-05	0.6095162040953348
CASSRSGRAKDEQYF	TRBV9*01	3.7e-05	0.5924319823999026
CASSKQGPSSYEQYF	TRBV5-1*01	3.7e-05	0.3361111916125796
CSARVRTGRSDTQYF	TRBV20-1*01	3.7e-05	0.9658754418449392
CASSPRDYSYEQYF	TRBV19*01	3.7e-05	0.2452747655586451
CASGPRTGPYEQYF	TRBV2*01	3.7e-05	0.44183729220455376
CASGVPGGLLGYTF	TRBV7-9*01	3.7e-05	0.8424059353256147
CASSPDTADQPQHF	TRBV5-1*01	3.7e-05	0.23051507229727067
CSARTSGRAYEQYF	TRBV20-1*04	3.7e-05	0.9200521721006317
CSAIEAGAANEQYF	TRBV20-1*01	3.7e-05	0.9207360654665007
CSVVFSASNQPQHF	TRBV29-1*01	3.7e-05	0.9157405282581716
CASRGTRFGEQYF	TRBV19*01	3.7e-05	0.8263351434908294
CAWSGHSNQPQHF	TRBV30*01	3.7e-05	0.44170204619607883
CASTSPYTGELFF	TRBV6-5*01	3.7e-05	0.35670227252752096
CASSYPTGDTQYF	TRBV6-5*01	3.7e-05	0.4250529402790657
CASSLGTAIEQYF	TRBV13*01	3.7e-05	0.7797160768222676
CASRGGPRYEQFF	TRBV28*01	3.7e-05	0.559531831453909
CASSQRDYEQYF	TRBV3-1*01	3.7e-05	0.12736375220508214
CASSFSYEQYF	TRBV27*01	3.7e-05	0.11143976379201695
CSAVSYEQYF	TRBV20-1*01	3.7e-05	0.7348743612944187
CASSGLLGGSYNSPLHF	TRBV19*01	3.7e-05	0.37340375915548024
CSASFLRTALGLWGYTF	TRBV20-1*04	3.7e-05	0.9956406488696402
CASSLRRDRGNTEAFF	TRBV28*01	3.7e-05	0.6109290424639718
CASSLAPSGGHYEQYF	TRBV7-6*01	3.7e-05	0.3955595348709765
CASSLVTGVGTGELFF	TRBV5-1*01	3.7e-05	0.43495003775974334
CASSPSGAREYEQYF	TRBV19*01	3.7e-05	0.38653497693562633
CASSFGGFGDTEAFF	TRBV7-2*01	3.7e-05	0.469847382524081
CASSLIRSPTGELFF	TRBV11-3*01	3.7e-05	0.7512161494297521
CASSLARGREGGYTF	TRBV7-9*01	3.7e-05	0.49097043108565686
CASSLVGQGFSEQYF	TRBV11-3*01	3.7e-05	0.5042063421064416
CASSVGGASPREQYF	TRBV9*01	3.7e-05	0.7655423914882159
CASSVDGTGGREQYF	TRBV9*01	3.7e-05	0.5011338162359426
CSARGTGGGSYEQYF	TRBV20-1*01	3.7e-05	0.7077076220794563
CASSLRQGTYEQYF	TRBV28*01	3.7e-05	0.25478020863204776
CASSRTSGSYEQYF	TRBV6-6*04	3.7e-05	0.13451283264558286
CASSLANRAYGYTF	TRBV7-2*01	3.7e-05	0.4407726027602155
CASSPRDSNQPQHF	TRBV4-1*01	3.7e-05	0.22896510522614202
CSARDRQFNEKLFF	TRBV20-1*01	3.7e-05	0.9158239548952605
CATLQTPNTEAFF	TRBV18*01	3.7e-05	0.8250180042449156
CASSMRGVTEAFF	TRBV19*03	3.7e-05	0.41488708214824543
CASSLGMVSEQYF	TRBV7-6*01	3.7e-05	0.521575329363067
CASRTPKDEKLFF	TRBV6-6*03	3.7e-05	0.8621422390983133
CASSVYDWGYTF	TRBV9*01	3.7e-05	0.3357520478378762
CSVEGSSGSHSGANVLTF	TRBV29-1*01	3.7e-05	0.5549921754755817
CASSSRDSDRSYEQYF	TRBV27*01	3.7e-05	0.29622286348573856
CASSQRLAANTGELFF	TRBV27*01	3.7e-05	0.33627698558075897
CASSQGVLERANEQYF	TRBV4-2*01	3.7e-05	0.7755508185883783
CASSGIRDRGYEQYF	TRBV19*03	3.7e-05	0.43249621153496637
CASSPGQGFRTEAFF	TRBV28*01	3.7e-05	0.5310590098934383
CASSLDRDPTYEQYF	TRBV7-6*01	3.7e-05	0.4956070979782722
CASSLNLGSSYEQYF	TRBV11-2*01	3.7e-05	0.3397220546624652
CASSQDPWANTEAFF	TRBV4-1*01	3.7e-05	0.6860365948859278
CAIGAGSMNTEAFF	TRBV10-3*01	3.7e-05	0.5513504440649144
CAISDSPTRYEQYF	TRBV10-3*01	3.7e-05	0.8590492653947658
CATSRGGVNTEAFF	TRBV15*01	3.7e-05	0.11800768416462636
CATSRDRSNEKLFF	TRBV15*01	3.7e-05	0.3151110860925988
CASGNRVANEKLFF	TRBV2*01	3.7e-05	0.6667486647916474
CASSLMWGGKTQYF	TRBV28*01	3.7e-05	0.8794674504429253
CASSDAGEGYEQYF	TRBV2*01	3.7e-05	0.16211198727832363
CASSRDREGYEQYF	TRBV11-3*01	3.7e-05	0.14528912811977962
CASSTMTGHYEQYF	TRBV5-1*01	3.7e-05	0.4736608416196843
CASSQDRGVKQYF	TRBV19*03	3.7e-05	0.7321960444362676
CASSTGAATEAFF	TRBV18*01	3.7e-05	0.13256351149546708
CASSEIRVDTQYF	TRBV6-1*01	3.7e-05	0.3160627401544746
CASSAGTGDEAFF	TRBV9*03	3.7e-05	0.17655534880825316
CASSPGTGDGYTF	TRBV5-1*01	3.7e-05	0.32044348052734006
CASSRQGAGYTF	TRBV7-9*01	3.7e-05	0.12893743010796702
CASSLEGFEQYF	TRBV7-2*01	3.7e-05	0.1916319885602767
CASPKVGELFF	TRBV19*01	3.7e-05	0.6840110193342667
CASTHRTRLSSYNSPLHF	TRBV10-1*01	3.7e-05	0.9389574430716001
CASSEEEPGGVATEAFF	TRBV6-1*01	3.7e-05	0.5816712515957487
CASSHFTDSTRRYGYTF	TRBV5-5*01	3.7e-05	0.8367498483498363
CASRPSITRTGGNEQFF	TRBV11-2*01	3.7e-05	0.9210640264948782
CASSLEGTGGDQPQHF	TRBV11-2*01	3.7e-05	0.1340050759668036
CASSSPHPPLHGEQYF	TRBV13*01	3.7e-05	0.9297770623384971
CASSQGNRGPSYGYTF	TRBV4-1*01	3.7e-05	0.49474602905032866
CASTAAQGGNTEAFF	TRBV28*01	3.7e-05	0.31423777250154095
CASSPGTGEVGEQYF	TRBV2*01	3.7e-05	0.4447622012203094
CASNLGTGRNEKLFF	TRBV5-8*01	3.7e-05	0.3476018529982288
CSAGGSRGRRETQYF	TRBV20-1*01	3.7e-05	0.9660765744644916
CASSEFRGASEQYF	TRBV2*03	3.7e-05	0.4367707521085864
CASSLASAGDTIYF	TRBV7-9*01	3.7e-05	0.6065196930787948
CASSLGGSDSGYTF	TRBV7-9*01	3.7e-05	0.24113992686208505
CAWSTTVNTEAFF	TRBV30*01	3.7e-05	0.5253882367504906
CAISGSGTDTQYF	TRBV10-3*01	3.7e-05	0.3863496710910507
CATRSSSYNEQFF	TRBV5-6*01	3.7e-05	0.1587555469878804
CASSLAPGYEQYF	TRBV11-2*01	3.7e-05	0.16794860839923292
CASSLTRLDEQYF	TRBV7-3*01	3.7e-05	0.6925696627822131
CASSQDWSYEQYF	TRBV3-1*01	3.7e-05	0.4942391158467993
CASKIQGTDTQYF	TRBV6-1*01	3.7e-05	0.6017902893037782
CASSFIEWGPDTGELFF	TRBV28*01	3.7e-05	0.8971284858322575
CASRTVRREPHNEQFF	TRBV6-6*03	3.7e-05	0.9485992775823556
CASRDTGVSTDTQYF	TRBV6-1*01	3.7e-05	0.4358086747637616
CASSQDRTEYNEQFF	TRBV14*01	3.7e-05	0.3994549089230036
CSVRGQGGGYGYTF	TRBV20-1*01	3.7e-05	0.6046090919678775
CASSGNRGRPEAFF	TRBV27*01	3.7e-05	0.7400722829826916
CASSQGDGYSNQPQHF	TRBV4-2*01	3.6e-05	0.3314385205189656
CASSFDRVGYEQYF	TRBV27*01	3.6e-05	0.40102493536747114
CASSPGHLTGELFF	TRBV6-6*04	3.6e-05	0.4588407179878306
CSGKGDSYEQYF	TRBV20-1*01	3.6e-05	0.7921687101391679
CSARDLGSSYEQYF	TRBV20-1*01	3.6e-05	0.6657627011331365
CASSLNSGLPAYNEQFF	TRBV28*01	3.6e-05	0.827920155448972
CASSATGGPNQPQHF	TRBV2*01	3.6e-05	0.15153080953195458
CASSPTTGPNYGYTF	TRBV9*03	3.6e-05	0.37296359204972873
CAISDAREGREQYF	TRBV10-3*01	3.6e-05	0.823013283521807
CASSFTGPVYGYTF	TRBV7-9*01	3.6e-05	0.564405350370271
CASSLEDRLHEQYF	TRBV11-1*01	3.6e-05	0.6921714079220662
CAWSVYRTEAFF	TRBV30*01	3.6e-05	0.7492696214505449
CASSLGVYEQYF	TRBV12-3*01	3.6e-05	0.08418242311225758
CASNERFQPQHF	TRBV2*01	3.6e-05	0.5723192736706441
CSANGEIYEQYF	TRBV20-1*01	3.6e-05	0.9045619432771315
CASSDNYGYTF	TRBV6-1*01	3.6e-05	0.12486389508290041
CASRDREQYF	TRBV6-1*01	3.6e-05	0.2036791067390831
CASSLFNREGHTGELFF	TRBV28*01	3.6e-05	0.8428836233332828
CASSFSSRGTYEQYF	TRBV28*01	3.6e-05	0.4280687108055719
CASSKTGLGTGELFF	TRBV28*01	3.6e-05	0.5339903808538805
CASSWEGTHYGYTF	TRBV18*01	3.6e-05	0.5397615542987202
CASSYEGASYGYTF	TRBV6-5*01	3.6e-05	0.41280142872067765
CASSQRDTNYGYTF	TRBV3-1*01	3.6e-05	0.14443105678295806
CASSLNVDTEAFF	TRBV19*03	3.6e-05	0.12886576397476135
CASSPYKEDTIYF	TRBV28*01	3.6e-05	0.9338684314791754
CASSLSDTQYF	TRBV27*01	3.6e-05	0.2367221334428817
CASSYSIGSVFSYNSPLHF	TRBV6-5*01	3.6e-05	0.7582695699056313
CASSPSLSGGNRVEKLFF	TRBV27*01	3.6e-05	0.8694090272220718
CAWEEGKDSYNSPLHF	TRBV30*05	3.6e-05	0.8212577191651887
CASSPRGGGKGSPLHF	TRBV28*01	3.6e-05	0.629108011322337
CASSFGPGVNQPQHF	TRBV28*01	3.6e-05	0.30437543808624984
CASSPPGAGAREQYF	TRBV11-2*01	3.6e-05	0.7112594032416317
CASSQDPAGAYEQYF	TRBV3-1*01	3.6e-05	0.409000441748978
CATSDQGDYYEQYF	TRBV24-1*01	3.6e-05	0.4560773973622386
CASSIDGSGYEQYF	TRBV19*01	3.6e-05	0.2624132571097014
CASSSGKFLGELFF	TRBV28*01	3.6e-05	0.8094311467856515
CASSPTSGPYEQYF	TRBV10-2*01	3.6e-05	0.20721068428948702
CSARVAGVNTEAFF	TRBV20-1*01	3.6e-05	0.8647468392483068
CASSPRDNEQFF	TRBV18*01	3.6e-05	0.43719107179343863
CSGSRINYGYTF	TRBV29-1*01	3.6e-05	0.5124910406398215
CASSLTGLAGAEDYTDTQYF	TRBV11-3*02	3.6e-05	0.48425939006805524
CASSLDRPSSYNSPLHF	TRBV19*01	3.6e-05	0.3722977047340482
CASSRTPGGRTYHGYTF	TRBV18*01	3.6e-05	0.8239011896425817
CASSSQPWGPGVAQHF	TRBV6-5*01	3.6e-05	0.9568805249818485
CASSYSPTGPPREQYF	TRBV6-5*01	3.6e-05	0.8156476730404348
CASSYWTAGSGNTIYF	TRBV6-2*01	3.6e-05	0.7929456231043456
CASSPLDRISGNTIYF	TRBV2*01	3.6e-05	0.5788444218410282
CASSGVGLAGVHEQFF	TRBV9*01	3.6e-05	0.7398150669841164
CASSSTSGAPLGEQFF	TRBV5-1*01	3.6e-05	0.8749398351342879
CSAEWTGGGSNTEAFF	TRBV20-1*01	3.6e-05	0.8853748090060423
CAWSVGTQRVGELFF	TRBV30*01	3.6e-05	0.9299893911981675
CATVRSDRLVDGYTF	TRBV19*01	3.6e-05	0.9086630025294675
CASTGQGTTNEKLFF	TRBV19*01	3.6e-05	0.4927466422320064
CASSPWAGGIQPQHF	TRBV19*01	3.6e-05	0.49142749055074114
CASSPGDTANYGYTF	TRBV18*01	3.6e-05	0.264266007565299
CASSPQSLAAYEQYF	TRBV27*01	3.6e-05	0.48869258764661694
CASSAPFATNEKLFF	TRBV6-1*01	3.6e-05	0.35408025972430546
CASSADSVLGYGYTF	TRBV6-6*05	3.6e-05	0.4813836333617317
CASCRGDINRGELFF	TRBV5-1*01	3.6e-05	0.8858926269879709
CASSVQTGAGNTIYF	TRBV5-1*01	3.6e-05	0.28961164729174954
CASWDRSGIYEQYF	TRBV6-1*01	3.6e-05	0.403283958253595
CASTRQLMDYGYTF	TRBV9*01	3.6e-05	0.7123650317297422
CASSGLAGAYEQYF	TRBV2*01	3.6e-05	0.1713018329897659
CASSVSQGPHEQYF	TRBV9*01	3.6e-05	0.4311704850788912
CASRLSVETGELFF	TRBV6-1*01	3.6e-05	0.4828242987536398
CASRADRGVETQYF	TRBV2*01	3.6e-05	0.6038254050248433
CASRETSGSYEQYF	TRBV5-1*01	3.6e-05	0.20397822815426375
CAWSSEGHQPQHF	TRBV30*01	3.6e-05	0.46524632920133213
CAISRDPLYEQYF	TRBV10-3*01	3.6e-05	0.6712003708929158
CASSRIHNSPLHF	TRBV2*01	3.6e-05	0.5107335458725147
CSARDRDSYEQYF	TRBV20-1*01	3.6e-05	0.7817814233040429
CATSGDTDTQYF	TRBV24-1*01	3.6e-05	0.28383841763501844
CASSPGTGGVPNSYEQYF	TRBV6-6*05	3.6e-05	0.586359593703167
CASSDAPTTSGHYEQYF	TRBV6-4*01	3.6e-05	0.6758733925761371
CASSLEVTSSYNSPLHF	TRBV7-2*01	3.6e-05	0.361595263848602
CASSRTQGVSYNSPLHF	TRBV7-6*01	3.6e-05	0.6372483556567088
CASSFPNGSGSTDTQYF	TRBV5-1*01	3.6e-05	0.5175154890484293
CASSSMSGTEFNYGYTF	TRBV5-1*01	3.6e-05	0.28827572356205056
CATSDPDQNDYNEQFF	TRBV24-1*01	3.6e-05	0.7872748893366593
CASSETPDRMNTEAFF	TRBV6-1*01	3.6e-05	0.7797998092080142
CASSIRQSLSYEQYF	TRBV19*01	3.6e-05	0.6903633775565751
CASSSPGQGNQPQHF	TRBV28*01	3.6e-05	0.16950347600937277
CASSYGSGPYYEQYF	TRBV6-2*01	3.6e-05	0.41785004758431354
CASSSQGGGNTEAFF	TRBV5-1*01	3.6e-05	0.12003955390197212
CSASSEHSYNSPLHF	TRBV20-1*02	3.6e-05	0.9292788099675372
CSARDGDLASYEQYF	TRBV20-1*01	3.6e-05	0.8653192910099909
CSARDIGDLGYGYTF	TRBV20-1*01	3.6e-05	0.9271812843673416
CATSIRGAIYEQYF	TRBV15*02	3.6e-05	0.5944581973721688
CASSFDRSLGAAFF	TRBV19*03	3.6e-05	0.9092533390997564
CASTPGRGRNEQYF	TRBV6-6*04	3.6e-05	0.4928036682425557
CASSLTRGNYGYTF	TRBV11-2*01	3.6e-05	0.18432192794840108
CASSLQGLGYEQYF	TRBV3-1*01	3.6e-05	0.2049030705197569
CASSQFITEVGYTF	TRBV7-9*05	3.6e-05	0.8884684608068322
CASSTTGGDTEAFF	TRBV7-3*01	3.6e-05	0.12179024307619266
CATRGQIDTGELFF	TRBV5-1*01	3.6e-05	0.6603486689373973
CSASVVGAPYEQYF	TRBV20-1*04	3.6e-05	0.8772788682979479
CSAGDRGRGYEQYF	TRBV20-1*01	3.6e-05	0.7995065333670439
CAFDRGRNEKLFF	TRBV30*01	3.6e-05	0.4227866527595492
CAWSGGLRNTIYF	TRBV30*01	3.6e-05	0.6883047517477493
CAWSLQENTEAFF	TRBV30*01	3.6e-05	0.5886666853856122
CASSAGQNYEQYF	TRBV18*01	3.6e-05	0.23422145181743237
CASSSTGVETQYF	TRBV28*01	3.6e-05	0.40330007341478424
CSAGTGGNQPQHF	TRBV20-1*01	3.6e-05	0.6111782234969739
CASSFASYEQYF	TRBV7-2*01	3.6e-05	0.19459723603323012
CASSEDQPQHF	TRBV6-1*01	3.6e-05	0.09373210414999002
CASSTLQGQPLHTISNYEQYF	TRBV5-1*01	3.6e-05	0.9022798498744639
CASSPRPGTVNSNQPQHF	TRBV19*01	3.6e-05	0.6496824178967157
CASSLSRTNPSSYNEQFF	TRBV27*01	3.6e-05	0.7917950131584905
CASSSPFMIAGNTDTQYF	TRBV28*01	3.6e-05	0.7167658586930691
CASSYSFQGREGYEQYF	TRBV6-5*01	3.6e-05	0.5818898045992951
CASSPTFSTYSGNTIYF	TRBV14*01	3.6e-05	0.5375067347490747
CASSLAPQGGDTGELFF	TRBV5-1*01	3.6e-05	0.5632396951550502
CASSSRGGEDTNEKLFF	TRBV5-1*01	3.6e-05	0.3716782633019904
CAISGPTGGLNYGYTF	TRBV10-3*01	3.6e-05	0.4732174977704919
CATSDSGQGASGELFF	TRBV24-1*01	3.6e-05	0.3417208557855787
CASSEEAGGWTGELFF	TRBV2*01	3.6e-05	0.5556539737503994
CASSLSSGGLNTEAFF	TRBV7-2*01	3.6e-05	0.11503886852418174
CASSVDPFSSGNTIYF	TRBV9*01	3.6e-05	0.6103229750898685
CASSPREGWGEKLFF	TRBV18*01	3.6e-05	0.5315766416079536
CASTVSGRPSYEQYF	TRBV6-6*05	3.6e-05	0.4530951113109777
CASSYTGTSGNEQYF	TRBV6-5*01	3.6e-05	0.3971421419618638
CASSIRDGNSYEQYF	TRBV13*01	3.6e-05	0.4166691206883599
CACIPHRSSYEQYF	TRBV30*01	3.6e-05	0.7364136533024696
CAWKSAVWNTEAFF	TRBV30*01	3.6e-05	0.742671944591527
CASSDGTGVEKLFF	TRBV2*01	3.6e-05	0.41630736068733526
CASSLVSGNTEAFF	TRBV7-8*01	3.6e-05	0.18142170560861895
CASSPISSNYGYTF	TRBV11-2*01	3.6e-05	0.17515171127765522
CASNDLGLGGPLHF	TRBV27*01	3.6e-05	0.7513326952976249
CASSPGGTNEKLFF	TRBV5-1*01	3.6e-05	0.19317093770330626
CSAAQSYSNQPQHF	TRBV20-1*02	3.6e-05	0.7298120626527874
CSARDPARGNTIYF	TRBV20-1*01	3.6e-05	0.9632108370161041
CSARDLRRGGEQYF	TRBV20-1*01	3.6e-05	0.9470867550515497
CACCGQPNTEAFF	TRBV28*01	3.6e-05	0.7890190162182141
CAWSKDSNTEAFF	TRBV30*01	3.6e-05	0.21343196508555692
CATSEAGNYEQYF	TRBV24-1*01	3.6e-05	0.21734824815711948
CASSEGHLDEQFF	TRBV6-1*01	3.6e-05	0.5780638869707121
CASSEAGANVLTF	TRBV6-1*01	3.6e-05	0.09957493136302434
CASSRTGGQPQHF	TRBV11-2*01	3.6e-05	0.09547064393605946
CASRGRNNYGYTF	TRBV27*01	3.6e-05	0.2280821119086329
CSAPGQGDHEQYF	TRBV20-1*01	3.6e-05	0.8777419922625931
CASSPGGSGQHF	TRBV6-6*04	3.6e-05	0.5964811643368012
CASSESNQPQHF	TRBV6-1*01	3.6e-05	0.13600211999282005
CASSLGGELFF	TRBV27*01	3.6e-05	0.14451106332205058
CASSYWLDRASDQPQHF	TRBV6-2*01	3.6e-05	0.8311473140526159
CSANGGGQGATNEKLFF	TRBV20-1*01	3.6e-05	0.7824360538090618
CAWSGTGAVAKNIQYF	TRBV30*01	3.6e-05	0.8166879155391016
CAIRTGANINTGELFF	TRBV10-3*01	3.6e-05	0.7337560817846727
CASSYSFVSKGDTQYF	TRBV6-5*01	3.6e-05	0.9380642280682703
CASSFDGTSGYNEQFF	TRBV11-2*01	3.6e-05	0.4058478920270411
CASSLDLAGVSYEQYF	TRBV7-9*01	3.6e-05	0.41885210051801836
CARGGDRETWGYGYTF	TRBV2*01	3.6e-05	0.8301953716378107
CASSRVADPNTGELFF	TRBV5-1*01	3.6e-05	0.7732389821246358
CASTAGDGMNTEAFF	TRBV2*01	3.6e-05	0.3839370040420664
CASSSGQGADTEAFF	TRBV6-5*01	3.6e-05	0.08764311490904422
CASSVEGVVGNTIYF	TRBV9*01	3.6e-05	0.3447346538895907
CASSQPLRGFGGYTF	TRBV4-1*01	3.6e-05	0.8971859884966987
CASSNLRGANVLTF	TRBV6-6*03	3.6e-05	0.2507235928612702
CASRLPGQTSPLHF	TRBV6-6*03	3.6e-05	0.7128530991398428
CASSGEGREDEQYF	TRBV10-1*01	3.6e-05	0.5173270582077629
CASSPRSSTEAFF	TRBV19*01	3.6e-05	0.22991959540746587
CASSRDRSYEQYF	TRBV19*01	3.6e-05	0.18930947145482352
CASTLLAGALPYF	TRBV28*01	3.6e-05	0.9014194421418255
CASSYGRVETQYF	TRBV6-5*01	3.6e-05	0.5033548268879873
CASSPRQTGELFF	TRBV27*01	3.6e-05	0.29733309123897095
CASSVGGNTEAFF	TRBV9*01	3.6e-05	0.08636568319475595
CASSPEGNTIYF	TRBV18*01	3.6e-05	0.2520902629566205
CASSIGQHEQYF	TRBV5-1*01	3.6e-05	0.34810910958665575
CSVRVFSYEQYF	TRBV29-1*01	3.6e-05	0.8867269117575124
CSVSPGLALFF	TRBV29-1*01	3.6e-05	0.8091659566810881
CASSPFGSSYNEQFF	TRBV18*01	3.6e-05	0.42960909927689306
CASSVGDRVNQPQHF	TRBV2*01	3.6e-05	0.3460659332936343
CASSVTSGNTGELFF	TRBV2*01	3.6e-05	0.17062713451821893
CASSLRPVPGYGYTF	TRBV4-2*01	3.6e-05	0.8750338252411285
CASSLEGVSYNEQFF	TRBV5-1*01	3.6e-05	0.28461311468328426
CAIQRNRGHQPQHF	TRBV7-3*01	3.6e-05	0.6222920132780555
CASSPLAGFSEQYF	TRBV6-6*04	3.6e-05	0.6227772444783739
CSAPGPANTGELFF	TRBV20-1*01	3.6e-05	0.8865191465378971
CASEGQGTDTQYF	TRBV27*01	3.6e-05	0.2525428126010552
CASSLTRGWGYTF	TRBV11-2*01	3.6e-05	0.6132088308328918
CSARLTNLGAFF	TRBV20-1*01	3.6e-05	0.9834414817194872
CASSLEPSGNSGELFF	TRBV7-2*01	3.6e-05	0.49228303322777456
CASSYLGGANEKLFF	TRBV6-5*01	3.6e-05	0.4579493207860424
CASSLRGVGGYEQYF	TRBV7-3*01	3.6e-05	0.23512380327391832
CASSFNSLGQETQYF	TRBV5-1*01	3.6e-05	0.7212833457570381
CASSPGQGPTYTQYF	TRBV4-1*01	3.6e-05	0.2887663279667099
CASSVSGYRNEQFF	TRBV2*01	3.6e-05	0.5740412478405311
CASSSQGGTEAFF	TRBV11-2*01	3.6e-05	0.1342663517431044
CASSPGQGSEQYF	TRBV4-2*01	3.6e-05	0.2249777142511264
CASSQGLSYEQYF	TRBV4-1*01	3.6e-05	0.15421292268593578
CASSEPTSGRGYNEQFF	TRBV5-1*01	3.6e-05	0.6620959330645421
CSARDPSGIHREQFF	TRBV20-1*01	3.6e-05	0.9928122033883297
CASSLTSEGSPLHF	TRBV5-1*01	3.6e-05	0.5297606797882827
CASSEAVRSLNQPQHF	TRBV2*01	3.6e-05	0.7456213126989533
CASSETRQVNYGYTF	TRBV6-1*01	3.5e-05	0.6665066425358184
CASSFPSGSIDEQFF	TRBV28*01	3.5e-05	0.8394024449118253
CSASAPLGGESYEQYF	TRBV20-1*02	3.5e-05	0.956377732523659
CASSGRTGQVGELFF	TRBV28*01	3.5e-05	0.7158647415996303
CASSLGGQSYGYTF	TRBV11-2*01	3.5e-05	0.11177925582050785
CASSPRDYPYEQYF	TRBV9*01	3.5e-05	0.519968172931157
CASSLGVSGNTIYF	TRBV5-1*01	3.5e-05	0.13425539142669635
CASSYGTRGEQYF	TRBV19*03	3.5e-05	0.7717076453730152
CASSLGDRGKAFF	TRBV5-1*01	3.5e-05	0.7374310378544798
CSAISGKVHEQYF	TRBV20-1*01	3.5e-05	0.9759361187159211
CASSEFTPTGFYEQYF	TRBV19*01	3.5e-05	0.7216550237633089
CATSDWAGFGYEQYF	TRBV24-1*01	3.5e-05	0.8356087489045861
CASSTRLEGAGGYTF	TRBV27*01	3.5e-05	0.6074241416508198
CASSSRDGAYEQYF	TRBV28*01	3.5e-05	0.25023113977067557
CASSRTEEANTIYF	TRBV28*01	3.5e-05	0.3565033756844408
CASSGGGRGYEQYF	TRBV7-2*01	3.5e-05	0.1563108898335693
CSASEGSGDSPLHF	TRBV20-1*04	3.5e-05	0.6724258153255496
CASRDRASYEQYF	TRBV2*01	3.5e-05	0.26059048662893847
CAWSPAADTQYF	TRBV30*01	3.5e-05	0.7690383792066334
CASREPNQPQHF	TRBV28*01	3.5e-05	0.2377869383335187
CASSLGYTEAFF	TRBV5-1*01	3.5e-05	0.17366311158437756
CASSWGFEQFF	TRBV28*01	3.5e-05	0.397509374181564
CATSRDGWGERSPLHF	TRBV15*01	3.5e-05	0.9489615310516305
CASTSGSALSNQPQHF	TRBV19*03	3.5e-05	0.606958820770764
CAISGGQGTSYEQYF	TRBV10-3*01	3.5e-05	0.5060071550569011
CASDWGGGHGYGYTF	TRBV2*02	3.5e-05	0.795776439213688
CASSPTGAFYNEQFF	TRBV28*01	3.5e-05	0.8142609522437377
CASSSGGGVTYEQYF	TRBV11-3*02	3.5e-05	0.2972522031110495
CASRREIYNSPLHF	TRBV2*01	3.5e-05	0.7180217361294841
CASRLAGGHNEQFF	TRBV27*01	3.5e-05	0.39366008089703053
CASSLSAVQPQHF	TRBV27*01	3.5e-05	0.2681578632907076
CASSYRGEYGYTF	TRBV6-5*01	3.5e-05	0.2546528684002574
CASSFMEYNEQFF	TRBV11-2*01	3.5e-05	0.48138615932777246
CASSQHGPRGYTF	TRBV4-1*01	3.5e-05	0.8568665925712784
CASSVTNYGYTF	TRBV28*01	3.5e-05	0.13845210669893976
CASSLGSYGYTF	TRBV7-9*01	3.5e-05	0.090304886783511
CASSSPLSGSSYNEQFF	TRBV6-5*01	3.5e-05	0.47213277649679675
CASSYGSSGGRSYEQYF	TRBV6-2*01	3.5e-05	0.395532914303207
CASTRTGGDSGNTIYF	TRBV6-6*03	3.5e-05	0.27768080991961724
CASSPTDGQGAGPLHF	TRBV28*01	3.5e-05	0.7107308448295702
CASSRGVGDRSPLHF	TRBV6-6*04	3.5e-05	0.7386630912100262
CASSLVSEVSYEQYF	TRBV7-2*01	3.5e-05	0.2665905015151026
CASSLDLRGSYGYTF	TRBV11-2*01	3.5e-05	0.39675851987767424
CASSQWGLAGDEQYF	TRBV3-1*01	3.5e-05	0.639276775129752
CASSPPERSQPQHF	TRBV18*01	3.5e-05	0.6395270602780948
CASSFASGSYEQYF	TRBV11-2*01	3.5e-05	0.3059031087737653
CASSLRGADQPQHF	TRBV7-2*01	3.5e-05	0.15037236922733024
CASSSTAERSEQYF	TRBV11-2*01	3.5e-05	0.7264487896484908
CASRAEGRSYEQYF	TRBV7-2*01	3.5e-05	0.2637010885983959
CASRRGQGVSEQFF	TRBV27*01	3.5e-05	0.579596532677824
CASSLDPGLAEAFF	TRBV5-1*01	3.5e-05	0.7436259035008985
CASSISDSSYGYTF	TRBV5-1*01	3.5e-05	0.27959624328200056
CASRARLVSYEQYF	TRBV10-1*01	3.5e-05	0.6582734324139264
CSARDPRGNQPQHF	TRBV20-1*01	3.5e-05	0.8985000624441067
CSAREAGAKETQYF	TRBV20-1*01	3.5e-05	0.9640866128416354
CSAKPGSGNTEAFF	TRBV20-1*01	3.5e-05	0.817213040544115
CASTNRGSYEQYF	TRBV19*01	3.5e-05	0.20787323441305802
CASSMRGSGEQFF	TRBV19*01	3.5e-05	0.3769918094462685
CASSTYSGNTIYF	TRBV19*03	3.5e-05	0.22341201360337784
CASSTLGRDEAFF	TRBV28*01	3.5e-05	0.6045519595598002
CSATVRTWDEQFF	TRBV20-1*01	3.5e-05	0.9764954730747208
CSLMTGVVNGYTF	TRBV20-1*01	3.5e-05	0.9452089755574965
CASSLEGLGAFF	TRBV28*01	3.5e-05	0.7231239608485928
CASSDTLDEQFF	TRBV6-1*01	3.5e-05	0.35735557130141143
CSASSTSTSGPLHPHEQYF	TRBV20-1*04	3.5e-05	0.9638655709444204
CSARFDGRGTRSNQPQHF	TRBV20-1*01	3.5e-05	0.9817648031748678
CASSMGDARGSFRGYTF	TRBV19*01	3.5e-05	0.8971245911644659
CASSPPGGTLTYEQYF	TRBV6-6*05	3.5e-05	0.6483011947441039
CASSQDLYLGGNTIYF	TRBV4-2*01	3.5e-05	0.69597116426611
CAIRGLTGLSYEQYF	TRBV10-3*01	3.5e-05	0.7575783947638636
CASSVQGAANYGYTF	TRBV19*01	3.5e-05	0.18898943958609077
CASTLGTGQGTEAFF	TRBV2*01	3.5e-05	0.22541428462918375
CASSYATSGTGELFF	TRBV6-5*01	3.5e-05	0.6301328647061734
CASSQEGARVYEQYF	TRBV2*01	3.5e-05	0.5223256588040489
CASSEGASSSYEQYF	TRBV6-1*01	3.5e-05	0.18377029503299716
CASSTDTFSYNEQFF	TRBV6-6*03	3.5e-05	0.38046992045686373
CASSPDSILNTEAFF	TRBV11-3*01	3.5e-05	0.49279616706369755
CASSVQGGRAYEQYF	TRBV5-1*01	3.5e-05	0.3026385515669351
CASSPSGGTTDTQYF	TRBV5-1*01	3.5e-05	0.30400622277880485
CAWSPGTGPEPQHF	TRBV30*01	3.5e-05	0.8075216872080685
CAISETGGVYEQYF	TRBV10-3*01	3.5e-05	0.35379845468610693
CASTSTDSYNEQFF	TRBV27*01	3.5e-05	0.23740189640415588
CASSYGSAVNEQFF	TRBV27*01	3.5e-05	0.5940962109780151
CASSRPGGGTEAFF	TRBV27*01	3.5e-05	0.1992156337633894
CASSTDRGPYEQYF	TRBV5-1*01	3.5e-05	0.26151648945517064
CSATTGEGWEKLFF	TRBV20-1*02	3.5e-05	0.9315852966122294
CASSERAGEKLFF	TRBV27*01	3.5e-05	0.21736611400392664
CASRGTGAYEQYF	TRBV6-1*01	3.5e-05	0.2089287833246984
CSAGTGGGQPQHF	TRBV20-1*01	3.5e-05	0.6813415801712437
CSASRLAAYEQYF	TRBV20-1*04	3.5e-05	0.7139878104996396
CSARDGDGQPQHF	TRBV20-1*01	3.5e-05	0.7303023617364934
CAAQGANQPQHF	TRBV2*01	3.5e-05	0.27903221612785795
CASSFYGRVLFF	TRBV28*01	3.5e-05	0.7705475865191339
CASSSQGYEQYF	TRBV11-2*01	3.5e-05	0.09946602807537497
CASSYGGTEAFF	TRBV6-5*01	3.5e-05	0.10366031539746948
CASSLGQHEQYF	TRBV5-1*01	3.5e-05	0.29847448218671957
CASSQDREQYF	TRBV18*01	3.5e-05	0.24629683930920473
CASSEWGEQYF	TRBV3-1*01	3.5e-05	0.3005471290137094
CASSEKPGQTFYNSPLHF	TRBV2*01	3.5e-05	0.8814387621286933
CASRDPLPGLAGEGEQYF	TRBV6-6*04	3.5e-05	0.8270401939703289
CASSEGGAGLANYGYTF	TRBV6-1*01	3.5e-05	0.30571200405522564
CASSTHRDRERNTEAFF	TRBV28*01	3.5e-05	0.7799672872851892
CASSQDGSGEGYNEQFF	TRBV3-1*01	3.5e-05	0.3441180106240152
CATSDSRTGSVNEQFF	TRBV24-1*01	3.5e-05	0.5025123481610104
CASSSLGLTGTDTQYF	TRBV6-6*04	3.5e-05	0.24876582723336543
CASSQEGKGDNQPQHF	TRBV4-2*01	3.5e-05	0.250910232604355
CASRHQRDANTGELFF	TRBV6-2*01	3.5e-05	0.7069831842955412
CASSQADRGRNQPQHF	TRBV4-1*01	3.5e-05	0.4150271525506767
CATSRGGRSYNEQFF	TRBV15*01	3.5e-05	0.2639248325459184
CATSREYSGAYEQYF	TRBV15*01	3.5e-05	0.2675755953614508
CASSLPQGRRQPQHF	TRBV19*01	3.5e-05	0.6149072383249844
CASSPPGWANNEQFF	TRBV18*01	3.5e-05	0.8157639247118567
CASSPPSRGGDTQYF	TRBV18*01	3.5e-05	0.6900293315546214
CASSQGTGGSYEQYF	TRBV4-2*01	3.5e-05	0.10307897118037299
CASSKYGTGDEKLFF	TRBV7-9*05	3.5e-05	0.8126282564964752
CSVEKWGQYSYEQYF	TRBV29-1*01	3.5e-05	0.8616717000174753
CASSMIQGDVTQYF	TRBV19*01	3.5e-05	0.7473597839963213
CASSTRREGQPQHF	TRBV19*01	3.5e-05	0.4024848386202479
CASRPGQGFGKLFF	TRBV2*01	3.5e-05	0.7463507360562422
CASSEGLAGNEQYF	TRBV6-1*01	3.5e-05	0.21900142239565368
CASSLVASEYEQYF	TRBV11-2*01	3.5e-05	0.3491863936152348
CASSPSGGGYEQYF	TRBV11-2*01	3.5e-05	0.2127711720663423
CASSLEEAWGEQYF	TRBV5-1*01	3.5e-05	0.7709683008964509
CASSQSYADQPQHF	TRBV4-1*01	3.5e-05	0.3239819340427277
CSASFRTANTEAFF	TRBV20-1*04	3.5e-05	0.8279894033391854
CSAVRDSLNQPQHF	TRBV20-1*01	3.5e-05	0.9020638296818091
CSAVRQGVLWEQYF	TRBV20-1*04	3.5e-05	0.9908886363115549
CASGGGFRNTIYF	TRBV9*01	3.5e-05	0.51802205045037
CASSLWRSQPQHF	TRBV27*01	3.5e-05	0.49558524339559207
CASSLRTAGELFF	TRBV11-1*01	3.5e-05	0.5221311349749841
CASSQGGSYEQYF	TRBV4-1*01	3.5e-05	0.11603594502237168
CSAQGWDSYEQYF	TRBV20-1*01	3.5e-05	0.8705571750486502
CSAPRAVSEQYF	TRBV20-1*01	3.5e-05	0.9472638304043558
CASSVIYEQYF	TRBV2*01	3.5e-05	0.1393705684608584
CASSSPDRAPGANVLTF	TRBV28*01	3.5e-05	0.5353125235079342
CASSLGSSGVNTGELFF	TRBV5-1*01	3.5e-05	0.17344777109230594
CASHATSGRAWYEQYF	TRBV18*01	3.5e-05	0.802984030775951
CASSVDRGLLSFGYTF	TRBV19*01	3.5e-05	0.9176586336732893
CASSIDRRQGYTEAFF	TRBV19*01	3.5e-05	0.45486282912729176
CASSPASGSRTDTQYF	TRBV11-3*02	3.5e-05	0.44476917817685774
CASSEFPAGANYEQYF	TRBV10-2*01	3.5e-05	0.6237630406563602
CATSGREGGDYGYTF	TRBV24-1*01	3.5e-05	0.25989222027098335
CASSSRGSGQETQYF	TRBV6-5*01	3.5e-05	0.3637663287719463
CASSEDEGRNSPLHF	TRBV2*01	3.5e-05	0.4377792820142317
CASSIGGKRDTEAFF	TRBV28*01	3.5e-05	0.4774881611611285
CASSIEGGIHNEQFF	TRBV6-2*01	3.5e-05	0.6023175493852664
CASSLLAGGTYEQYF	TRBV11-2*01	3.5e-05	0.15503052459542266
CASSPSGDSHYEQYF	TRBV9*01	3.5e-05	0.30123769548515045
CASSVGSSETYEQYF	TRBV9*01	3.5e-05	0.2630692956973931
CASSSLTTGSYEQYF	TRBV5-1*01	3.5e-05	0.18873977654053595
CSATFGLADNYEQYF	TRBV20-1*01	3.5e-05	0.890024698469353
CASGLAGTYNEQFF	TRBV2*01	3.5e-05	0.257116534650161
CASGRTNFDNEQFF	TRBV7-3*01	3.5e-05	0.9295205885287638
CASSYGRGYTEAFF	TRBV6-2*01	3.5e-05	0.2174279327439104
CASSEGASRETQYF	TRBV2*01	3.5e-05	0.4666550660163085
CASSFDRDGGKLFF	TRBV7-8*01	3.5e-05	0.7321879098046052
CASSLDRNNYGYTF	TRBV11-1*01	3.5e-05	0.18827565866092535
CASSLTQHITEAFF	TRBV5-1*01	3.5e-05	0.4867861052569989
CSAPRQGMSYGYTF	TRBV20-1*01	3.5e-05	0.858902621428681
CSAPSGSGSDTQYF	TRBV20-1*01	3.5e-05	0.8189961117849907
CPYVQATNEKLFF	TRBV6-2*01	3.5e-05	0.9019799669036436
CAWSGGRALEQFF	TRBV30*01	3.5e-05	0.9366480745175588
CASSVTSNQPQHF	TRBV19*01	3.5e-05	0.11383901872191647
CASLRGAWEKLFF	TRBV2*01	3.5e-05	0.7864052663876253
CASGSGGGNEQFF	TRBV27*01	3.5e-05	0.3197206958663397
CASSLDRPYEQYF	TRBV6-5*01	3.5e-05	0.18190451936839855
CASSLQGGTEAFF	TRBV28*01	3.5e-05	0.10007100080343916
CASRGGYSYEQYF	TRBV6-1*01	3.5e-05	0.2889884784380061
CSAREPGWGEQYF	TRBV20-1*01	3.5e-05	0.938232206588967
CASSLNSDTQYF	TRBV28*01	3.5e-05	0.2288065260443123
CASTRNTEAFF	TRBV6-6*03	3.5e-05	0.10848050171936954
CASSFRDEQFF	TRBV28*01	3.5e-05	0.2673836693691431
CASREHTEAFF	TRBV10-1*01	3.5e-05	0.32744134537674746
CASSLRELSGRAAYEQYF	TRBV7-2*01	3.5e-05	0.6141205542596269
CAWSEGTGGAFGELFF	TRBV30*01	3.5e-05	0.9028829115855144
CASSEIGGTGANEQFF	TRBV10-1*01	3.5e-05	0.4321983050525779
CASSPFLLAGGNEQFF	TRBV5-1*01	3.5e-05	0.9060461967959783
CASSQEATGGHNTIYF	TRBV4-1*01	3.5e-05	0.4212340600955108
CASSPPGQGGTEAFF	TRBV18*01	3.5e-05	0.30586567467338815
CASSSGLAGLHEQFF	TRBV27*01	3.5e-05	0.49747506812767156
CASSPSGIGGNEQFF	TRBV5-1*01	3.5e-05	0.45054340105214186
CASRSRGANYGYTF	TRBV19*01	3.5e-05	0.23080203043458133
CASTRGTGALEQYF	TRBV2*01	3.5e-05	0.7546854226093647
CASSPLGVVETQYF	TRBV28*01	3.5e-05	0.6081852594348189
CASSPGQATDTQYF	TRBV27*01	3.5e-05	0.324145998117797
CAWSVQAGTEAFF	TRBV30*01	3.5e-05	0.7033963968452766
CASSLEGTGLAFF	TRBV7-9*01	3.5e-05	0.2790290865243079
CASSQGQGYGYTF	TRBV3-1*01	3.5e-05	0.10171284933783702
CASSTGEGTEAFF	TRBV2*02	3.5e-05	0.10081657572093375
CAWRSRLRDRGTDTQYF	TRBV30*01	3.5e-05	0.9151639888559528
CASSFPGLAGVGNEQFF	TRBV28*01	3.5e-05	0.7162746118451806
CASSPDGGPHNEQFF	TRBV6-6*05	3.5e-05	0.6299012170760152
CASRSLTLGNQPQHF	TRBV6-1*01	3.5e-05	0.7512483190261885
CASSRAPSNQPQHF	TRBV9*01	3.5e-05	0.27480969457007853
CASRRDGYNSPLHF	TRBV3-1*01	3.5e-05	0.544384296255927
CSARPGRELFEQYF	TRBV20-1*01	3.5e-05	0.9734768944183213
CAGSDTYNQPQHF	TRBV2*01	3.5e-05	0.5558866448049179
CASSQGGEYEQYF	TRBV14*01	3.5e-05	0.16045514452140805
CASSSAGWEQFF	TRBV5-1*01	3.5e-05	0.4246803172290888
CSVPRGADGYTF	TRBV29-1*01	3.5e-05	0.8968926564363603
CASSQELEQYF	TRBV4-2*01	3.5e-05	0.3754350632971375
CASSYSRRTVHTYEQYF	TRBV6-5*01	3.5e-05	0.8307889726684877
CASSQDADSYNSPLHF	TRBV4-2*01	3.5e-05	0.494777407451372
CASSPPQDRVHEQYF	TRBV18*01	3.5e-05	0.7582859793904816
CASIPTASSGNTIYF	TRBV7-6*01	3.5e-05	0.40519636003926457
CASSLTGGVFTEAFF	TRBV11-3*01	3.5e-05	0.33908624071508187
CASSPDGLGGNEQFF	TRBV11-3*01	3.5e-05	0.4143785890252075
CASRDRPQDTEAFF	TRBV5-1*01	3.5e-05	0.6950863985918319
CSASPRGRDQPQHF	TRBV20-1*01	3.5e-05	0.879195813242195
CASSYEGTDTQYF	TRBV6-5*01	3.5e-05	0.21749276681635332
CASRGSAVHEQYF	TRBV6-1*01	3.5e-05	0.7493115429555541
CASSSATSYNEQFF	TRBV2*02	3.5e-05	0.12326257635942842
CAWSGREWGDEKLFF	TRBV30*01	3.4e-05	0.809217070106157
CASSLEAGHYEQYF	TRBV5-1*01	3.4e-05	0.23221151411772106
CASSLSPGGDYEQYF	TRBV27*01	3.4e-05	0.2816919919226888
CASRNRLGGSYEQYF	TRBV27*01	3.4e-05	0.3903847944025735
CAWGLDRGYSGYTF	TRBV30*05	3.4e-05	0.8092934538474598
CSAWDRGSYEQYF	TRBV20-1*01	3.4e-05	0.8145188120736266
CSARAPNEGEQYF	TRBV20-1*01	3.4e-05	0.9532860420246312
CASSGDSQEQYF	TRBV11-3*02	3.4e-05	0.4707214521139685
CASSLRSSGKDYEQYF	TRBV19*01	3.4e-05	0.3154908799017779
CASSYSMGPSSYEQYF	TRBV6-5*01	3.4e-05	0.4917713197046134
CSASFGSGAGTGYTF	TRBV20-1*02	3.4e-05	0.6432279569075061
CASKSQDSSEQYF	TRBV19*01	3.4e-05	0.5890670436063047
CASRNYGYTF	TRBV6-2*01	3.4e-05	0.09880464041803766
CASSEHRSFSGNTIYF	TRBV2*01	3.4e-05	0.8950401571968049
CASSFLRTGKNTEAFF	TRBV13*01	3.4e-05	0.6529151345962034
CASSTQAGQGTEAFF	TRBV18*01	3.4e-05	0.4240762103286072
CASSGLAVSTNEQFF	TRBV6-1*01	3.4e-05	0.4953830101607615
CASSLVTSGNYEQYF	TRBV5-1*01	3.4e-05	0.23766832012125205
CASSRLGTRNTEAFF	TRBV5-1*01	3.4e-05	0.38545174018378675
CASSASTGLGLEQYF	TRBV10-1*01	3.4e-05	0.6370004736706005
CASTRGPINSPLHF	TRBV19*01	3.4e-05	0.7517917066098253
CASSLDGLSYEQYF	TRBV28*01	3.4e-05	0.26421761515706665
CASSYPDSPEGYTF	TRBV6-5*01	3.4e-05	0.833610298233833
CASSEDTNTGELFF	TRBV6-4*01	3.4e-05	0.1593334107463052
CASRQPGTPYEQYF	TRBV11-2*01	3.4e-05	0.6508866535562224
CASALGGSPYEQYF	TRBV5-1*02	3.4e-05	0.5393078890547984
CASSLGLAAEQYF	TRBV18*01	3.4e-05	0.3162204168038008
CASRRSSYEQYF	TRBV27*01	3.4e-05	0.2204201138381949
CASSLGGRFWFSTDTQYF	TRBV28*01	3.4e-05	0.9565254698550499
CASLQGLGVGNTEAFF	TRBV28*01	3.4e-05	0.4443673248699487
CASSESWGHSNQPQHF	TRBV2*03	3.4e-05	0.4944447627838668
CASSPIAGRGDNEQFF	TRBV28*01	3.4e-05	0.8698008558987219
CASSINSGPVGSPLHF	TRBV4-1*01	3.4e-05	0.7130004852396353
CASKWDGRAPFEAFF	TRBV19*01	3.4e-05	0.9588713573477347
CASSPSGLRNSPLHF	TRBV18*01	3.4e-05	0.6460272350506506
CASSYRGGTYNEQFF	TRBV6-5*01	3.4e-05	0.2957104456871142
CASSPLDGSGNTIYF	TRBV28*01	3.4e-05	0.3750984482209002
CASSVSASSYNEQFF	TRBV10-1*01	3.4e-05	0.26605381088510965
CSARPTGRSNEKLFF	TRBV20-1*01	3.4e-05	0.9668791622930953
CASSRPGNDSPLHF	TRBV19*01	3.4e-05	0.503277783823578
CASSYLASTGELFF	TRBV27*01	3.4e-05	0.638174675087852
CASSLGTGFHEQYF	TRBV7-9*01	3.4e-05	0.45762623970207383
CASSPRLAPGEQYF	TRBV11-3*01	3.4e-05	0.8370645026617449
CASRYNSGGTEAFF	TRBV6-5*01	3.4e-05	0.4696144884031188
CASRFGTGNTEAFF	TRBV2*01	3.4e-05	0.23127819306728922
CASSLEGSGNTIYF	TRBV5-1*01	3.4e-05	0.16604672213389918
CASSWTGINQPQHF	TRBV5-1*01	3.4e-05	0.33800568744818493
CASSPGAGNQPQHF	TRBV5-1*01	3.4e-05	0.08486237387894009
CSAWTSGSSYEQYF	TRBV20-1*04	3.4e-05	0.8785201153610142
CAISGLSGNTIYF	TRBV10-3*01	3.4e-05	0.31943518013481353
CASRPGGPPAQHF	TRBV28*01	3.4e-05	0.8597420690396218
CASRAGTTYEQYF	TRBV28*01	3.4e-05	0.3221758989910908
CASSSQGTEQYF	TRBV7-2*01	3.4e-05	0.168837830223442
CASSYLRGGGPTNEKLFF	TRBV6-5*01	3.4e-05	0.6376380144832441
CASSQVSGSGRDYEQYF	TRBV4-1*01	3.4e-05	0.37322823877959627
CASSLLNRDSAYEQYF	TRBV7-8*01	3.4e-05	0.4463594784149925
CASSPPGHPNNYGYTF	TRBV7-8*03	3.4e-05	0.6279121554041185
CASSVSGLAKYNEQFF	TRBV9*01	3.4e-05	0.4585320315484705
CSASLTGGSGNQPQHF	TRBV20-1*04	3.4e-05	0.6108799785575665
CASTQPGGTGDEQYF	TRBV6-1*01	3.4e-05	0.419740858960876
CASSLMREASYEQYF	TRBV7-2*01	3.4e-05	0.4399499952595262
CASSHGPQGAYGYTF	TRBV3-1*01	3.4e-05	0.6369382436876573
CASSDYWDRVYEQYF	TRBV2*02	3.4e-05	0.7333824372537725
CASSENPGMNTEAFF	TRBV10-2*01	3.4e-05	0.5148731611658657
CASSLGQVGNTEAFF	TRBV5-1*01	3.4e-05	0.2653748591140607
CASSRGTGVLYEQYF	TRBV4-1*01	3.4e-05	0.5131750968044227
CAWSGRGDGEGYTF	TRBV30*01	3.4e-05	0.6369775945202435
CATSQTKSYNEQFF	TRBV24-1*01	3.4e-05	0.8373152345027234
CASSRTDTNEKLFF	TRBV2*01	3.4e-05	0.20781670788776294
CASSLERGSSPLHF	TRBV3-1*01	3.4e-05	0.336678362129726
CASSTRTYGNTIYF	TRBV9*03	3.4e-05	0.22911974009154168
CASRAGQEGTEAFF	TRBV6-6*05	3.4e-05	0.40170999485024605
CSAKSAVPRYGYTF	TRBV20-1*05	3.4e-05	0.9891421479329632
CASSFGGGYEQYF	TRBV27*01	3.4e-05	0.12629687074012869
CASSIGQVYEQYF	TRBV3-1*01	3.4e-05	0.2968274502728405
CASSFWAGELFF	TRBV28*01	3.4e-05	0.7402958737176961
CASSSAGPPLHF	TRBV7-2*01	3.4e-05	0.5467285803868515
CASRAGYGYTF	TRBV2*01	3.4e-05	0.14088665852326557
CASSQVGGTSGRFDEQYF	TRBV4-1*01	3.4e-05	0.718497222794372
CASSSTSAPSPYEQYF	TRBV11-3*01	3.4e-05	0.5344507536922628
CASSEDQAPLNTEAFF	TRBV10-1*01	3.4e-05	0.6977985821498104
CAISEKGRGTYGYTF	TRBV10-3*01	3.4e-05	0.6998227144389924
CATSDPGDGTDTQYF	TRBV24-1*01	3.4e-05	0.5504299198105201
CASSIDRQMNTEAFF	TRBV19*01	3.4e-05	0.3154514800252387
CASSPARESGNTIYF	TRBV18*01	3.4e-05	0.41281425133710054
CASSFWQGRLDEQYF	TRBV28*01	3.4e-05	0.9468252390149051
CASSLTSGSFHEQFF	TRBV28*01	3.4e-05	0.47451218388723365
CASSPTGGGNQPQHF	TRBV6-6*04	3.4e-05	0.10602448637612957
CASSDSHWSNQPQHF	TRBV2*01	3.4e-05	0.5793107410651267
CASSIRWAIGEKLFF	TRBV28*01	3.4e-05	0.9526916501412961
CASSLYKPSSYEQYF	TRBV7-3*01	3.4e-05	0.7341661770875052
CASSLASGRIYEQYF	TRBV11-2*01	3.4e-05	0.4940767786861711
CASSPGQGISYGYTF	TRBV14*01	3.4e-05	0.3713119849675
CASSPPPRNGEKLFF	TRBV7-2*01	3.4e-05	0.8528967764410954
CSARGTSGGPYEQYF	TRBV20-1*01	3.4e-05	0.8400910255598615
CAILPPDGNYGYTF	TRBV28*01	3.4e-05	0.9107652188615771
CATSDLTRGYGYTF	TRBV24-1*01	3.4e-05	0.6401628350772459
CASRDQGREYGYTF	TRBV19*01	3.4e-05	0.3649026288199647
CASSSSRPTDTQYF	TRBV2*02	3.4e-05	0.3934364809838306
CASSWDRGGDEQFF	TRBV27*01	3.4e-05	0.4861087421051114
CASSYSGQQLKAFF	TRBV6-5*01	3.4e-05	0.8842822258376418
CASSELDSPYEQYF	TRBV25-1*01	3.4e-05	0.3161872310931195
CASSLVVEEGTQYF	TRBV11-3*01	3.4e-05	0.8019646431808402
CASSPYRLGSEQFF	TRBV7-2*01	3.4e-05	0.7967567823890442
CASRSSGSRYGYTF	TRBV6-5*01	3.4e-05	0.2200157735467734
CASTAGQGYNEQFF	TRBV5-1*01	3.4e-05	0.35741481670186026
CASSDGTSTGELFF	TRBV10-1*01	3.4e-05	0.26255548243491944
CASSFGDSNEKLFF	TRBV5-1*01	3.4e-05	0.18234691538826636
CASSLGDRGEKLFF	TRBV5-1*01	3.4e-05	0.4137031639338846
CSASWSAGSYEQYF	TRBV20-1*01	3.4e-05	0.9038224549558217
CASSLDAGYGYTF	TRBV7-3*01	3.4e-05	0.21375162218427216
CASSFPDNNEQFF	TRBV28*01	3.4e-05	0.35265359589145456
CASSLWRQETQYF	TRBV11-2*01	3.4e-05	0.6642492283065364
CASSSGPAYEQYF	TRBV7-3*01	3.4e-05	0.32838196170002903
CASSLGPNYGYTF	TRBV5-1*01	3.4e-05	0.1675828056853014
CAWTSGRNEQFF	TRBV30*01	3.4e-05	0.5355751822046577
CSVGMRNTEAFF	TRBV20-1*01	3.4e-05	0.5366127385684514
CSARRLGSEQFF	TRBV20-1*01	3.4e-05	0.9221241385551792
CSPQGGAIEAFF	TRBV20-1*01	3.4e-05	0.9402844448987822
CASSSGNEQFF	TRBV6-1*01	3.4e-05	0.18531006491363716
CASSFGTEQFF	TRBV27*01	3.4e-05	0.2338284521787753
CASSPLGLAGTKNYEQYF	TRBV27*01	3.4e-05	0.47958968664005763
CASSWPGQGIHNSPLHF	TRBV11-3*01	3.4e-05	0.7069531046947544
CASSVGAVASSGNTIYF	TRBV9*01	3.4e-05	0.4213401427276654
CASSSSRTGGTNTIYF	TRBV28*01	3.4e-05	0.23284262470593303
CASSYIGGSSGNTIYF	TRBV7-2*01	3.4e-05	0.2545887276099515
CASSGVTWGKNNEQFF	TRBV6-1*01	3.4e-05	0.9025084100956706
CATSDAAAGNQPQHF	TRBV24-1*01	3.4e-05	0.5071878845471849
CASSFSSGGTDTQYF	TRBV27*01	3.4e-05	0.2733451729708035
CASSFSGSSSYEQYF	TRBV7-9*01	3.4e-05	0.23736618018314246
CASSLVGGPLGEQFF	TRBV27*01	3.4e-05	0.9155654694308175
CASSYSSRGREKAFF	TRBV6-5*01	3.4e-05	0.9246558917000927
CASSAGTGAFYEQYF	TRBV2*02	3.4e-05	0.3342957929567057
CASSEYGNRDAEQYF	TRBV6-1*01	3.4e-05	0.8298764426455436
CASSLGKTGPSEQYF	TRBV7-8*01	3.4e-05	0.4999320618812451
CASSWQGQNNSPLHF	TRBV11-2*01	3.4e-05	0.5707790072316493
CASSQEGGGGYEQYF	TRBV4-2*01	3.4e-05	0.12864569076927093
CASSQGPSGTYEQYF	TRBV4-1*01	3.4e-05	0.25173122424521577
CASSQRGGSYEQYF	TRBV18*01	3.4e-05	0.11985449802386275
CASSPNSGAYEQYF	TRBV18*01	3.4e-05	0.2935110983504708
CASIPGENYNEQFF	TRBV11-3*01	3.4e-05	0.7165819919459488
CASISTGPNYEQYF	TRBV28*01	3.4e-05	0.3984282411984036
CASSLGDRRNEQFF	TRBV28*01	3.4e-05	0.35258213476748607
CASSLLGGDNEQFF	TRBV27*01	3.4e-05	0.3857377120472421
CASSVQGAHQPQHF	TRBV6-1*01	3.4e-05	0.32009261713560266
CASSDGTGDEKLFF	TRBV2*01	3.4e-05	0.2731901788687386
CASSLAGQSYEQYF	TRBV7-9*01	3.4e-05	0.15175123096365203
CASKKGQLNTEAFF	TRBV2*01	3.4e-05	0.44349598949963465
CAIRQKKNTEAFF	TRBV10-3*01	3.4e-05	0.6805917715523059
CASSFTRSYEQYF	TRBV28*01	3.4e-05	0.3036169065384118
CASSYRQHNEQFF	TRBV7-2*01	3.4e-05	0.5395875125351315
CASSSTLRPEQFF	TRBV11-3*01	3.4e-05	0.9255579961191236
CARRGVTHCGYTF	TRBV6-9*01	3.4e-05	0.8572197690293806
CASSGTDSYEQYF	TRBV10-1*01	3.4e-05	0.17056217902762408
CASSESLNQPQHF	TRBV10-1*01	3.4e-05	0.1991654898566348
CASSDRLTYEQYF	TRBV4-1*01	3.4e-05	0.35636614328607685
CASSIEGYGYTF	TRBV19*01	3.4e-05	0.11929042557539772
CASSGNSGELFF	TRBV28*01	3.4e-05	0.18310911220464274
CASSRVNSPLHF	TRBV14*01	3.4e-05	0.2726492546054629
CAMDRETEAFF	TRBV30*01	3.4e-05	0.6161233558260354
CASSLFWGTSGRRDEQFF	TRBV13*01	3.4e-05	0.8948298350693074
CASSSLTGTGARVEAFF	TRBV18*01	3.4e-05	0.7128411179161154
CASSLSDSSSGANVLTF	TRBV3-1*01	3.4e-05	0.15686377665511853
CASSGTTWAGANVLTF	TRBV28*01	3.4e-05	0.8225365120163379
CATSDSPGGTYNEQFF	TRBV24-1*01	3.4e-05	0.634366392169636
CASSSYLRDGSYEQYF	TRBV28*01	3.4e-05	0.7266658491177145
CASSNARRAPNHEQYF	TRBV28*01	3.4e-05	0.7093204312077702
CASSQDWGDSNQPQHF	TRBV4-1*01	3.4e-05	0.3492137965969411
CSARTLGQGNTGELFF	TRBV20-1*01	3.4e-05	0.8979967341069757
CAISSTYDGGNTIYF	TRBV10-3*01	3.4e-05	0.41875290805217397
CAIKENPGEAYEQYF	TRBV10-3*01	3.4e-05	0.9270952468355119
CASTPGVWSSYEQYF	TRBV27*01	3.4e-05	0.6571482674607766
CASSFRQGVVDEQFF	TRBV28*01	3.4e-05	0.8602637979423519
CASSLTAGINSPLHF	TRBV28*01	3.4e-05	0.42005040479677014
CASSETPNGGSPLHF	TRBV2*01	3.4e-05	0.6351728299121171
CASSSGQGGIYGYTF	TRBV7-6*01	3.4e-05	0.2836398163938831
CASSMGGDTNEKLFF	TRBV9*01	3.4e-05	0.31419664635856837
CASSVVRDTGELFF	TRBV6-1*01	3.4e-05	0.5365402544154891
CASSESGSMDEQFF	TRBV10-1*01	3.4e-05	0.5936150066362991
CASSFGTSGVRQYF	TRBV5-1*01	3.4e-05	0.924013122147261
CSAPFRDKNTEAFF	TRBV20-1*01	3.4e-05	0.9677637448990314
CATRGSVANEQFF	TRBV24-1*01	3.4e-05	0.8143464316144441
CASARRESYEQYF	TRBV6-1*01	3.4e-05	0.3745394833949958
CASSLLTSDEQYF	TRBV11-2*01	3.4e-05	0.38085493951707666
CASSRDSGDTIYF	TRBV3-1*01	3.4e-05	0.6053906256342093
CASSQERTYEQYF	TRBV4-2*01	3.4e-05	0.46969590167338415
CASRLRVAYGYTF	TRBV6-6*05	3.4e-05	0.6050267292638825
CSARISGEGTQYF	TRBV20-1*04	3.4e-05	0.9098458712056717
CASSIREKLFF	TRBV19*03	3.4e-05	0.2338827024846603
CASSSAGELFF	TRBV28*01	3.4e-05	0.1539040382708075
CSVRSDWWQYF	TRBV29-1*01	3.4e-05	0.9623519256478236
CASSLTSSGTGGSGANVLTF	TRBV18*01	3.4e-05	0.17941293740160916
CASRVGTSAIQETQYF	TRBV7-8*01	3.4e-05	0.7493964689694461
CASSFWGQDPGGYTF	TRBV27*01	3.4e-05	0.9478349845713001
CASSAPGQGADEQFF	TRBV28*01	3.4e-05	0.48327842936897225
CASSSGTGFNQPQHF	TRBV6-6*05	3.4e-05	0.2531334205095434
CASRQGGAWGNEQFF	TRBV28*01	3.4e-05	0.8183867876384644
CASSLVSGDAYEQYF	TRBV5-1*01	3.4e-05	0.2911709666913766
CASSPGQGLTEAFF	TRBV18*01	3.4e-05	0.27046191018748716
CASTFTGANTEAFF	TRBV6-5*01	3.4e-05	0.28988794633780357
CASSPEEEPYEQYF	TRBV14*01	3.4e-05	0.589517175819047
CASRNAQLQGEAFF	TRBV6-1*01	3.4e-05	0.9079101643985581
CASSFRSQETQYF	TRBV27*01	3.4e-05	0.49931469602582507
CASRKLGTDTQYF	TRBV6-6*03	3.4e-05	0.4063198087240166
CAAMGKTLEQYF	TRBV2*01	3.4e-05	0.9123612697988795
CASSLQETQYF	TRBV5-1*01	3.4e-05	0.21294330283119758
CASSLSRTGPYEQYF	TRBV7-3*01	3.4e-05	0.2829973582898759
CASSWGRGTYNEQFF	TRBV28*01	3.4e-05	0.37942596734962303
CASTRAGWGNEQFF	TRBV5-1*01	3.4e-05	0.7821024150416567
CASTNWGGRAFF	TRBV6-1*01	3.4e-05	0.9163087542137711
CASSEIVDEQFF	TRBV6-1*01	3.4e-05	0.3420922182532061
CASGRGETQYF	TRBV19*01	3.4e-05	0.34245821768923024
CSARAGMFYEQYF	TRBV20-1*01	3.3e-05	0.9187503201660768
CASSEPGLAPYEQYF	TRBV6-1*01	3.3e-05	0.5757940254964419
CSAREKTDYGYTF	TRBV20-1*01	3.3e-05	0.9478316601630236
CASSSGTGGGEVYGYTF	TRBV28*01	3.3e-05	0.18217681176845973
CASSPRAGARSGEQYF	TRBV6-6*04	3.3e-05	0.6278752091416859
CATSEQNTSPGELFF	TRBV24-1*01	3.3e-05	0.8716169950125965
CASSVGGNSGNTIYF	TRBV6-6*05	3.3e-05	0.21473250344249306
CAWSVTQGRTEAFF	TRBV30*01	3.3e-05	0.8895602132935153
CATSDEGTYPGYTF	TRBV24-1*01	3.3e-05	0.7865315294607458
CASSDSMNTEAFF	TRBV6-1*01	3.3e-05	0.14101069088011664
CASSGGYNEQFF	TRBV2*01	3.3e-05	0.15725912794397431
CASIGFIEGFSGNTIYF	TRBV28*01	3.3e-05	0.8327486584827641
CASSRVGVLDSYEQYF	TRBV14*01	3.3e-05	0.7287254569169364
CASSLGAGAGNEQFF	TRBV27*01	3.3e-05	0.28277984330406664
CASSEGGSSTDTQYF	TRBV6-1*01	3.3e-05	0.19572030553015976
CASSLRTGGSDGYTF	TRBV7-2*01	3.3e-05	0.49821483357321067
CASSLGHYSNQPQHF	TRBV2*01	3.3e-05	0.18834118117599216
CASRGDRVSGNTIYF	TRBV6-1*01	3.3e-05	0.3504304437811746
CASSPTDVAVGYTF	TRBV18*01	3.3e-05	0.6487569583638386
CASSRIQGAREQYF	TRBV11-3*01	3.3e-05	0.6860380584465622
CAISGTDNSPLHF	TRBV10-3*01	3.3e-05	0.2717455625897022
CASSEGQDNEQFF	TRBV2*01	3.3e-05	0.24149091822697324
CSARPGGGYEQYF	TRBV20-1*01	3.3e-05	0.768273015621496
CASSDGGLEQYF	TRBV6-1*01	3.3e-05	0.35031782628645436
CASSGRDSKSSGANVLTF	TRBV28*01	3.3e-05	0.8209966754153116
CASLRGGEVGDNEQFF	TRBV6-1*01	3.3e-05	0.8263991663184918
CASSLVAGGSDTEAFF	TRBV11-3*01	3.3e-05	0.3910412322248838
CASKGTSGSASNEQFF	TRBV11-2*01	3.3e-05	0.5766430781902071
CASIKGGGHSEEQYF	TRBV11-2*01	3.3e-05	0.8129110879405027
CASSTGTVLNQPQHF	TRBV28*01	3.3e-05	0.46952084008948725
CASSLQWRETPEQYF	TRBV7-9*01	3.3e-05	0.9081182830983627
CASSVEIGQPYGYTF	TRBV9*01	3.3e-05	0.34637416269736804
CASSLTGRAGNTIYF	TRBV5-1*01	3.3e-05	0.2762312674227536
CASSPTEGVSSYTF	TRBV18*01	3.3e-05	0.45702486082089816
CASSPQELSYEQYF	TRBV18*01	3.3e-05	0.4108787646999693
CASGRTGIADTQYF	TRBV9*01	3.3e-05	0.7210694190379
CASSLDSFAGELFF	TRBV28*01	3.3e-05	0.4492321722888954
CASSPTASGNTIYF	TRBV3-1*01	3.3e-05	0.3218769856039837
CASSQEVRAWGYTF	TRBV3-1*01	3.3e-05	0.8957328882497099
CASRRQKTNYGYTF	TRBV6-6*04	3.3e-05	0.5265277516121527
CASREGTGAYEQYF	TRBV11-2*01	3.3e-05	0.23100018045739226
CAWSDWTDQPQHF	TRBV30*01	3.3e-05	0.7794136312908806
CASTSLGNTEAFF	TRBV3-1*01	3.3e-05	0.36626324959353984
CASSSGQAYEQYF	TRBV5-1*01	3.3e-05	0.2059846179281866
CATRVGYEQYF	TRBV2*01	3.3e-05	0.45647003071468345
CASSPSAIGLAFIHEQYF	TRBV18*01	3.3e-05	0.7918873639962944
CASRAGTGSFSYNSPLHF	TRBV3-1*01	3.3e-05	0.5898710035296912
CAWSAPDRGGPPYEQYF	TRBV30*01	3.3e-05	0.8985771596807569
CASSARQGDNLDYGYTF	TRBV9*03	3.3e-05	0.4682068977106742
CAWSHGPGSRGYEQYF	TRBV30*01	3.3e-05	0.7302747841044538
CASAGQGAIANTEAFF	TRBV18*01	3.3e-05	0.5905751585193186
CASSSRESNTGELFF	TRBV27*01	3.3e-05	0.21432019087064433
CASSYGSVGFTEAFF	TRBV6-5*01	3.3e-05	0.675998405616848
CASSQTSGRRYEQYF	TRBV6-2*01	3.3e-05	0.4609264508627979
CASSSGQGRQETQYF	TRBV7-2*01	3.3e-05	0.41725265375359766
CASSLQGGVGEEQYF	TRBV7-3*01	3.3e-05	0.2990019118922636
CASSQSGGGGQPQHF	TRBV3-1*01	3.3e-05	0.14305624276882112
CASSQVGGANYGYTF	TRBV4-1*01	3.3e-05	0.27042755847541544
CASSQERRDNYGYTF	TRBV4-1*01	3.3e-05	0.466828326684584
CSAPTAGGIGYGYTF	TRBV20-1*01	3.3e-05	0.8746749866734471
CASGLTGSTDTQYF	TRBV28*01	3.3e-05	0.30434491079754095
CASTLVGRGAGYTF	TRBV28*01	3.3e-05	0.6393450022450103
CASSTRLARYEQYF	TRBV27*01	3.3e-05	0.6151260269153133
CASSLGQAAYEQYF	TRBV10-1*01	3.3e-05	0.2719821083553193
CASSLRDRGREQYF	TRBV5-1*01	3.3e-05	0.4148367296203686
CAIKGGSSYEQYF	TRBV10-3*01	3.3e-05	0.34716015960691926
CASTSGFGNTIYF	TRBV11-3*01	3.3e-05	0.29477051219269296
CASSWDSNQPQHF	TRBV6-5*01	3.3e-05	0.16077582058327738
CASSVGDLYGYTF	TRBV9*01	3.3e-05	0.3775996413968605
CSASRDTHNEQFF	TRBV20-1*01	3.3e-05	0.7543522580774118
CASSRGRNEQYF	TRBV7-8*03	3.3e-05	0.19426647002548136
CASRRTGGEAFF	TRBV2*01	3.3e-05	0.2708261294203502
CASKTGGTEAFF	TRBV28*01	3.3e-05	0.2375307645228171
CASSQRDYGYTF	TRBV4-1*01	3.3e-05	0.11133265016790084
CSANDMAYEQYF	TRBV20-1*01	3.3e-05	0.9276941721367942
CSARRGYEQYF	TRBV20-1*01	3.3e-05	0.7466147546850108
CASSQIGLAGEGSYEQYF	TRBV4-1*01	3.3e-05	0.4019757298305823
CASSLQVAGVDQPQHF	TRBV6-5*01	3.3e-05	0.4313363867578001
CASSTRDRGFPSGYTF	TRBV14*01	3.3e-05	0.8910253008609252
CASSQDLGGQRSPLHF	TRBV4-1*01	3.3e-05	0.6566375482962559
CAWSPPGTVNTEAFF	TRBV30*01	3.3e-05	0.8515042357156398
CASSYAQGGIETQYF	TRBV6-2*01	3.3e-05	0.6219190994413974
CASSPGAGRHYGYTF	TRBV6-1*01	3.3e-05	0.3374115664130628
CASSDRWDGSYGYTF	TRBV27*01	3.3e-05	0.6317286430416389
CASSEGLTLVHEQYF	TRBV2*01	3.3e-05	0.6939973835398027
CASSSVSSGANVLTF	TRBV6-6*03	3.3e-05	0.16062881394135145
CASSSGQGSGNTIYF	TRBV7-9*01	3.3e-05	0.1649087277282966
CASSVTLDRAHEQYF	TRBV9*01	3.3e-05	0.785615145937078
CASSVGPNSGNTIYF	TRBV9*01	3.3e-05	0.27944307626163684
CASRDRGRLNTEAFF	TRBV6-2*01	3.3e-05	0.4037199586415885
CASSFGGAPGNTIYF	TRBV5-1*01	3.3e-05	0.3235379796275618
CASSPGGANTGELFF	TRBV5-1*01	3.3e-05	0.19678188331710092
CSSLDSSGRAGLQYF	TRBV20-1*01	3.3e-05	0.8993965037394304
CSARAVSTEFYGYTF	TRBV20-1*01	3.3e-05	0.926789834768459
CARERGGGAYEQYF	TRBV30*05	3.3e-05	0.2725608595810879
CASSLYRGETSQHF	TRBV18*01	3.3e-05	0.7433861302726795
CASSGTAVNEKLFF	TRBV2*01	3.3e-05	0.44241439296541263
CASSFSGGGEKLFF	TRBV5-1*01	3.3e-05	0.35196255590270126
CASQWTANSPLHF	TRBV6-1*01	3.3e-05	0.913404033877445
CASGDMTGRGAFF	TRBV6-6*05	3.3e-05	0.9592006816556159
CASSLVSGSPLHF	TRBV27*01	3.3e-05	0.3824202016205589
CASSQVDGDEQFF	TRBV3-1*01	3.3e-05	0.45200714065822684
CASSECITDTQYF	TRBV10-1*01	3.3e-05	0.7999753374513162
CSARRADWGGYTF	TRBV20-1*02	3.3e-05	0.9082185568991764
CASRRGDYGYTF	TRBV6-1*01	3.3e-05	0.13714160154306337
CASGRNKNIQYF	TRBV6-1*01	3.3e-05	0.8390162423827178
CASSSRGPVQYF	TRBV11-3*01	3.3e-05	0.6554166685620229
CSAVLQGNEQYF	TRBV20-1*04	3.3e-05	0.8073505904438183
CSASSRNYGYTF	TRBV20-1*04	3.3e-05	0.5376840191381516
CASSLEETQYF	TRBV5-1*01	3.3e-05	0.19026636530719768
CASSSPTYRGRGSYNEQFF	TRBV28*01	3.3e-05	0.8625953121275919
CASSLKTGTGKNYGYTF	TRBV6-6*05	3.3e-05	0.3987424086149887
CASSQDLRIGSRNTIYF	TRBV4-2*01	3.3e-05	0.8624443421914719
CASSASVTGRIGYGYTF	TRBV9*03	3.3e-05	0.6674982941590303
CASSLDRQGYYNSPLHF	TRBV5-1*01	3.3e-05	0.6420433130725104
CATSRGRQAFSDTQYF	TRBV24-1*01	3.3e-05	0.9434924019272434
CATSDPPTGGPGELFF	TRBV24-1*01	3.3e-05	0.8571752330169295
CASSPLGRESTDTQYF	TRBV18*01	3.3e-05	0.49793653989077563
CASSPPGTATTGELFF	TRBV18*01	3.3e-05	0.6933027314992674
CASSPMAGQSIMTQHF	TRBV18*01	3.3e-05	0.8385641839489135
CASSEVGLAGAGELFF	TRBV6-1*01	3.3e-05	0.4217183499970595
CASSLARQDARNTIYF	TRBV7-2*04	3.3e-05	0.5609652690897767
CASSPNGLAGDNEQFF	TRBV7-3*01	3.3e-05	0.622220616921822
CASSQWTGEGTGELFF	TRBV27*01	3.3e-05	0.6395401688876128
CASSHYRGSMNTEAFF	TRBV5-1*01	3.3e-05	0.6581166617778907
CASSIVAGDATEAFF	TRBV19*01	3.3e-05	0.49388030929975646
CASSLYGGPYNEQFF	TRBV27*01	3.3e-05	0.5860583069197739
CASSSGTGPYNEQFF	TRBV7-3*01	3.3e-05	0.2669976300446813
CASSLGQGIYNEQFF	TRBV7-8*01	3.3e-05	0.3494862550927985
CASSLGGGSSYEQYF	TRBV7-3*01	3.3e-05	0.12787805580799227
CASSQPPQHTNTIYF	TRBV7-3*01	3.3e-05	0.44917171182103366
CASSDTGTGKPEQYF	TRBV6-6*05	3.3e-05	0.7493488473807393
CASSLDVAGLYEQYF	TRBV5-1*01	3.3e-05	0.35323306592058895
CASSQVGTGNYEQYF	TRBV4-1*01	3.3e-05	0.2842552986005313
CASSAIVGITDTQYF	TRBV5-1*01	3.3e-05	0.5169847722155334
CAIRGTSGGNEQFF	TRBV10-3*01	3.3e-05	0.6968274353300185
CATSALQGLDTQYF	TRBV24-1*01	3.3e-05	0.5614128745240691
CASSERDRDEKLFF	TRBV18*01	3.3e-05	0.5243685927953903
CASSPPPGANVLTF	TRBV18*01	3.3e-05	0.587417014353704
CASTAGGKLGEAFF	TRBV6-6*05	3.3e-05	0.8765746987144677
CASSGTGDRDIQYF	TRBV2*01	3.3e-05	0.6811806621526538
CASSSLSRGDEQYF	TRBV3-1*01	3.3e-05	0.36628292333047274
CASSVLRVNTEAFF	TRBV7-9*04	3.3e-05	0.3605734184858627
CASSVAEDNYGYTF	TRBV9*01	3.3e-05	0.3451456045582811
CASSIREGPYEQYF	TRBV14*01	3.3e-05	0.39103576063119816
CASKGGMNTGELFF	TRBV6-1*01	3.3e-05	0.312926913981079
CASSENSGQYGYTF	TRBV10-2*01	3.3e-05	0.2508537963713065
CATSERDDNEQFF	TRBV24-1*01	3.3e-05	0.512575011769488
CASTRAEGHEQFF	TRBV3-1*01	3.3e-05	0.5905794893703007
CASSLGGEREQYF	TRBV7-8*01	3.3e-05	0.21107224339942438
CASSPGAGPSKYF	TRBV7-2*01	3.3e-05	0.670337736260666
CSARTSEAYEQYF	TRBV20-1*04	3.3e-05	0.867512343487742
CSARRGQDYEQYF	TRBV20-1*01	3.3e-05	0.7498863055309949
CAWSRSGYEQYF	TRBV30*01	3.3e-05	0.22223622217407893
CASSPRGETQYF	TRBV18*01	3.3e-05	0.2342508527822255
CASRSDQSTPFF	TRBV28*01	3.3e-05	0.8831029479627978
CATIRDQPQHF	TRBV24-1*01	3.3e-05	0.6244256664481684
CASSKGLEQFF	TRBV19*01	3.3e-05	0.38274547808782255
CASSFHTEAFF	TRBV7-2*01	3.3e-05	0.2625004833721868
CSARDLRALLRRGNQPQHF	TRBV20-1*01	3.3e-05	0.9972459551946177
CATADGGLAGGPTNEQFF	TRBV19*01	3.3e-05	0.8396463198627665
CAISEWSGGYTGELFF	TRBV10-3*01	3.3e-05	0.6656167747448779
CASSIGGQRSGNTIYF	TRBV19*01	3.3e-05	0.3003405497926279
CASSRGLAGGYEQYF	TRBV28*01	3.3e-05	0.15849971011214842
CASSQGTQPYLEAFF	TRBV3-1*01	3.3e-05	0.8587445857323882
CASSQDRQGLYEQYF	TRBV3-1*01	3.3e-05	0.3103003971191016
CASSSSVSGQRTQYF	TRBV5-1*01	3.3e-05	0.5109960287592279
CASSQDRLGSSPLHF	TRBV4-1*01	3.3e-05	0.5175601338126085
CSAATSSSGANVLTF	TRBV20-1*04	3.3e-05	0.5782931696634163
CSAREKGRGSYEQYF	TRBV20-1*01	3.3e-05	0.9714631461631086
CSARDGSSGRYEQFF	TRBV20-1*01	3.3e-05	0.895966440296303
CAWSVPGLNTEAFF	TRBV30*01	3.3e-05	0.428206326094341
CATSRDRGSYEQYF	TRBV15*01	3.3e-05	0.14233664231073356
CASPGAGEPNEQFF	TRBV2*01	3.3e-05	0.6680378137560242
CASIPSVSTGELFF	TRBV2*02	3.3e-05	0.7520102394659134
CASSFASGGVEQFF	TRBV28*01	3.3e-05	0.7609602877785581
CASSERGEDTEAFF	TRBV10-2*01	3.3e-05	0.12731012914404982
CASSPGLNTGELFF	TRBV5-1*01	3.3e-05	0.20882577702286687
CSASRVAGSYEQYF	TRBV20-1*01	3.3e-05	0.8587855036089697
CSARDVVARHEQYF	TRBV20-1*01	3.3e-05	0.980275068704204
CSAKLAGGPFEQFF	TRBV20-1*04	3.3e-05	0.9356032958075866
CASSSLAGRKLFF	TRBV11-3*01	3.3e-05	0.6783943956473334
CASSPPLHPEQYF	TRBV7-8*03	3.3e-05	0.9015244770844372
CASRIALSYGYTF	TRBV28*01	3.3e-05	0.7867550539651789
CASSQPGRYEQYF	TRBV4-1*01	3.3e-05	0.27321839426936845
CSVRDRGGTEAFF	TRBV29-1*01	3.3e-05	0.6496043024141935
CSVEGSSYEQYF	TRBV29-1*01	3.3e-05	0.32072639519090723
CASSQGGAQYF	TRBV4-2*01	3.3e-05	0.43120381621827664
CASSLNTYRGPGNQPQHF	TRBV7-2*01	3.3e-05	0.6518708039860618
CASSFGAGGPAEDTQYF	TRBV11-3*01	3.3e-05	0.6258000480351675
CASSQDPGLTLGNTIYF	TRBV3-1*01	3.3e-05	0.8537887905559924
CASSSRLAGAPSNEQFF	TRBV5-1*01	3.3e-05	0.7060614183444631
CSARAPSGRASYEQYF	TRBV20-1*01	3.3e-05	0.9242779437812726
CAISAGSSGNQPQHF	TRBV10-3*01	3.3e-05	0.16871847018368855
CASSNPTGGSYEQYF	TRBV19*01	3.3e-05	0.2994850444638194
CASSPIGQGAQPQHF	TRBV18*01	3.3e-05	0.37889302895291616
CASSKDRGEFYEQYF	TRBV6-6*05	3.3e-05	0.5568270481081241
CASRYRDRGPYEQYF	TRBV13*01	3.3e-05	0.6594967973395992
CASSAAGTANTEAFF	TRBV10-1*01	3.3e-05	0.1340056569944289
CASSVDLFYGELFF	TRBV19*01	3.3e-05	0.8404939192585765
CASSYQRASAEAFF	TRBV6-5*01	3.3e-05	0.868730639669632
CASSPGLAGHEQFF	TRBV11-3*01	3.3e-05	0.40922052134225495
CSARVVGGLYEQYF	TRBV20-1*01	3.3e-05	0.9225507164564447
CATRQGGNTEAFF	TRBV24-1*01	3.3e-05	0.24970375166208353
CASSLIDEQFF	TRBV28*01	3.3e-05	0.2732814120732685
CASSRRGQSGRGATYEQYF	TRBV27*01	3.3e-05	0.3643706505505871
CASSLMSGSRDNEQFF	TRBV7-9*01	3.3e-05	0.8480467959198307
CASSVDPHRSYEQYF	TRBV9*01	3.3e-05	0.8197866697119971
CASSADGTGGYEQYF	TRBV7-2*01	3.3e-05	0.18554318597181357
CASSPPRLNTEAFF	TRBV28*01	3.3e-05	0.4405625571054692
CASKRSGTRNEQFF	TRBV2*01	3.3e-05	0.6602746830557142
CASSLEGITDTQYF	TRBV5-1*01	3.3e-05	0.2786726445015959
CAWNPPGLGAFF	TRBV30*01	3.3e-05	0.9686207227235214
CASRTANTEAFF	TRBV27*01	3.3e-05	0.11515309419164595
CASSLVDGMLSGNTIYF	TRBV7-9*01	3.3e-05	0.6817162234371166
CASSPLSETDYEQYF	TRBV18*01	3.3e-05	0.39659218491060666
CASSLGLAGSYEQYF	TRBV5-1*01	3.3e-05	0.1014430714120765
CASSEVPGRAWHQPQHF	TRBV6-1*01	3.2e-05	0.8261452917116915
CSARDFRTSGTYEQYF	TRBV20-1*01	3.2e-05	0.923470279085001
CASSPAGTRTYEQYF	TRBV6-2*01	3.2e-05	0.5277765670072632
CASRHDGPYEQYF	TRBV28*01	3.2e-05	0.47381842509729494
CASRTTRGSSYNSPLHF	TRBV28*01	3.2e-05	0.562392669676186
CASSLEGPNYEQYF	TRBV5-1*01	3.2e-05	0.26845096029250354
CASSQEVVSYEQYF	TRBV4-1*01	3.2e-05	0.4627807113123766
CAAGQSSYEQYF	TRBV27*01	3.2e-05	0.3443718290115155
CASSPNTGQGFRYGYTF	TRBV18*01	3.2e-05	0.653913549974123
CSASNGDGQVNQETQYF	TRBV20-1*02	3.2e-05	0.9542408348802978
CASSYSIQGAWGYTF	TRBV6-5*01	3.2e-05	0.6125110669233053
CASSQGPQGIYEQYF	TRBV3-1*01	3.2e-05	0.393265695689297
CASSYRGQDTEAFF	TRBV6-5*01	3.2e-05	0.3021255054552084
CATSGAANYGYTF	TRBV15*02	3.2e-05	0.2067997810536841
CASSLGRTYGYTF	TRBV27*01	3.2e-05	0.14053615833413333
CASSPGGRDEQYF	TRBV7-9*01	3.2e-05	0.26921845452872584
CASSQDRHGRMFF	TRBV3-1*01	3.2e-05	0.9425314697260389
CSARDEAGEQYF	TRBV20-1*01	3.2e-05	0.8945490594848006
CASRLSFLQGASYEQYF	TRBV2*01	3.2e-05	0.40978729912259326
CAITLPDRGLYEQYF	TRBV2*01	3.2e-05	0.9041619758235326
CASSLYGVSGNTIYF	TRBV28*01	3.2e-05	0.24733038672753305
CASSLQQGARGELFF	TRBV6-5*01	3.2e-05	0.5637316425791751
CASSYSGGPGETQYF	TRBV6-5*01	3.2e-05	0.5661584356147137
CAISSGQAWDEQYF	TRBV10-3*01	3.2e-05	0.6121543132487595
CASLGFISNQPQHF	TRBV6-1*01	3.2e-05	0.5285151123483575
CASSHTGTGDEQYF	TRBV3-1*01	3.2e-05	0.4977292388335384
CASSLGVETYEQYF	TRBV5-1*01	3.2e-05	0.3500932923082234
CASSPTLDTEAFF	TRBV18*01	3.2e-05	0.4953122469481647
CASSFDRDQPQHF	TRBV11-2*01	3.2e-05	0.22729842404572517
CASSEIEDTQYF	TRBV2*03	3.2e-05	0.29553965065970716
CASRDGYYEQYF	TRBV2*01	3.2e-05	0.35244904036318164
CASRRSVTEAFF	TRBV28*01	3.2e-05	0.34942256876250605
CASSSSGGGYF	TRBV6-6*03	3.2e-05	0.4049495353047511
CATSRVRSGSAGNTIYF	TRBV15*01	3.2e-05	0.5667764814098962
CAWIPREGYGNSPLHF	TRBV30*05	3.2e-05	0.9395445389437674
CASSPLVKALGTEAFF	TRBV18*01	3.2e-05	0.9642722809620621
CASSLSGGGKKGEQFF	TRBV27*01	3.2e-05	0.748167806559398
CASSLEHISGANVLTF	TRBV28*01	3.2e-05	0.6215027447698556
CASSSIGEGLHYGYTF	TRBV11-2*01	3.2e-05	0.25431061324957693
CASLRSGQGRGEQFF	TRBV6-1*01	3.2e-05	0.6994814511460952
CASSYSLGMNTEAFF	TRBV6-5*01	3.2e-05	0.28154320130926674
CASSVFSGRSYEQYF	TRBV28*01	3.2e-05	0.4239428684734264
CASSSGTRSSYEQYF	TRBV7-2*01	3.2e-05	0.18364667843946056
CASSPPSGIAYEQYF	TRBV28*01	3.2e-05	0.48976041882015187
CASSAPGQVNSPLHF	TRBV9*03	3.2e-05	0.5842744759912755
CASSLEGRGSYEQYF	TRBV5-1*01	3.2e-05	0.130299766639816
CAWSPPDTYNEQFF	TRBV30*01	3.2e-05	0.928721836772361
CASTNPLNTGELFF	TRBV28*01	3.2e-05	0.646200605042161
CASSVASGSYEQYF	TRBV9*01	3.2e-05	0.1930607853175968
CASSASPGLGEQYF	TRBV7-8*01	3.2e-05	0.5889970211598441
CASRSGTLNTEAFF	TRBV2*01	3.2e-05	0.3544321130318511
CSARGTGEGIEQYF	TRBV20-1*01	3.2e-05	0.9609564485393445
CASSIKGQTEAFF	TRBV19*01	3.2e-05	0.33485590929415276
CASSPLDTGEQYF	TRBV18*01	3.2e-05	0.4250386507442744
CASSLKGAYEQYF	TRBV27*01	3.2e-05	0.2567615076973086
CASSYTGTGELFF	TRBV6-5*01	3.2e-05	0.16098768638757546
CSARETGAYEQYF	TRBV20-1*01	3.2e-05	0.8450648180464522
CAVRSYNSPLHF	TRBV10-3*01	3.2e-05	0.4223313475451057
CASSLGNNEQFF	TRBV11-2*01	3.2e-05	0.2413408061907696
CASSPGYGYTF	TRBV3-1*01	3.2e-05	0.12091485207918445
CASSVTTEAFF	TRBV28*01	3.2e-05	0.14164107740864973
CGTRSYNEQFF	TRBV28*01	3.2e-05	0.6343050482901871
CSAESYGYTF	TRBV20-1*01	3.2e-05	0.49328205185551516
CASSYSFTGSRSSGPYNEQFF	TRBV6-5*01	3.2e-05	0.836185004523287
CASRPGTGGLAGPYEQYF	TRBV10-1*01	3.2e-05	0.387607531037103
CASILTSGKLGNQPQHF	TRBV28*01	3.2e-05	0.5954738552801059
CASTPYIRSGNADTQYF	TRBV28*01	3.2e-05	0.9621179588575804
CAWSPPTGLFGNTIYF	TRBV30*01	3.2e-05	0.8472645588037584
CASRPDLGRYNQPQHF	TRBV19*01	3.2e-05	0.7288680067791602
CASSERGQANTGELFF	TRBV2*01	3.2e-05	0.3299381648561515
CASRPGQGGYNSPLHF	TRBV6-1*01	3.2e-05	0.3143661402670756
CSARQRGSGSYNEQFF	TRBV20-1*01	3.2e-05	0.8436342515528524
CAISALLTERETQYF	TRBV10-3*01	3.2e-05	0.899007832203481
CATSDKGTVTGELFF	TRBV24-1*01	3.2e-05	0.8364477683958779
CASSFWTGYQETQYF	TRBV27*01	3.2e-05	0.6465337310751074
CASSVGRDINEKLFF	TRBV6-1*01	3.2e-05	0.2829678247718635
CASSEQTGGNQPQHF	TRBV6-1*01	3.2e-05	0.12211408870250191
CASSEASGNTDTQYF	TRBV6-1*01	3.2e-05	0.18611525063861906
CASSLIMQGYSPLHF	TRBV7-2*01	3.2e-05	0.7159400603035556
CASSLTRDLNYGYTF	TRBV7-9*01	3.2e-05	0.2835017716961436
CASSVGGTNTGELFF	TRBV4-2*01	3.2e-05	0.20067265203427367
CASSLDQTSGNTIYF	TRBV5-1*01	3.2e-05	0.2181672504272983
CASSQSTDYPYEQYF	TRBV4-1*01	3.2e-05	0.4375232560007219
CASSFQTGWTEAFF	TRBV27*01	3.2e-05	0.6791612826164534
CASSQARQTTEAFF	TRBV6-1*01	3.2e-05	0.4463668358921209
CASSVGEGGAEQYF	TRBV9*01	3.2e-05	0.34854139121269734
CASSLDDVNYGYTF	TRBV5-1*01	3.2e-05	0.3085554678065626
CASSLESGGRGYTF	TRBV5-1*01	3.2e-05	0.36199712075009344
CASSSLQGNTEAFF	TRBV5-1*01	3.2e-05	0.09072197515753698
CSARMGASGTEAFF	TRBV20-1*01	3.2e-05	0.8172617732407109
CSAPVSGSYNEQFF	TRBV20-1*01	3.2e-05	0.8756352375011818
CAWSDAPLGELFF	TRBV30*01	3.2e-05	0.9417521419814645
CASSLGQGYEQYF	TRBV19*01	3.2e-05	0.09635102953569419
CASSSRRDTEAFF	TRBV19*01	3.2e-05	0.12492569214360481
CASSVEDRGIQYF	TRBV2*01	3.2e-05	0.8072824234813855
CASSADRPYGYTF	TRBV28*01	3.2e-05	0.21263961587783567
CASSEGGANTQYF	TRBV2*01	3.2e-05	0.19231594197212223
CASRVTGNTEAFF	TRBV6-1*01	3.2e-05	0.16625490399296258
CASRDSYNSPLHF	TRBV2*01	3.2e-05	0.44391844159823896
CASSLLTEGEQFF	TRBV5-1*01	3.2e-05	0.5255054392196008
CASSLVPIRGYTF	TRBV5-1*01	3.2e-05	0.9328884602157943
CSARPDGGYEQYF	TRBV20-1*01	3.2e-05	0.7441518118304264
CSVELAYPYEQYF	TRBV29-1*01	3.2e-05	0.9019665808676725
CAIHTGNTEAFF	TRBV10-3*01	3.2e-05	0.4152248227723373
CASSSSTNEQYF	TRBV28*01	3.2e-05	0.21401924518149476
CASSEGNTEAFF	TRBV6-1*01	3.2e-05	0.08545457799444278
CSARGQDESYTF	TRBV20-1*01	3.2e-05	0.8820831582518134
CATPDHGELFF	TRBV6-1*01	3.2e-05	0.7314871132998018
CASSLDRGRASSGANVLTF	TRBV11-3*01	3.2e-05	0.470556073860515
CASSLRRGTGIVETQYF	TRBV27*01	3.2e-05	0.8212155598327587
CASSRISSGRGHGELFF	TRBV6-6*04	3.2e-05	0.5487078922468549
CASSPRGSGMTSYEQYF	TRBV11-3*01	3.2e-05	0.5587975767120357
CASHSGTGGTDSPLHF	TRBV19*01	3.2e-05	0.5345488110911114
CASSYGSGPSSYEQYF	TRBV19*03	3.2e-05	0.4904655154349064
CASTTSGTGRPYEQYF	TRBV6-6*03	3.2e-05	0.473296036255432
CASSYSAGSNTGELFF	TRBV6-5*01	3.2e-05	0.23608718343488436
CASSFPKSGTAYEQYF	TRBV7-2*01	3.2e-05	0.8174845295407217
CASRVGGGAFNYGYTF	TRBV6-1*01	3.2e-05	0.37787614648976037
CASSQGIGESNQPQHF	TRBV4-1*01	3.2e-05	0.4195181957373813
CASKPGQANFYGYTF	TRBV14*01	3.2e-05	0.46348989280697955
CASSPTGGGNQPQHF	TRBV18*01	3.2e-05	0.10602448637612957
CASIPRDVSYNEQFF	TRBV6-1*01	3.2e-05	0.7854727807397464
CASSYSDRSNYGYTF	TRBV6-5*01	3.2e-05	0.4825042642747016
CASSNRPGQGYEQYF	TRBV10-1*01	3.2e-05	0.20772428790295264
CASSQRTASAEQAFF	TRBV5-1*01	3.2e-05	0.7123676086778612
CSATTVGGLTYEQYF	TRBV20-1*04	3.2e-05	0.897746429820951
CATALTGAWNEQYF	TRBV6-1*01	3.2e-05	0.7937241159843602
CASLGTVNTGELFF	TRBV6-1*01	3.2e-05	0.4556881228426426
CASSPPNGVYGYTF	TRBV18*01	3.2e-05	0.527509864167258
CASSYGISGNTIYF	TRBV6-5*01	3.2e-05	0.32326650447810723
CASSLNRGGEKLFF	TRBV14*01	3.2e-05	0.261118467432608
CASSLRLGEETQYF	TRBV13*01	3.2e-05	0.46846546831621744
CASSLMTGTHEQYF	TRBV7-2*01	3.2e-05	0.5828001796766324
CASSLAGQGYEQYF	TRBV7-3*01	3.2e-05	0.11489763135004684
CASSLDSDTGELFF	TRBV5-1*01	3.2e-05	0.1678355773323277
CSASSRTLRYEQYF	TRBV20-1*04	3.2e-05	0.9141144109953238
CASSPSRNTEAFF	TRBV19*01	3.2e-05	0.14678493637418333
CASSSARGETQYF	TRBV7-3*01	3.2e-05	0.25240617919306824
CASRWDLRRPQHF	TRBV6-1*01	3.2e-05	0.8709964554358917
CSAGSGLSSEQYF	TRBV20-1*04	3.2e-05	0.7944913314681388
CSADGQGHYEQYF	TRBV20-1*01	3.2e-05	0.8223336646764331
CSARMDLSYEQYF	TRBV20-1*01	3.2e-05	0.9268837018264721
CSVDWTGGYEQYF	TRBV29-1*01	3.2e-05	0.8066621266307579
CSVEADRGSEQYF	TRBV29-1*01	3.2e-05	0.8190042406531264
CASSPNTDTQYF	TRBV19*03	3.2e-05	0.1942920721032754
CASSPNFYEQYF	TRBV18*01	3.2e-05	0.3608606032851462
CASSSGTYEQYF	TRBV27*01	3.2e-05	0.09365258141671477
CSARVTGFSQYF	TRBV20-1*01	3.2e-05	0.9801736192171967
CSARVYNYEQYF	TRBV20-1*01	3.2e-05	0.9316248852105405
CASGPSYEQYF	TRBV2*01	3.2e-05	0.26986841570598424
CASSPPGLAGYTGELFF	TRBV28*01	3.2e-05	0.416660747073561
CASSLGGGIFSYNEQFF	TRBV7-2*01	3.2e-05	0.6129353877594158
CASSQETPSGRIRELFF	TRBV3-1*01	3.2e-05	0.9516848067545407
CASSPPTSFVSNEQFF	TRBV19*01	3.2e-05	0.8659626599426107
CASSPPRTQNTGELFF	TRBV18*01	3.2e-05	0.5333992960335417
CASSFLAGGSTDTQYF	TRBV11-1*01	3.2e-05	0.3305340398026444
CSARDLIRAVEVEQFF	TRBV20-1*01	3.2e-05	0.9909780281659779
CASSPRQYMNTEAFF	TRBV18*01	3.2e-05	0.3755931765926585
CASSLSGIANTEAFF	TRBV27*01	3.2e-05	0.22225204721795386
CASSFLAGGYNEQFF	TRBV7-8*01	3.2e-05	0.33535351567052485
CASSLVREFYNEQFF	TRBV13*01	3.2e-05	0.7723104414499501
CASSLPTGGRSPLHF	TRBV11-2*01	3.2e-05	0.556519637056822
CASSLQGRRTYEQYF	TRBV14*01	3.2e-05	0.4660116029664084
CASSLAGTYSYEQYF	TRBV5-1*01	3.2e-05	0.22615559329205742
CASSPRDREFYEQYF	TRBV5-1*01	3.2e-05	0.508504311826863
CSARDSGTNSYEQYF	TRBV20-1*01	3.2e-05	0.7916615423389779
CSARISGTSNQPQHF	TRBV20-1*01	3.2e-05	0.8605562345530599
CAWSRTATNEKLFF	TRBV30*01	3.2e-05	0.42065204316792876
CASSIEVESYEQYF	TRBV19*01	3.2e-05	0.3423758393752479
CASAGTAITGELFF	TRBV28*01	3.2e-05	0.7678952050725218
CASSSGTPNTEAFF	TRBV27*01	3.2e-05	0.1475302337638161
CASSPRTGLIEQYF	TRBV28*01	3.2e-05	0.7884366265119631
CASSSPSPVPGYTF	TRBV11-2*01	3.2e-05	0.8247944443762272
CASSPLQGAGEQYF	TRBV28*01	3.2e-05	0.2576659224523068
CASSEQGGNQPQHF	TRBV10-2*01	3.2e-05	0.08675001078487478
CASSLWQGTDTQYF	TRBV5-1*01	3.2e-05	0.33284305994330704
CSARPRVLTYEQYF	TRBV20-1*01	3.2e-05	0.9448163038635885
CSPTRGSGVDEQYF	TRBV20-1*01	3.2e-05	0.8865362471557809
CSVEGDRGREKLFF	TRBV29-1*01	3.2e-05	0.9138582645334856
CASSPLAGDEQYF	TRBV18*01	3.2e-05	0.3146665338117905
CASSQGSNQPQHF	TRBV6-6*04	3.2e-05	0.09055735508019878
CASSLGHVEEQYF	TRBV11-2*01	3.2e-05	0.5624428154578289
CASSRSFDQPQHF	TRBV3-1*01	3.2e-05	0.3852759938795199
CASRRGSVTEAFF	TRBV27*01	3.2e-05	0.5014017485610954
CASSLAPNQPQHF	TRBV5-1*01	3.2e-05	0.14709098959707678
CSARDSSNEKLFF	TRBV20-1*01	3.2e-05	0.7001602776724052
CASSVRNTEAFF	TRBV28*01	3.2e-05	0.08748630390476946
CASSVGGNTIYF	TRBV2*01	3.2e-05	0.13095015502347548
CACRSRQKAFF	TRBV28*01	3.2e-05	0.7500239193197056
CASGRGYGYTF	TRBV19*03	3.2e-05	0.15966143579999453
CSGDRGNGYTF	TRBV29-1*01	3.2e-05	0.5745731713435647
CASSIDRDTGGYDYGYTF	TRBV19*01	3.2e-05	0.25767855477459933
CATLEEGPYNSPLHF	TRBV28*01	3.2e-05	0.6736985355102015
CASSHRDVMVYGYTF	TRBV4-2*01	3.2e-05	0.7770511432635813
CASSQDQGLLREQYF	TRBV14*01	3.2e-05	0.9006210481326926
CASSVDGTGHQPQHF	TRBV9*01	3.2e-05	0.4678129618704172
CASSLGVGLSYEQYF	TRBV5-1*01	3.2e-05	0.26082934957265147
CSARVPGGYQETQYF	TRBV20-1*01	3.2e-05	0.948642853766266
CSAPGGGHWTYEQYF	TRBV20-1*02	3.2e-05	0.9803374607369316
CAIIQGGGSTEAFF	TRBV10-3*01	3.2e-05	0.34871029912154194
CASSYGGPKGEQFF	TRBV6-5*01	3.2e-05	0.9446183832716182
CASSYRGGDQPQHF	TRBV6-5*01	3.2e-05	0.19558577531587185
CASSFIYGNTEAFF	TRBV11-2*01	3.2e-05	0.28994550730611823
CASSQGGRNEKLFF	TRBV28*01	3.2e-05	0.1993943044967766
CASNPGRFNEKLFF	TRBV6-1*01	3.2e-05	0.4658916152938287
CASSLDIGSNEQFF	TRBV5-1*01	3.2e-05	0.3205278270209068
CSARVRTWGEKLFF	TRBV20-1*01	3.2e-05	0.9676316162004864
CASSPGEADTQYF	TRBV18*01	3.2e-05	0.2252257425400167
CASRDRYTDTQYF	TRBV2*01	3.2e-05	0.4062850142596944
CASSFDTGELFF	TRBV7-3*01	3.2e-05	0.12848054916193918
CSADPRENEQFF	TRBV20-1*01	3.2e-05	0.9021885782070547
CASSRQGEAFF	TRBV11-3*01	3.2e-05	0.18744986078206766
CASSDTGELFF	TRBV28*01	3.2e-05	0.12086921753613336
CATSRGQGAATDTQYF	TRBV15*02	3.2e-05	0.46322868875616413
CASSEGTSGSKPEQFF	TRBV2*01	3.2e-05	0.7447511439875042
CASSERADSGANVLTF	TRBV2*01	3.2e-05	0.30876226520800426
CASRQRTGGIGELFF	TRBV6-2*01	3.2e-05	0.5751215480641544
CASSTTSSGTDEQFF	TRBV28*01	3.2e-05	0.2834942409518566
CASSVGPGTSNEQFF	TRBV9*01	3.2e-05	0.472325010107029
CATLGQGAHNEQFF	TRBV28*01	3.2e-05	0.8489470833235159
CATSVQGLGEKLFF	TRBV15*02	3.2e-05	0.5836893949685341
CASSQSPNTGELFF	TRBV2*01	3.2e-05	0.2010150505733321
CASSLRDGSYEQYF	TRBV6-2*01	3.2e-05	0.23091148514384524
CASSPGELSYEQYF	TRBV7-8*03	3.2e-05	0.4172550088746218
CATRGTGDTEAFF	TRBV10-3*01	3.2e-05	0.31722648842245577
CASSLRSAGVSYEQYF	TRBV13*01	3.2e-05	0.3496989927983667
CAISRQGGANYGYTF	TRBV10-3*01	3.2e-05	0.3088482424279737
CASSDRDTSSYEQYF	TRBV18*01	3.2e-05	0.21850456871543025
CASRIKGPNYGYTF	TRBV7-9*01	3.2e-05	0.6513422221966738
CASTPGTRETQYF	TRBV19*01	3.2e-05	0.6426509306431754
CATSDFSAGQGARGYTF	TRBV24-1*01	3.1e-05	0.7277101941196321
CASSELQGKKGYEQYF	TRBV2*03	3.1e-05	0.6222364700047899
CSALAGPLQHGELFF	TRBV20-1*01	3.1e-05	0.9601890854891991
CASSHPLDVSEQYF	TRBV4-1*01	3.1e-05	0.7626081606221425
CASRFNINLSYEQYF	TRBV6-1*01	3.1e-05	0.8528295494097229
CASSFSGPNEKLFF	TRBV5-1*01	3.1e-05	0.3150492667068388
CASSYRDTYEQYF	TRBV19*03	3.1e-05	0.27250253033711463
CASGDKPWRGVHF	TRBV19*01	3.1e-05	0.9953948627232281
CASSSLPGGRGYEQYF	TRBV27*01	3.1e-05	0.27649614489720525
CSARDQSTDANYGYTF	TRBV20-1*01	3.1e-05	0.8563905175047875
CASSPPSQAGNTIYF	TRBV18*01	3.1e-05	0.4082512146512746
CASSLGAGGNQPQHF	TRBV28*01	3.1e-05	0.08861431643400501
CASSWTGIPGELFF	TRBV28*01	3.1e-05	0.933207367635084
CASSETGAGELFF	TRBV6-6*05	3.1e-05	0.23278011139653176
CASSIGPGEQYF	TRBV19*01	3.1e-05	0.2735458447391234
CASSLSTHGYTF	TRBV14*01	3.1e-05	0.4594324871769681
CSAALGTYGYTF	TRBV20-1*02	3.1e-05	0.6855471732763733
CASSPRPPETITSGSSYEQYF	TRBV4-1*01	3.1e-05	0.8209431306856945
CASSPEGGGTSYEQYF	TRBV4-2*01	3.1e-05	0.26919596348309005
CASSQDSRGLVSEQYF	TRBV3-1*01	3.1e-05	0.7029813000307252
CASSIYRGIQETQYF	TRBV19*01	3.1e-05	0.6660889939362243
CASSSTGSGNQPQHF	TRBV18*01	3.1e-05	0.10166663369790992
CASSPGQGSGNTIYF	TRBV2*01	3.1e-05	0.17406768829026945
CASSTPGYDGNTIYF	TRBV7-6*01	3.1e-05	0.4859396790626264
CASRGTSGNTGELFF	TRBV6-1*01	3.1e-05	0.14732299486157602
CARSRNRQFVPGYTF	TRBV10-1*01	3.1e-05	0.9023090659837996
CSAPDRASGVYEQYF	TRBV20-1*01	3.1e-05	0.8566427375688626
CASSIGGGSYEQYF	TRBV19*01	3.1e-05	0.1509533494173469
CASSPGVPSYEQYF	TRBV18*01	3.1e-05	0.30367586393124946
CASSYVSRSTEAFF	TRBV27*01	3.1e-05	0.8940054071929558
CASSPGTGPPEAFF	TRBV28*01	3.1e-05	0.5221679968850998
CASRTGATNEKLFF	TRBV6-6*03	3.1e-05	0.28348842952765624
CASSSGGSHNEQFF	TRBV5-1*01	3.1e-05	0.2628719114438497
CSAAPTASNYGYTF	TRBV20-1*02	3.1e-05	0.846575263400472
CASSLMPNTEAFF	TRBV28*01	3.1e-05	0.28574088384318236
CASSLTGGDEQFF	TRBV7-6*01	3.1e-05	0.2498391206188043
CASSLRRGTGMNSPLHF	TRBV28*01	3.1e-05	0.721870804725525
CASSYTGGPQFEETQYF	TRBV6-5*01	3.1e-05	0.8022783189410224
CASSKSRDIYSNQPQHF	TRBV27*01	3.1e-05	0.68918114305424
CASLGNRFAGANVLTF	TRBV2*01	3.1e-05	0.6094596845058692
CASSPRGGAGNTEAFF	TRBV19*03	3.1e-05	0.19945130582291196
CASSEARQGVGGEQYF	TRBV2*01	3.1e-05	0.5384460551183078
CASRVFGEGSYNEQFF	TRBV28*01	3.1e-05	0.5994085426558727
CASSFNARGKDYGYTF	TRBV5-1*01	3.1e-05	0.855889498176901
CASSMAGTGETEAFF	TRBV19*01	3.1e-05	0.2560917267796856
CASSLGGRGLGGYTF	TRBV7-2*01	3.1e-05	0.3636215358217435
CASSRTWTGGQPQHF	TRBV4-1*01	3.1e-05	0.6847548336420292
CASSLLDRRETQYF	TRBV18*01	3.1e-05	0.6038925969064685
CASSFGTGGNEQFF	TRBV27*01	3.1e-05	0.32328568577141087
CASSEGSLNTEAFF	TRBV6-1*01	3.1e-05	0.20619035116476733
CASSVGDLSYEQYF	TRBV9*01	3.1e-05	0.488192932004471
CASSGRQDPYEQYF	TRBV11-3*02	3.1e-05	0.5467431076362361
CASSPPQGGEQYF	TRBV28*01	3.1e-05	0.3349855977163526
CASSGQKGTEAFF	TRBV2*01	3.1e-05	0.23295277536350772
CASSLGPEDTQYF	TRBV11-2*01	3.1e-05	0.4002025302839867
CASSQGANYGYTF	TRBV4-2*01	3.1e-05	0.15352946574261117
CSAYTGGPGELFF	TRBV20-1*04	3.1e-05	0.9554146532360989
CASSSASNEQYF	TRBV19*01	3.1e-05	0.17926222843238715
CSAFSGPGELFF	TRBV20-1*01	3.1e-05	0.9502582506614925
CSAPDLGGEQYF	TRBV20-1*02	3.1e-05	0.8708750923946976
CASPLQDEQYF	TRBV7-2*01	3.1e-05	0.5051095234338133
CASSLNYEQYF	TRBV7-2*01	3.1e-05	0.13348977038746848
CASSVEKLFF	TRBV6-1*01	3.1e-05	0.20626877967166168
CASSYPSRDGSQGSPLHF	TRBV6-5*01	3.1e-05	0.9411901179580426
CASSDPGQGAGTGELFF	TRBV6-1*01	3.1e-05	0.3878086531361815
CASSLIGDTSSGNTIYF	TRBV5-6*01	3.1e-05	0.3470183983544394
CASSFGAPFASYEQYF	TRBV7-2*01	3.1e-05	0.5845765316192307
CASSLSGFRDGSPLHF	TRBV7-2*01	3.1e-05	0.8240087266421374
CASSLLGTLNTGELFF	TRBV2*02	3.1e-05	0.3026448035992869
CASSLEGLYSNQPQHF	TRBV5-1*01	3.1e-05	0.1965628232850763
CASSQALLQDPSGYTF	TRBV4-1*01	3.1e-05	0.9355455113660508
CASSQDPTGWAYEQYF	TRBV4-1*01	3.1e-05	0.8236759365271916
CSASYRTGFNTYEQYF	TRBV20-1*04	3.1e-05	0.9065922666125775
CATSAMTRTYNEQFF	TRBV24-1*01	3.1e-05	0.889426655408209
CATSRDRGWNYEQYF	TRBV15*01	3.1e-05	0.5385196899983327
CASTSTGTATGELFF	TRBV27*01	3.1e-05	0.45142623315137737
CASSLLAGGVGELFF	TRBV2*01	3.1e-05	0.28542473815440567
CASSIRQGRGTEAFF	TRBV28*01	3.1e-05	0.6127689852203171
CASSPPDRGLREQYF	TRBV9*01	3.1e-05	0.9164688159495293
CASSEMGGGRGEQFF	TRBV9*01	3.1e-05	0.5551064362578197
CASSQGPGTPYEQYF	TRBV4-1*01	3.1e-05	0.6238260553107089
CSARDRKREKGVQYF	TRBV20-1*01	3.1e-05	0.993850934396417
CAWSDIGGTGELFF	TRBV30*01	3.1e-05	0.6533855836718376
CASSPGTASYEQYF	TRBV18*01	3.1e-05	0.19882654017511592
CASSPGQRTDTQYF	TRBV18*01	3.1e-05	0.2600593208938046
CASIPYGGYTEAFF	TRBV27*01	3.1e-05	0.5871143371684233
CASSGTARISEVFF	TRBV2*01	3.1e-05	0.7314675150449156
CASSPGQANSPLHF	TRBV6-6*05	3.1e-05	0.35311728709771467
CASSPDRRNTEAFF	TRBV7-2*01	3.1e-05	0.1872543514888076
CASSVDLGNQPQHF	TRBV9*01	3.1e-05	0.3794444160359182
CASNERVLVNEQFF	TRBV11-2*01	3.1e-05	0.9093401156892793
CSASVQGASSEAFF	TRBV20-1*01	3.1e-05	0.6598003407301151
CSARSGRARYEQYF	TRBV20-1*01	3.1e-05	0.8882227562246793
CASSRDREETQYF	TRBV18*01	3.1e-05	0.3768202636615227
CASTLSQGGEAFF	TRBV28*01	3.1e-05	0.4674244374719314
CASSPGLANEQYF	TRBV5-6*01	3.1e-05	0.29923434818685646
CASSGQGADTQYF	TRBV9*01	3.1e-05	0.15023970110462845
CSALKTPSYEQYF	TRBV20-1*01	3.1e-05	0.9696231953595343
CSGYRGPGTEAFF	TRBV20-1*01	3.1e-05	0.9161196174780638
CAWSRAWQPQHF	TRBV30*01	3.1e-05	0.6234157485441272
CASSPQAGELFF	TRBV18*01	3.1e-05	0.3086045051382563
CSAPTGNEQYF	TRBV20-1*01	3.1e-05	0.8451886903268492
CASSLDEQFF	TRBV7-8*01	3.1e-05	0.22984513911598317
CSARDLRSGANPTNEKLFF	TRBV20-1*01	3.1e-05	0.9764578223116919
CASSSPAAGGLILYEQYF	TRBV28*01	3.1e-05	0.6346825266908165
CATSDAGPRGIYGYTF	TRBV24-1*01	3.1e-05	0.7142635076628081
CATRQGGQDPSDTQYF	TRBV24-1*01	3.1e-05	0.9352342779757687
CASTSGVSVITGELFF	TRBV6-6*05	3.1e-05	0.6974385550133074
CASSLSGWEGRYEQYF	TRBV7-9*01	3.1e-05	0.4759146301575624
CASRITGGAGSTEAFF	TRBV28*01	3.1e-05	0.42219652361153276
CASSQDRGGAQGKLFF	TRBV4-1*01	3.1e-05	0.6372556719457032
CASSTGHPNSYEQYF	TRBV19*01	3.1e-05	0.6727172536469495
CASSPGLMNTGELFF	TRBV18*01	3.1e-05	0.20257541634984455
CASSLYVRSTGELFF	TRBV28*01	3.1e-05	0.7985415655448478
CASSEYSGAGYTQYF	TRBV6-1*01	3.1e-05	0.17968927755664302
CASSPAGTHIGEQYF	TRBV4-1*01	3.1e-05	0.8942530365390207
CAWSVGSGANVLTF	TRBV30*01	3.1e-05	0.3750966319530035
CASSPLTGRNTIYF	TRBV19*01	3.1e-05	0.3125046157205996
CASSPPGAGNEQFF	TRBV18*01	3.1e-05	0.43050289762461724
CASSLDRGRDTQYF	TRBV6-5*01	3.1e-05	0.2292980843434038
CASSRSQNYNEQFF	TRBV2*02	3.1e-05	0.22750124358782306
CASSLLGLVYEQYF	TRBV6-6*05	3.1e-05	0.2711430420982207
CASSRGPGQGSPTF	TRBV7-8*03	3.1e-05	0.6898774349785205
CASSGRQGINEQYF	TRBV9*01	3.1e-05	0.47752821808085166
CASSSPGQDTEAFF	TRBV6-6*05	3.1e-05	0.21578995110749272
CASSQAESSYEQYF	TRBV4-1*01	3.1e-05	0.2779313638084899
CAWEGGPGQPQHF	TRBV30*05	3.1e-05	0.7116918433717606
CAISAERNYGYTF	TRBV10-3*01	3.1e-05	0.41847896962063547
CASSRDRSYEQYF	TRBV19*03	3.1e-05	0.18930947145482352
CASSDHRDTEAFF	TRBV6-1*01	3.1e-05	0.23325421374333558
CASSEAFGQPQHF	TRBV6-1*01	3.1e-05	0.346712883392011
CASSSDRYNEQFF	TRBV11-2*01	3.1e-05	0.1975699918163305
CASSAETGNTIYF	TRBV9*03	3.1e-05	0.15698890728983744
CASRRLANYGYTF	TRBV28*01	3.1e-05	0.3422782807400346
CASSDTPPYEQYF	TRBV10-2*01	3.1e-05	0.3942093969329961
CASSLGTYTEAFF	TRBV5-1*01	3.1e-05	0.19658490739213252
CSAAPKQNQPQHF	TRBV20-1*01	3.1e-05	0.8288549153991284
CAILGSGDTQYF	TRBV10-3*01	3.1e-05	0.5471083822695025
CATGDSPGEQFF	TRBV6-2*01	3.1e-05	0.8869878664067874
CASSLWSSGRSTGELFF	TRBV27*01	3.1e-05	0.6690030596729108
CASSYSKPPGQNSPLHF	TRBV6-5*01	3.1e-05	0.9367421602011587
CAWSWRGGRPSYEQYF	TRBV30*01	3.1e-05	0.7318218763877589
CASIRVTGTDSYEQYF	TRBV7-3*01	3.1e-05	0.6536842119289938
CASSLGLAGLSDTQYF	TRBV28*01	3.1e-05	0.5382652492700234
CASSSRLAGATDTQYF	TRBV27*01	3.1e-05	0.32484059530725495
CASSLVLRVGNTEAFF	TRBV11-2*01	3.1e-05	0.8220925605057352
CASSPRTVTVGETQYF	TRBV11-2*01	3.1e-05	0.7832323103046794
CASSPPGQRPVREQYF	TRBV3-1*01	3.1e-05	0.9681960090360638
CASSLAAGVSSYEQYF	TRBV5-1*01	3.1e-05	0.24980551953303595
CASSAWPGPGNQPQHF	TRBV5-1*01	3.1e-05	0.6831391002150686
CATHETLAGANEQFF	TRBV27*01	3.1e-05	0.969847666381161
CASSIYSVPGNTIYF	TRBV19*01	3.1e-05	0.7631159389733696
CASSIWSSGNYEQYF	TRBV19*01	3.1e-05	0.4569734918585983
CASSPLKGQGAEAFF	TRBV18*01	3.1e-05	0.7949415929596779
CASSLLIGGLGGAFF	TRBV28*01	3.1e-05	0.8221475790749565
CASSYSRQGGEKLFF	TRBV6-5*01	3.1e-05	0.5969159255332912
CASSETSSHTGELFF	TRBV2*01	3.1e-05	0.3235835088422272
CASSLSSGRLNEQFF	TRBV7-9*01	3.1e-05	0.41854596994018045
CASSPDSSSGNTIYF	TRBV11-3*01	3.1e-05	0.19476262021705915
CASSQSFTMVYEQYF	TRBV3-1*01	3.1e-05	0.821384867561151
CASSARTSGRYTQYF	TRBV7-8*01	3.1e-05	0.4270255039459711
CASSEGGAVNYGYTF	TRBV9*01	3.1e-05	0.207979566398006
CASSDHDRGAYEQYF	TRBV10-1*01	3.1e-05	0.3676683125954903
CSARRIVDYNSPLHF	TRBV20-1*01	3.1e-05	0.974274146796446
CATGQGQGGEKLFF	TRBV15*02	3.1e-05	0.5597378803665142
CATSGPSGSYEQYF	TRBV24-1*01	3.1e-05	0.32508321451885974
CASISPGGLLQYFF	TRBV6-1*01	3.1e-05	0.9017538512873733
CASSLSGSGGKLFF	TRBV28*01	3.1e-05	0.5194294840798295
CASSLPGRIYEQYF	TRBV7-3*01	3.1e-05	0.5276114914263472
CASSLGPLPYEQYF	TRBV7-9*01	3.1e-05	0.595237797347853
CASSRGLAEYEQYF	TRBV14*01	3.1e-05	0.2597287419670088
CASNLQGAPYEQYF	TRBV2*01	3.1e-05	0.4524447234712326
CASSLVGDPYEQYF	TRBV5-1*01	3.1e-05	0.3891302368784229
CASSLSREDEKLFF	TRBV5-1*01	3.1e-05	0.5017390814329373
CSGTSGTSYNEQFF	TRBV29-1*01	3.1e-05	0.5433003803505094
CASSQKSGYGYTF	TRBV19*03	3.1e-05	0.20921727758019532
CASSDTYNQPQHF	TRBV2*01	3.1e-05	0.2573588580479664
CASSGQGSYEQYF	TRBV10-1*01	3.1e-05	0.14668924811823694
CSAPGQIPYEQYF	TRBV20-1*01	3.1e-05	0.971445215572363
CSAHSRRGTEAFF	TRBV20-1*01	3.1e-05	0.9498265333567666
CATSGDSYGYTF	TRBV24-1*01	3.1e-05	0.20898283275225663
CASSPTVGEQYF	TRBV28*01	3.1e-05	0.3855105972041539
CASSQDTRKQYF	TRBV3-1*01	3.1e-05	0.7477080755852221
CASSNGNTIYF	TRBV19*01	3.1e-05	0.18515560994797653
CASEITGALYF	TRBV3-1*01	3.1e-05	0.9408786425583131
CASSDSDTQYF	TRBV2*03	3.1e-05	0.19224623569311317
CASSQEGYLTGAAGNTIYF	TRBV4-1*01	3.1e-05	0.5397805441253449
CASSPGTGRSGSGNTIYF	TRBV5-1*01	3.1e-05	0.23291767314918105
CASSITFPSGQLDTQYF	TRBV19*01	3.1e-05	0.9325020664080192
CASSLGGTMSAYEQYF	TRBV11-3*01	3.1e-05	0.6749721008855036
CASSLDGTSSYNEQFF	TRBV5-1*01	3.1e-05	0.27053520929005387
CASSLEGGYGTEAFF	TRBV28*01	3.1e-05	0.2189204459463412
CASSYGQADYYEQYF	TRBV6-5*01	3.1e-05	0.3690087162277091
CASSPQTATNEKLFF	TRBV28*01	3.1e-05	0.49974512311043623
CASRATGARGDTQYF	TRBV28*01	3.1e-05	0.7395411995805522
CASSDPGQGAYEQYF	TRBV10-1*01	3.1e-05	0.2726618670423444
CASILGGVSYEQYF	TRBV19*01	3.1e-05	0.391639440164342
CASSIGSGHGEQYF	TRBV19*01	3.1e-05	0.4814554135769288
CASSISGDYNEQFF	TRBV19*01	3.1e-05	0.20352298231517957
CASSPLTDSYEQYF	TRBV18*01	3.1e-05	0.2733952316584036
CASSDSGTSNEQFF	TRBV6-4*01	3.1e-05	0.2353509361572962
CASSLTGVGYGYTF	TRBV5-6*01	3.1e-05	0.24369894363135014
CASSPPPTANGYTF	TRBV7-2*01	3.1e-05	0.8229355474585808
CASRPLTRTDTQYF	TRBV6-2*01	3.1e-05	0.8536271799516251
CASSSGTETGELFF	TRBV5-1*01	3.1e-05	0.16069594468654308
CSADRTSGYNEQFF	TRBV20-1*05	3.1e-05	0.8334447021869956
CSARGGAENTEAFF	TRBV20-1*01	3.1e-05	0.7887825311243013
CAWSVRVTDTQYF	TRBV30*01	3.1e-05	0.6917028733855901
CAISDLIGNEQFF	TRBV10-3*01	3.1e-05	0.7666323010235477
CATSGQLNTEAFF	TRBV15*02	3.1e-05	0.2778341249283612
CASYSRGTGELFF	TRBV28*01	3.1e-05	0.2014613111027277
CASSLRTVETQYF	TRBV14*01	3.1e-05	0.5813975583075256
CASSLRGDTEAFF	TRBV3-1*01	3.1e-05	0.11865275927292257
CASSQVTGSPLHF	TRBV14*01	3.1e-05	0.45374275630865335
CASSLRGVEQFF	TRBV27*01	3.1e-05	0.40314205774847034
CASSVAMTGAFF	TRBV28*01	3.1e-05	0.6973977012318584
CASSSPPGPATF	TRBV28*01	3.1e-05	0.9034096711672059
CASSPFAGELFF	TRBV2*01	3.1e-05	0.2548293953088128
CASSQASPGVTNTGELFF	TRBV3-1*01	3.1e-05	0.6691179841413804
CASSQNGLAGSYEQYF	TRBV3-1*01	3.1e-05	0.465652838269891
CATSSRWEGKETQYF	TRBV15*02	3.1e-05	0.7625791109862889
CATSRATMGTGELFF	TRBV15*01	3.1e-05	0.6482650573890076
CASRSTGNDYQPQHF	TRBV6-6*04	3.1e-05	0.47256209912377894
CASSLRREVGNEQFF	TRBV5-1*01	3.1e-05	0.7463039278634213
CASSSGGGPGEQYF	TRBV7-3*01	3.1e-05	0.3701917060929859
CSARAWDRGYEQYF	TRBV20-1*01	3.1e-05	0.9814227627124879
CASSTSLNEKLFF	TRBV7-7*01	3.1e-05	0.24532645116485674
CAWSVTGGNEQFF	TRBV30*01	3.1e-05	0.6858064489014448
CASSVQAPTEAFF	TRBV7-2*01	3.1e-05	0.4674450659329481
CAISEASQPQHF	TRBV10-3*01	3.1e-05	0.36219476881634677
CATRDRGYEQYF	TRBV19*01	3.1e-05	0.3028509980712165
CSVVGSTEAFF	TRBV29-1*01	3.1e-05	0.36823074181432774
CASRQIGLPSSYEQYF	TRBV4-1*01	3.1e-05	0.7875511448153498
CAWSETSGLTDTQYF	TRBV30*01	3.1e-05	0.5834617803548783
CASSLLHPNTEAFF	TRBV7-8*01	3e-05	0.6676689119201316
CASSGTGGHQPQHF	TRBV6-2*01	3e-05	0.18228734554154488
CARAPGTAYGYTF	TRBV9*01	3e-05	0.5336480799814017
CASSSGGRGDNQPQHF	TRBV27*01	3e-05	0.14097869614870728
CASSPLTTDRVIYEQYF	TRBV5-1*01	3e-05	0.7990635321164022
CASSSRQGRGNTEAFF	TRBV27*01	3e-05	0.32689726759120324
CASSGDSGSETYEQYF	TRBV7-2*01	3e-05	0.29158379145686175
CASMPDRVGGETQYF	TRBV2*01	3e-05	0.9289384186968103
CASSSNRGVNTEAFF	TRBV27*01	3e-05	0.17710048141875123
CASRLNRDRVHEQYF	TRBV6-1*01	3e-05	0.7776694338282835
CSATPGSGGRYEQYF	TRBV20-1*01	3e-05	0.8305109722306152
CASSLRNRGPGYTF	TRBV27*01	3e-05	0.5618687473416345
CASSLEGNQPQHF	TRBV5-1*01	3e-05	0.1185681397238252
CASSYRSPLHF	TRBV6-5*01	3e-05	0.4296781569982603
CASSQDGLGAGGNQPQHF	TRBV14*01	3e-05	0.3674303304298884
CASSFGGGATGDYGYTF	TRBV5-1*01	3e-05	0.24049886409617144
CASKAVYRGVDQPQHF	TRBV19*01	3e-05	0.7831656751608588
CASTYRRASGDEQYF	TRBV6-1*01	3e-05	0.8484962246900676
CASSLNRESSYEQYF	TRBV6-5*01	3e-05	0.317592134836382
CASTRQGSGYGYTF	TRBV6-1*01	3e-05	0.2635239672204453
CASSPTSGTYEQYF	TRBV28*01	3e-05	0.21903051965001277
CASSLVGGVYGYTF	TRBV11-2*01	3e-05	0.18297848027730113
CASRPEGFSPGYTF	TRBV6-1*01	3e-05	0.8434124561352615
CSANPQREWDEQYF	TRBV20-1*01	3e-05	0.9596993170252227
CASSLPGRVGYTF	TRBV28*01	3e-05	0.6132300082250031
CSARVQGGSPLHF	TRBV20-1*01	3e-05	0.8859308455814969
CASRYVTEEAFF	TRBV5-1*01	3e-05	0.4731468800146018
CASRGDQPQHF	TRBV6-1*01	3e-05	0.10427129806151286
CASSLYRDRGPRIHSDTQYF	TRBV27*01	3e-05	0.9495480804549153
CASSRSNPGPAGNTIYF	TRBV5-1*01	3e-05	0.41462039316691174
CSATSIRGRGRNTEAFF	TRBV20-1*05	3e-05	0.9368190283560229
CATSDAGGQGRNTIYF	TRBV24-1*01	3e-05	0.6157846937860395
CASNPGVGTGSHEQYF	TRBV5-1*01	3e-05	0.5547143232505461
CASNARTGLSQPQHF	TRBV19*01	3e-05	0.8326058548690853
CASSSGLSRNQPQHF	TRBV2*01	3e-05	0.2974487549202
CASSDRGVSSYEQYF	TRBV6-2*01	3e-05	0.28491700092931005
CSARDGGSYTGELFF	TRBV20-1*01	3e-05	0.8782458229594887
CASTTTGPGLGYTF	TRBV6-6*03	3e-05	0.6699213232318215
CASSQDLVGYEQYF	TRBV4-2*01	3e-05	0.5002522878134722
CASSADYRSYEQYF	TRBV9*01	3e-05	0.44000634708489655
CASSFHSENTEAFF	TRBV5-1*01	3e-05	0.6693264938595063
CSAHGGRETLEQYF	TRBV20-1*01	3e-05	0.9846094607278585
CAWSAGWGSPLHF	TRBV30*01	3e-05	0.73394725989693
CAIKRAPNTEAFF	TRBV10-3*01	3e-05	0.6769113929132888
CASSFGGNYGYTF	TRBV11-3*01	3e-05	0.13110644990059075
CASSQDPDQPQHF	TRBV3-1*01	3e-05	0.2695933078317015
CASSFDRDGEQYF	TRBV5-1*01	3e-05	0.39245419183662344
CSARDSGNTEAFF	TRBV20-1*01	3e-05	0.6394767124900836
CSAEPASSYEQYF	TRBV20-1*01	3e-05	0.8261808511108127
CASRGYSGEQYF	TRBV19*01	3e-05	0.25787089417392123
CAGAEYQPQHF	TRBV2*01	3e-05	0.6840757010367544
CATSRVRQRGVGNTIYF	TRBV15*02	3e-05	0.45540055315494565
CASSSAPGQGISYEQYF	TRBV28*01	3e-05	0.28318311631389587
CASSLSTVPPRNEQFF	TRBV27*01	3e-05	0.9233831879257989
CASSESPAGTGDGYTF	TRBV2*01	3e-05	0.5276777530169263
CASSPRFWSSNQPQHF	TRBV6-6*05	3e-05	0.8242713083694685
CASSRGTSGRSYEQYF	TRBV6-6*05	3e-05	0.22707554113466036
CASTPEGLAGVDTQYF	TRBV5-1*01	3e-05	0.6546259175621597
CASSLEPLSSGNTIYF	TRBV5-1*01	3e-05	0.7718293063355467
CASSLKAASGANVLTF	TRBV5-1*01	3e-05	0.6072068625933671
CSARDPMGALNEKLFF	TRBV20-1*01	3e-05	0.9641101814251982
CAWSVLAANTGELFF	TRBV30*01	3e-05	0.43783424178874075
CASSSTGSYNSPLHF	TRBV19*01	3e-05	0.2533424437189365
CASRNSREVRNEQFF	TRBV6-6*03	3e-05	0.8282941844362774
CASSLRSGDRSPLHF	TRBV28*01	3e-05	0.6137613666253647
CASSHVGADSYEQYF	TRBV6-6*04	3e-05	0.4794629230210248
CASSEYSTGNQPQHF	TRBV2*03	3e-05	0.2791217247003249
CASSLELAGTGELFF	TRBV11-3*01	3e-05	0.27367718487667647
CASSQAVQGFDGYTF	TRBV4-2*01	3e-05	0.725611212157769
CASRFNTQPLYEQYF	TRBV2*01	3e-05	0.7092661328456926
CASSLEQGPRYEQYF	TRBV5-1*01	3e-05	0.30523628542443365
CASSQSQGLHYGYTF	TRBV4-1*01	3e-05	0.2357623101360449
CSARQGAYSNQPQHF	TRBV20-1*01	3e-05	0.8299369553076124
CSARNGGQLSYEQYF	TRBV20-1*01	3e-05	0.9111904546138672
CACTTGTSVYEQYF	TRBV30*01	3e-05	0.7881411094566502
CAWSVLNRGTEAFF	TRBV30*01	3e-05	0.8030188798638545
CASTLGQSNYGYTF	TRBV19*03	3e-05	0.23589890061238367
CASRGTAVNYGYTF	TRBV19*01	3e-05	0.5053059776527266
CASSRLTGNQPQHF	TRBV6-6*04	3e-05	0.10453399616364528
CASSLTGLGNTIYF	TRBV11-2*01	3e-05	0.27691353667241536
CASSPGQPNYEQYF	TRBV4-2*01	3e-05	0.2631083309757049
CASSQGGGSYEQYF	TRBV6-6*05	3e-05	0.11410686689220861
CSARDSGEFYGYTF	TRBV20-1*01	3e-05	0.8748114267489516
CATRDDVNTEAFF	TRBV11-3*02	3e-05	0.5524501518928336
CATLETTSYEQYF	TRBV28*01	3e-05	0.633032313838708
CASSTGLEETQYF	TRBV18*01	3e-05	0.3599020975607744
CASSFNRNTEAFF	TRBV7-8*01	3e-05	0.17283672337674272
CASRGRWGERYTF	TRBV28*01	3e-05	0.9084510560458752
CASRQGNNYGYTF	TRBV6-1*01	3e-05	0.20824087427053561
CASSLGRYTEAFF	TRBV5-1*01	3e-05	0.20153496373788224
CSVEDRGRYEQYF	TRBV29-1*01	3e-05	0.8067862329978367
CASSLGEQYF	TRBV5-1*01	3e-05	0.14286970872087093
CSAGRQPQHF	TRBV20-1*01	3e-05	0.7091543463976706
CAWSPRSGLTGQNSPNQPQHF	TRBV30*01	3e-05	0.8865341126992975
CASSHPEQGRLWFPGNTIYF	TRBV4-1*01	3e-05	0.9808660858461831
CATSREMDSANTGELFF	TRBV15*01	3e-05	0.442419340700931
CASSLSLSGREYNEQFF	TRBV28*01	3e-05	0.5698971758197485
CASSSDLGAPTNEKLFF	TRBV11-2*01	3e-05	0.361937736320873
CASSDRDIIDSGNTIYF	TRBV9*01	3e-05	0.6804247682904968
CAAAGTGDPTRYEQYF	TRBV28*01	3e-05	0.841077612967529
CASSIGYGGRTDTQYF	TRBV19*01	3e-05	0.460915224781137
CASSLSSGSSYNEQFF	TRBV11-2*01	3e-05	0.11175277037235043
CASSLAGTGHTGELFF	TRBV5-1*01	3e-05	0.35260078858710336
CASSPSTDTMGGYTF	TRBV18*01	3e-05	0.4438311653624196
CASIATGGRDQPQHF	TRBV27*01	3e-05	0.574185345950219
CASSLGPGRTSPLHF	TRBV28*01	3e-05	0.6269854307140703
CASSLSVGGGDGYTF	TRBV27*01	3e-05	0.4503439938582519
CASSSFMKDTGELFF	TRBV28*01	3e-05	0.6899999193757672
CASSPRHGATGELFF	TRBV6-6*04	3e-05	0.6530549502478082
CASSGRGGRGTEAFF	TRBV2*01	3e-05	0.25193662689286006
CASSDEGTGTSPLHF	TRBV6-4*01	3e-05	0.44150599085795245
CASSLGGRVLYEQYF	TRBV7-8*01	3e-05	0.5083307252593856
CASSLERGYSYEQYF	TRBV7-8*01	3e-05	0.2737258713814008
CASSSSVGLNTEAFF	TRBV7-1*01	3e-05	0.12134333858872522
CASSSGQTDGYGYTF	TRBV13*01	3e-05	0.30318285244509363
CASSELQGADSPLHF	TRBV2*01	3e-05	0.4568759702617381
CASSLGQGFGNTIYF	TRBV5-1*01	3e-05	0.23954857612934627
CASSPPNRGSYGYTF	TRBV4-1*01	3e-05	0.536066753727689
CASSQVLLLMGEQYF	TRBV4-1*01	3e-05	0.7256193886240108
CASSGDGTMNTEAFF	TRBV5-1*01	3e-05	0.4999764747917826
CSAPGGPQWKETQYF	TRBV20-1*01	3e-05	0.9898340183541233
CASSMVGYNTEAFF	TRBV19*01	3e-05	0.6214684482514815
CASRAGGAYNEQFF	TRBV2*01	3e-05	0.2276405307545237
CASDVHLDTGELFF	TRBV6-1*01	3e-05	0.8105731917603313
CASIRGMDTGELFF	TRBV2*01	3e-05	0.4762922513779945
CASSERFMNTEAFF	TRBV2*01	3e-05	0.3205785859486994
CASSRAGSGNTIYF	TRBV28*01	3e-05	0.1789870849250109
CASSLEGGNYGYTF	TRBV5-1*01	3e-05	0.10375155325253826
CASSLGQGSGEQYF	TRBV5-1*01	3e-05	0.24701559793601896
CASRTGRLSSPLHF	TRBV5-1*01	3e-05	0.7551855559959001
CSASRRGRNYGYTF	TRBV20-1*04	3e-05	0.7465006012625838
CATTIGLQETQYF	TRBV10-3*01	3e-05	0.8413648080542301
CASSSLNNQPQHF	TRBV19*03	3e-05	0.1794741615689849
CASSYARRTEAFF	TRBV6-2*01	3e-05	0.7280604954494171
CASSLDRNQPQHF	TRBV7-2*04	3e-05	0.1133606930866369
CASSWDRDEKLFF	TRBV7-2*01	3e-05	0.42986257263166483
CASSRDRLNEQFF	TRBV28*01	3e-05	0.4617335285845846
CASSQTSENGYTF	TRBV7-9*05	3e-05	0.4450839439512586
CSAWTSGIYEQYF	TRBV20-1*04	3e-05	0.8705497865087611
CSARGQIGEKLFF	TRBV20-1*01	3e-05	0.9761192633296619
CASSYPNTEAFF	TRBV7-9*01	3e-05	0.1435831532590067
CASSTPDNEQFF	TRBV5-1*01	3e-05	0.42246564496822137
CASSGGVGYTF	TRBV9*01	3e-05	0.13210270056722873
CASSPKHTGTSGASYEQYF	TRBV4-1*01	3e-05	0.6294102150132235
CASSLFPGAPGGSPLHF	TRBV7-9*01	3e-05	0.8937395391538275
CASSSLAGGLGDNIQYF	TRBV11-2*01	3e-05	0.6494187765319899
CASSSPHWTALNTEAFF	TRBV28*01	3e-05	0.9425872076557046
CASSRTPRGARGSEQYF	TRBV4-1*01	3e-05	0.8795235461924117
CAWSVWLAGGTGELFF	TRBV30*01	3e-05	0.9202647445436807
CATSRDVGRSGYGYTF	TRBV15*01	3e-05	0.4451295586936696
CASSPHGLAGDYEQYF	TRBV19*01	3e-05	0.6218372473064957
CASSLRGTGGNYGYTF	TRBV28*01	3e-05	0.1405439626557932
CASSLPGARDNEKLFF	TRBV5-1*01	3e-05	0.685716782416401
CSAYGTSGRSYNEQFF	TRBV20-1*01	3e-05	0.9142561877841634
CAISESTGLGNTIYF	TRBV10-3*01	3e-05	0.5107044200437973
CASTESGDSNQPQHF	TRBV19*01	3e-05	0.21462051987049502
CASSIGAGTNQPQHF	TRBV19*01	3e-05	0.14045131333941996
CASSLSGTGANVLTF	TRBV28*01	3e-05	0.13450089780480892
CASSLRSGGRDTQYF	TRBV27*01	3e-05	0.2898729406139056
CASSSLAGGGNEQFF	TRBV27*01	3e-05	0.2576395418124577
CASSADRGGGEKLFF	TRBV28*01	3e-05	0.2507771202556971
CASSGDERQNNEQFF	TRBV6-2*01	3e-05	0.6080710286009252
CASSFGNSPNYGYTF	TRBV7-9*01	3e-05	0.5746275445257764
CASSFFQGEGTEAFF	TRBV13*01	3e-05	0.563377117265646
CASSSTGGGNSPLHF	TRBV7-3*01	3e-05	0.17294176548439658
CASSPLNRNTGELFF	TRBV2*01	3e-05	0.4093759851082827
CASSMSGAAQPQHF	TRBV19*01	3e-05	0.33033761336606776
CASSLQGAGNTIYF	TRBV18*01	3e-05	0.1963493273302646
CASLSGGQNYEQYF	TRBV2*01	3e-05	0.3386908819390847
CASSYASPLYGYTF	TRBV6-5*01	3e-05	0.7908495545593766
CASSSRTGGSRQYF	TRBV7-2*01	3e-05	0.48233360764307964
CASSSGTGLGEQYF	TRBV7-9*01	3e-05	0.3671668186811855
CASNSGTYNEQFF	TRBV28*01	3e-05	0.2611265634142855
CASSVAGVPFKYF	TRBV6-2*01	3e-05	0.7740420616038656
CASSGGNEAEAFF	TRBV6-1*01	3e-05	0.408459504308099
CASSGDSTDTQYF	TRBV6-4*01	3e-05	0.22969944116170884
CASSEWGGNEQFF	TRBV2*03	3e-05	0.4713169143217837
CASRPDGNYGYTF	TRBV7-9*01	3e-05	0.24019641338349507
CASSPEGAYGYTF	TRBV5-1*01	3e-05	0.2501421803006306
CSVTQVFDTEAFF	TRBV20-1*02	3e-05	0.9092328384546158
CSAPDRKNTEAFF	TRBV20-1*01	3e-05	0.8178301326029592
CAWNAAQETQYF	TRBV30*01	3e-05	0.8685076948513527
CASSQGSYGYTF	TRBV19*03	3e-05	0.08268370679826882
CASSRDRAGYTF	TRBV18*01	3e-05	0.25180286109716166
CASSPKYEQYF	TRBV7-8*03	3e-05	0.1980932209160987
CASSQDRERTGTPANYGYTF	TRBV3-1*01	3e-05	0.7836143057628285
CASSGGNPQQGAPGYGYTF	TRBV28*01	3e-05	0.8434428705941882
CSARVKGLGAGGPYNEQFF	TRBV20-1*01	3e-05	0.9781831695623048
CASSFPRTSSLSSYEQYF	TRBV5-1*01	3e-05	0.5576378442787036
CSASPSGFRTIVNYEQYF	TRBV20-1*04	3e-05	0.9715175189339108
CATSRDEAGGFTGELFF	TRBV15*01	3e-05	0.42810946887274065
CASSNPGLAGEAYEQYF	TRBV19*01	3e-05	0.3378670231784096
CASSLAGLAGLSYEQYF	TRBV11-2*01	3e-05	0.3369958296737149
CASSQESAGASYNEQFF	TRBV4-1*01	3e-05	0.5790512006930278
CASSYSMGTGDNGYTF	TRBV6-5*01	3e-05	0.530937290012723
CASSLLQTGGEGGYTF	TRBV6-6*05	3e-05	0.5174435188230702
CASSLAPGQGTYEQYF	TRBV5-1*01	3e-05	0.3227049299156705
CSARGDSWSSGNTIYF	TRBV20-1*01	3e-05	0.8869584670894539
CASSPSQGVDHEQYF	TRBV18*01	3e-05	0.5614491321430594
CASTSGSSGANVLTF	TRBV28*01	3e-05	0.13241264629445693
CASSFVDSTNQPQHF	TRBV6-2*01	3e-05	0.5463092980467767
CASSLYRGKGETQYF	TRBV28*01	3e-05	0.7122807054169186
CASSAGDVAPGELFF	TRBV2*01	3e-05	0.7738014683306988
CASSEMRIGDNEQFF	TRBV6-1*01	3e-05	0.858123140814145
CASSLTDRGNYGYTF	TRBV7-3*01	3e-05	0.3581363771829666
CASSPGLAVGNEQYF	TRBV11-3*01	3e-05	0.5860516988089186
CASSRQTPTNEKLFF	TRBV5-5*01	3e-05	0.6561004704817521
CASSVGVGSYNEQFF	TRBV9*01	3e-05	0.18566139041400215
CASRPLAGTGSGYTF	TRBV14*01	3e-05	0.481052063056728
CASTLQTGLNSPLHF	TRBV5-1*01	3e-05	0.7099521522072415
CASSFYRGWNTEAFF	TRBV5-1*01	3e-05	0.7058756444927731
CASSQGQTYNSPLHF	TRBV4-1*01	3e-05	0.5516118592546373
CASSQDKGLADTQYF	TRBV4-1*01	3e-05	0.5623654655878696
CASLWAPGAGELFF	TRBV27*01	3e-05	0.8916332373622786
CASTTGLSTDTQYF	TRBV7-2*04	3e-05	0.3594064931932907
CASSGSSVNQPQHF	TRBV2*01	3e-05	0.16584302030970896
CASSEGRVHSPLHF	TRBV2*01	3e-05	0.8085861550558566
CASSSPRRDTEAFF	TRBV6-6*05	3e-05	0.2881842084721651
CASSWGVQGAQAFF	TRBV3-1*01	3e-05	0.5799329332147388
CASSQGGRYNEQFF	TRBV27*01	3e-05	0.28377198983586915
CASSDRGSGTEAFF	TRBV10-2*01	3e-05	0.11695657810589674
CASRDLGGAHEQYF	TRBV5-1*01	3e-05	0.6595023386519093
CSASRARGTGELFF	TRBV20-1*04	3e-05	0.7065626098364135
CATIRSLNTEAFF	TRBV28*01	3e-05	0.8445956839262414
CASHPQGTDTQYF	TRBV2*01	3e-05	0.61842217124102
CASSLGSDYGYTF	TRBV7-8*01	3e-05	0.11290030987819025
CASSPSFNYGYTF	TRBV3-1*01	3e-05	0.20399233914677867
CASSPRRNTEAFF	TRBV6-6*05	3e-05	0.1920509385711481
CASSQEYQGQAFF	TRBV4-1*01	3e-05	0.6744825668290803
CASKRGNQPQHF	TRBV19*01	3e-05	0.13499818468709426
CASLRDTGELFF	TRBV18*01	3e-05	0.2441048090691158
CASSPRANEQYF	TRBV6-6*04	3e-05	0.30377637608475533
CASSWGVSEQYF	TRBV7-9*01	3e-05	0.45414415238919564
CASSQPYEQYF	TRBV2*01	3e-05	0.1394567549116542
CASSRGPFSSLSGNTIYF	TRBV6-6*04	3e-05	0.9000596615299247
CASSQDGLADHKNIQYF	TRBV3-1*01	3e-05	0.7476244120595426
CASSQERDPREYYEQYF	TRBV4-2*01	3e-05	0.6941585586803122
CASSLVIGSGAGNTIYF	TRBV5-1*01	3e-05	0.39920779755532587
CASSQAIATATNYGYTF	TRBV4-1*01	3e-05	0.5223272277420306
CSARATSGSDFSYEQYF	TRBV20-1*01	3e-05	0.9010914570691112
CASSERGRTYNSPLHF	TRBV2*01	3e-05	0.5774107505541106
CASSYGLAGSYNEQFF	TRBV3-1*01	3e-05	0.32094974830521245
CASSAGSGRPGGEQYF	TRBV7-9*04	3e-05	0.4962917538415722
CASSHGGDSDNQPQHF	TRBV4-1*01	3e-05	0.14903612600201355
CASSQQGTYSGNTIYF	TRBV4-1*01	3e-05	0.32080597570437674
CASSLRAGEDYGYTF	TRBV7-6*01	3e-05	0.2830445166155208
CASNSEGNPLQPQHF	TRBV19*01	3e-05	0.9182285605667591
CSARDQTSGPYEQYF	TRBV20-1*01	3e-05	0.9188838437520832
CASRRAEAGNTIYF	TRBV11-2*01	3e-05	0.3768048253545703
CASSLDPINEKLFF	TRBV5-1*01	3e-05	0.3415068304590326
CASRGGIDNYGYTF	TRBV5-1*01	3e-05	0.2635208207324355
CSARDTGRNYGYTF	TRBV20-1*01	3e-05	0.801285929044528
CASSIRGRTEAFF	TRBV19*01	3e-05	0.19108473696666478
CASSPDPDRPQHF	TRBV18*01	3e-05	0.6724271282317662
CASIYTSTDTQYF	TRBV2*01	3e-05	0.67395033465207
CSAPGWRDTEAFF	TRBV20-1*01	3e-05	0.9251502371156396
CSAPLGGTEAFF	TRBV20-1*01	3e-05	0.731728048631769
CASSLRELSGTSTDTQYF	TRBV5-1*01	3e-05	0.5702287538869996
CASSVEEGTFPYEQYF	TRBV9*01	3e-05	0.8849471742322442
CASGGNRSSGNTIYF	TRBV9*01	3e-05	0.3568748566680501
CASSTSGRMNTEAFF	TRBV6-2*01	3e-05	0.2431743195244578
CASSRGLAVQETQYF	TRBV10-1*01	3e-05	0.5699293393424755
CASARDFADDEQFF	TRBV27*01	3e-05	0.7629698456579904
CASSVAGSSYEQYF	TRBV9*01	3e-05	0.15464479717586768
CASRLGQGEETQYF	TRBV5-1*01	3e-05	0.38206511264856546
CSVEQAKGYEQYF	TRBV29-1*01	3e-05	0.837665778842122
CASSLAPQAITGNTIYF	TRBV5-1*01	2.9e-05	0.32521745638646765
CASSPLGGGLEPEAFF	TRBV4-1*01	2.9e-05	0.7443257624118337
CASSPPVGSYEQYF	TRBV28*01	2.9e-05	0.30522611017148893
CSASVGTGISARNTGELFF	TRBV20-1*04	2.9e-05	0.95307178825356
CASSPYIQQGAGNTIYF	TRBV27*01	2.9e-05	0.7033930641709876
CASSRRSQGSLNTEAFF	TRBV3-1*01	2.9e-05	0.36025209980424183
CAINPGQGGFTEAFF	TRBV10-3*01	2.9e-05	0.7591266303276127
CASSYVRGALNPLHF	TRBV6-5*01	2.9e-05	0.9050341707908145
CASSYFDRRDNTQYF	TRBV6-2*01	2.9e-05	0.9058742525441328
CASSLERWGNEKLFF	TRBV5-1*01	2.9e-05	0.4777651079814111
CASSLMTGGNQPQHF	TRBV5-1*01	2.9e-05	0.18568175771854104
CAWSLTGGTDTQYF	TRBV30*01	2.9e-05	0.5725048774335744
CASSVIGNTGELFF	TRBV2*01	2.9e-05	0.29199113197855625
CASSGTSGYNEQFF	TRBV2*01	2.9e-05	0.16561946953588466
CAWSSFSNGELFF	TRBV30*01	2.9e-05	0.7318650629242255
CASSLAQNSPLHF	TRBV5-1*01	2.9e-05	0.31014789147716565
CASSYHGRQHF	TRBV6-5*01	2.9e-05	0.6938692828470098
CSAKAPGGYTF	TRBV20-1*01	2.9e-05	0.945293851687277
CASSFRRSDLGGYEQYF	TRBV28*01	2.9e-05	0.5947356536475045
CASSIAARSSYEQYF	TRBV19*01	2.9e-05	0.4942759503832914
CASSPRTGDPYEQYF	TRBV18*01	2.9e-05	0.4669061215349953
CASSLERGFLGTQYF	TRBV27*01	2.9e-05	0.6895279416719481
CASSEGAPATYEQYF	TRBV6-1*01	2.9e-05	0.432114039978303
CASSPGGTEIDGYTF	TRBV9*03	2.9e-05	0.8381741390172649
CASNGGAQVANVLTF	TRBV28*01	2.9e-05	0.6245898002304286
CASSSGTGVNSPLHF	TRBV5-1*01	2.9e-05	0.3144060964006607
CASSMPTVLYGYTF	TRBV19*01	2.9e-05	0.8065547555939321
CASSRTGGAEKLFF	TRBV27*01	2.9e-05	0.19814681714898214
CASSSQVPGGGQYF	TRBV11-3*01	2.9e-05	0.7431247292672981
CSAWARGAWYEQYF	TRBV20-1*01	2.9e-05	0.9519298012087372
CSATASGPTGELFF	TRBV20-1*01	2.9e-05	0.9089276701560146
CASSLTRNQPQHF	TRBV7-3*01	2.9e-05	0.21816454607531297
CASSLHPAGTQYF	TRBV11-3*01	2.9e-05	0.7026524880230484
CAGRRGNQPQHF	TRBV19*01	2.9e-05	0.22426691601535179
CASSLEVEAFF	TRBV28*01	2.9e-05	0.30303264785074696
CASSESRAGTLSSSYEQYF	TRBV25-1*01	2.9e-05	0.6039098558539465
CASSLGIGAGGSGGEQYF	TRBV28*01	2.9e-05	0.383354969291477
CASSPTRQGSSYNSPLHF	TRBV27*01	2.9e-05	0.5126741716194211
CATSGGLTGTVQNEQFF	TRBV24-1*01	2.9e-05	0.7745744546556541
CASSLVSGRQNYEQYF	TRBV28*01	2.9e-05	0.31300022169611263
CASSAPTSGSIYEQYF	TRBV6-1*01	2.9e-05	0.3379664510890661
CASSESPDRASYEQYF	TRBV10-1*01	2.9e-05	0.6359672909355454
CASSSSGSANTGELFF	TRBV4-1*01	2.9e-05	0.1531391742462586
CASSIGQGFNSPLHF	TRBV19*01	2.9e-05	0.5276213463281405
CASLGDSLNTGELFF	TRBV6-1*01	2.9e-05	0.4288893858117513
CASSLGTTGTYEQYF	TRBV11-3*01	2.9e-05	0.14665403662570023
CASSLDRGVNQPQHF	TRBV7-2*01	2.9e-05	0.21882551159475236
CSARAPGTGGAEQYF	TRBV20-1*01	2.9e-05	0.9179921452714245
CSARDPGTVHEKLFF	TRBV20-1*01	2.9e-05	0.9665066389828538
CASRQGHSNQPQHF	TRBV19*01	2.9e-05	0.25716451372029236
CASSTVFGNQPQHF	TRBV19*01	2.9e-05	0.5163733732967848
CASSSRGRENTIYF	TRBV19*01	2.9e-05	0.22467542719215042
CASSFLAGGDTQYF	TRBV27*01	2.9e-05	0.3622731746046049
CASSVFPGEAEAFF	TRBV2*01	2.9e-05	0.7512538882720905
CASSDGGYNQPQHF	TRBV2*01	2.9e-05	0.28154168217681946
CASSQGFKGDGYTF	TRBV3-1*01	2.9e-05	0.837636322579319
CASSDMGGGLGYTF	TRBV3-1*01	2.9e-05	0.7938231505951029
CASKGTSGSVEQFF	TRBV6-1*01	2.9e-05	0.7039705738454316
CASSRDSLTGELFF	TRBV10-1*01	2.9e-05	0.3736028304270955
CSAAPSGLSYEQYF	TRBV20-1*01	2.9e-05	0.8136400380441983
CACSSGGSYEQYF	TRBV30*01	2.9e-05	0.35684488397241015
CATQDSYYYEQYF	TRBV28*01	2.9e-05	0.8189966242655117
CASSVTVQETQYF	TRBV19*01	2.9e-05	0.59327783004858
CASSPRSDSPLHF	TRBV19*03	2.9e-05	0.3264781151294047
CASSRDRGYEQYF	TRBV18*01	2.9e-05	0.12852292248648092
CASGKTGGNEQFF	TRBV27*01	2.9e-05	0.5593138840139508
CASSFSLNYGYTF	TRBV7-9*01	2.9e-05	0.2640149294070287
CASSLSGNQPQHF	TRBV27*01	2.9e-05	0.11592196013688096
CASRIRANSPLHF	TRBV2*01	2.9e-05	0.7368986489626184
CASSLEGLEEQYF	TRBV5-1*01	2.9e-05	0.30237139271697355
CASLSPGSAFF	TRBV2*01	2.9e-05	0.879620018570626
CASSLAGGPVMGGNEQFF	TRBV27*01	2.9e-05	0.7613047433671943
CASVGGRGLASNQPQHF	TRBV6-1*01	2.9e-05	0.5574033603592738
CASSIGGEFTGNTIYF	TRBV27*01	2.9e-05	0.4398415844004992
CASSHLHSGINQPQHF	TRBV7-9*01	2.9e-05	0.701023648404183
CSARGDRGREDQPQHF	TRBV20-1*01	2.9e-05	0.9257456553677857
CSARPTPALRIDTQYF	TRBV20-1*01	2.9e-05	0.9971281097742267
CSADPPGSGRVGEQFF	TRBV20-1*05	2.9e-05	0.9734411484383528
CASRAGQGIQETQYF	TRBV10-3*01	2.9e-05	0.47430318529769716
CAWSPGQGSFEKLFF	TRBV30*01	2.9e-05	0.7730306448970916
CASTPGQGRNQPQHF	TRBV19*01	2.9e-05	0.33972388635161505
CASSARSLSSYEQYF	TRBV19*01	2.9e-05	0.32425031343189126
CASTARLAGADTQYF	TRBV6-6*05	2.9e-05	0.5177415079505205
CASSYSGEGGNEQFF	TRBV6-5*01	2.9e-05	0.40714836641133156
CASSEAWGTGGEQYF	TRBV2*01	2.9e-05	0.5923391008513578
CASSLEGRGPYEQYF	TRBV11-2*01	2.9e-05	0.21226467764309567
CASSSQPGLAGQQFF	TRBV7-2*01	2.9e-05	0.6701619619877378
CASSSGLYSYNEQFF	TRBV7-8*01	2.9e-05	0.23918619765528898
CASSPQGNRNEKLFF	TRBV9*03	2.9e-05	0.3782331244496914
CASSQTGDNTGELFF	TRBV6-6*05	2.9e-05	0.27447028784014277
CASSQDYLGAYGYTF	TRBV3-1*01	2.9e-05	0.4740358511514073
CASSQELGRDGEAFF	TRBV3-1*01	2.9e-05	0.8202328672054446
CASSLLGRSGGGYTF	TRBV4-1*01	2.9e-05	0.39304646170158153
CASRLLAGVGNEQFF	TRBV10-2*01	2.9e-05	0.701629170216253
CSAREVGGAGQPQHF	TRBV20-1*01	2.9e-05	0.7882557789950635
CATRPRLAGDEQYF	TRBV10-3*01	2.9e-05	0.8307006046395556
CASSPSWLQETQYF	TRBV18*01	2.9e-05	0.7171301594423101
CASSYSGDSTEAFF	TRBV6-2*01	2.9e-05	0.27251895532720716
CASSLGTSEETQYF	TRBV7-9*01	2.9e-05	0.2723194159245941
CASSLIDNSYEQYF	TRBV7-8*01	2.9e-05	0.42115716199870645
CASSRGQALYEQYF	TRBV6-6*05	2.9e-05	0.44834539557478686
CASSVGLAGGEQYF	TRBV9*01	2.9e-05	0.33240273451267977
CAWSVGATDTQYF	TRBV30*01	2.9e-05	0.5649001635260368
CASSLISNQPQHF	TRBV19*03	2.9e-05	0.1923235710258949
CASTRWTGDTIYF	TRBV2*01	2.9e-05	0.7724149230940799
CASSLVLLTEAFF	TRBV28*01	2.9e-05	0.29770212991186806
CASSPPLNTEAFF	TRBV28*01	2.9e-05	0.4048350700942222
CASSSTENYGYTF	TRBV7-9*01	2.9e-05	0.14136835849255924
CAWGTVHNEQFF	TRBV30*05	2.9e-05	0.8711382506801919
CAWSLGRALSSYNEQFF	TRBV30*01	2.9e-05	0.8631211173272529
CAWRNLRDAGTYEKLFF	TRBV30*01	2.9e-05	0.8748454320336014
CASSPTDWFSGANVLTF	TRBV6-2*01	2.9e-05	0.8475789024343666
CASRISRGGGRYNEQFF	TRBV27*01	2.9e-05	0.6715583280272993
CAWSNLLRISSYEQYF	TRBV30*01	2.9e-05	0.8049703800360187
CAISEEPDRDLEPQHF	TRBV10-3*01	2.9e-05	0.9528529160345311
CASSDSTSGDYNEQFF	TRBV6-4*01	2.9e-05	0.1625401322723039
CASSEMGSGANQPQHF	TRBV2*01	2.9e-05	0.158253402144146
CASSRRDRGLPGELFF	TRBV7-8*03	2.9e-05	0.901008639301065
CASSRSIVRAHYEQYF	TRBV3-1*01	2.9e-05	0.7554215656775728
CASSTHRDGSSYEQYF	TRBV9*01	2.9e-05	0.5142978033208776
CASRDPPWVDNSPLHF	TRBV2*01	2.9e-05	0.9502916426910588
CASSLMGQGRNSPLHF	TRBV5-1*01	2.9e-05	0.613821303422835
CASSTRDRGSYEQYF	TRBV19*01	2.9e-05	0.31685164910499536
CASTNDRGFENEQYF	TRBV2*01	2.9e-05	0.6645928890222563
CASSLVPGGTDTQYF	TRBV27*01	2.9e-05	0.36990269896342404
CASSWGPDPLRSLHF	TRBV6-5*01	2.9e-05	0.9712280545165688
CASSYSGLIHTEAFF	TRBV6-5*01	2.9e-05	0.5172798371701041
CASSDPSSRQYEAFF	TRBV6-4*01	2.9e-05	0.5732883308072729
CASSELGADNSPLHF	TRBV6-1*01	2.9e-05	0.24240001920649945
CASSSEAGPSYEQYF	TRBV9*01	2.9e-05	0.20872845871008014
CASSQTGDTNEKLFF	TRBV2*01	2.9e-05	0.22694463360382167
CASSKQGTGANVLTF	TRBV2*01	2.9e-05	0.2815798790197987
CASSESLGVLKTQYF	TRBV10-1*01	2.9e-05	0.8839341431930717
CASSRQGQGPYEQYF	TRBV4-1*01	2.9e-05	0.23705516325724668
CSARPKGRVPYEQYF	TRBV20-1*02	2.9e-05	0.9831328810742802
CSRLPGLVASDTQYF	TRBV20-1*01	2.9e-05	0.9052391123546377
CAISESRAAYEQYF	TRBV10-3*01	2.9e-05	0.3306509742360974
CAIKRGQDAYGYTF	TRBV19*01	2.9e-05	0.7993753005068891
CASSLAGRNTEAFF	TRBV28*01	2.9e-05	0.1766927915400056
CASSLGPGNTEAFF	TRBV27*01	2.9e-05	0.15825745153051743
CASSRVHNNQPQHF	TRBV2*01	2.9e-05	0.4997344538819116
CASSFRANNYGYTF	TRBV11-3*01	2.9e-05	0.32590022630911236
CASSSRTGSYEQYF	TRBV7-9*01	2.9e-05	0.11929229168698946
CASSQGVTGNTIYF	TRBV14*01	2.9e-05	0.14956770645557782
CASSVGGQSYEQYF	TRBV9*01	2.9e-05	0.18139026628179286
CASSTGSGKNIQYF	TRBV27*01	2.9e-05	0.500185828647402
CASRTLTSTGELFF	TRBV2*02	2.9e-05	0.6747708235529853
CASSRRTGDYEQYF	TRBV5-1*01	2.9e-05	0.15918820678034065
CAWRGQSWEKLFF	TRBV30*01	2.9e-05	0.6969513012767442
CASSPLGTHEQYF	TRBV18*01	2.9e-05	0.6281571911733342
CASSHSTGVEQYF	TRBV6-6*04	2.9e-05	0.6040912765647533
CASSFTGNNGYTF	TRBV5-8*01	2.9e-05	0.3494630428358175
CASSPDGNQPQHF	TRBV7-9*01	2.9e-05	0.24489335383845617
CASRPDRVTEAFF	TRBV6-1*01	2.9e-05	0.635992888148167
CASSSDAGWGYTF	TRBV10-1*01	2.9e-05	0.4912053067704283
CASSPGQTYEQYF	TRBV5-1*01	2.9e-05	0.26665665427756835
CASIREGDTQYF	TRBV28*01	2.9e-05	0.5573222951917297
CASSFSGRAWFF	TRBV27*01	2.9e-05	0.9072374671073199
CASRRLAYEQFF	TRBV6-1*01	2.9e-05	0.48168340778106866
CASSSHYEQYF	TRBV11-3*01	2.9e-05	0.1251776724224931
CATEPAWGTGNADTQYF	TRBV24-1*01	2.9e-05	0.8773794910374272
CASSLGPLRRRAHEQYF	TRBV7-9*01	2.9e-05	0.8355285756484729
CATSLTLRGRSQPQHF	TRBV15*02	2.9e-05	0.8777391267211809
CASSLLGGQARNTIYF	TRBV19*01	2.9e-05	0.4707495225439882
CASSYSTVSNTGELFF	TRBV6-5*01	2.9e-05	0.7378225986487646
CASSLQIVGYGQPQHF	TRBV28*01	2.9e-05	0.5681113033395074
CASSHSGSSGANVLTF	TRBV2*01	2.9e-05	0.25794789723169487
CASSLELAGVLNEQFF	TRBV11-3*01	2.9e-05	0.5873334508096371
CASSQDHGIARGEQYF	TRBV3-1*01	2.9e-05	0.9715310535432299
CASSAGPGRQNTEAFF	TRBV9*03	2.9e-05	0.3790478426555812
CSAWGPRPEMNTEAFF	TRBV20-1*01	2.9e-05	0.9655201091581154
CSARDGSSNSYNEQFF	TRBV20-1*01	2.9e-05	0.6405124411285545
CAIPLTGAATGELFF	TRBV10-3*01	2.9e-05	0.5878749676826145
CASSSQGATNEKLFF	TRBV19*01	2.9e-05	0.2665625797002813
CASSEGPTGSYEQYF	TRBV2*01	2.9e-05	0.15942382434027003
CASSKGLARYNEQFF	TRBV6-1*01	2.9e-05	0.6435918431612643
CASSHSGSSYNEQFF	TRBV4-2*01	2.9e-05	0.20067139001532772
CASSQDLLDKDEQYF	TRBV4-2*01	2.9e-05	0.7786481408628634
CASRTDNSGANVLTF	TRBV6-6*03	2.9e-05	0.2697113740265205
CASRLALVQYTEAFF	TRBV28*01	2.9e-05	0.5706221759197984
CASRADGGSYNEQFF	TRBV28*01	2.9e-05	0.2931189899817372
CASSLEGTGGQPQHF	TRBV5-1*01	2.9e-05	0.12050587599760937
CATRGDPRNQPQHF	TRBV19*01	2.9e-05	0.7812847934908682
CASSPPRIDNEQFF	TRBV18*01	2.9e-05	0.8096297349693532
CASSFLSNSNEQFF	TRBV28*01	2.9e-05	0.5556117111130514
CASSSSGLGTEAFF	TRBV6-5*01	2.9e-05	0.13486785834567586
CASSLTPTGIEAFF	TRBV7-2*01	2.9e-05	0.6845221850360248
CASSSAGANSPLHF	TRBV11-2*01	2.9e-05	0.23007882145951494
CASSQVQANTEAFF	TRBV4-2*01	2.9e-05	0.25669626810501145
CASRKRQGRTEAFF	TRBV6-2*01	2.9e-05	0.7837980907947005
CSAPGQGGNSPLHF	TRBV20-1*01	2.9e-05	0.7086592389183826
CSARAQGMLQTQYF	TRBV20-1*01	2.9e-05	0.9755362372015
CASSLRGLPEAFF	TRBV28*01	2.9e-05	0.7577399298744041
CASSGGGGNEQFF	TRBV2*01	2.9e-05	0.22249158163747515
CASSSDRADGYTF	TRBV7-2*01	2.9e-05	0.4178331854452079
CASSQLAAAEAFF	TRBV3-1*01	2.9e-05	0.5403137185186625
CASSTDRWTEAFF	TRBV5-1*01	2.9e-05	0.5921705342538386
CSARAGGFDGYTF	TRBV20-1*02	2.9e-05	0.9424386758093547
CSGERAGWAEQFF	TRBV20-1*01	2.9e-05	0.9692415567292718
CSVEERQGIEQFF	TRBV29-1*01	2.9e-05	0.9662470510764533
CASSIGVYGYTF	TRBV19*01	2.9e-05	0.1772335114837044
CASSQLVDEQFF	TRBV6-6*04	2.9e-05	0.3726386698662075
CASSPRLATQYF	TRBV7-2*01	2.9e-05	0.6404868997296145
CASSQDLGEQFF	TRBV4-1*01	2.9e-05	0.413307003739201
CSARGPWETQYF	TRBV20-1*01	2.9e-05	0.9774247286950104
CGPYREREQYF	TRBV20-1*01	2.9e-05	0.9696576984519648
CASSYTTSADSPNRGYTF	TRBV19*01	2.9e-05	0.8476800562942902
CASSQISKWGADEKLFF	TRBV4-1*01	2.9e-05	0.8550053897250894
CASSYRPRTGANVLTF	TRBV6-5*01	2.9e-05	0.7334927689781267
CASSGLGGHRNQPQHF	TRBV28*01	2.9e-05	0.40477845887981934
CASSLTGTSGTDTQYF	TRBV7-2*01	2.9e-05	0.2119954705761683
CASSSTDRSGNQPQHF	TRBV5-5*01	2.9e-05	0.2615076029188816
CASSPAQGATLYGYTF	TRBV3-1*01	2.9e-05	0.712867190726627
CASSFGLAGTYNEQFF	TRBV5-1*01	2.9e-05	0.38809635218437083
CSARPTESGRPHEQYF	TRBV20-1*01	2.9e-05	0.9804334422043187
CATSRERPDNTEAFF	TRBV15*01	2.9e-05	0.6895284903565081
CASSVPLAAGNTIYF	TRBV19*01	2.9e-05	0.6153308582238028
CASKPRLGVQETQYF	TRBV28*01	2.9e-05	0.6763401276409856
CASSYGNRVWPEAFF	TRBV6-5*01	2.9e-05	0.9864017607672912
CASSALGTGFEKLFF	TRBV28*01	2.9e-05	0.42485782103110464
CASSEGTARTDTQYF	TRBV6-1*01	2.9e-05	0.6232581709825631
CASSLRGLGLDEQYF	TRBV7-3*01	2.9e-05	0.5533604532390615
CASRLSGAAYNEQFF	TRBV6-6*03	2.9e-05	0.4597707596298929
CASSRNADRANTIYF	TRBV5-1*01	2.9e-05	0.5365068464154966
CAWSGGYGANVLTF	TRBV30*01	2.9e-05	0.5567709264178995
CASSLGHTNTEAFF	TRBV11-3*01	2.9e-05	0.2944255993114512
CASSPHGGNYGYTF	TRBV11-2*01	2.9e-05	0.2700918654824742
CASSGTGVNTEAFF	TRBV5-1*01	2.9e-05	0.10481154979473564
CSASAGANGDEQYF	TRBV20-1*04	2.9e-05	0.7272062892998316
CSALRWGSSYEQYF	TRBV20-1*01	2.9e-05	0.838366203401914
CSAMTSGKTDTQYF	TRBV20-1*04	2.9e-05	0.9302941489038085
CASSGQGEEKLFF	TRBV2*01	2.9e-05	0.20214055903898687
CASSLEFTDTQYF	TRBV5-6*01	2.9e-05	0.37942155347064543
CASSPWGSNEAFF	TRBV27*01	2.9e-05	0.24148480421941118
CASSEGGEETQYF	TRBV10-2*01	2.9e-05	0.21934546571530225
CSGGLAVNEQFF	TRBV29-1*01	2.9e-05	0.8360126581327835
CASTFYGKLFF	TRBV19*03	2.9e-05	0.7029762222963749
CASSGGLEAFF	TRBV28*01	2.9e-05	0.36112389075487794
CSARHLDTQYF	TRBV20-1*02	2.9e-05	0.8983523959807339
CASSEATSSGNTIYF	TRBV2*01	2.9e-05	0.23217094319305068
CASSPTPTASYEQYF	TRBV6-6*05	2.9e-05	0.3847217108251822
CASSLSGSYNEQFF	TRBV27*01	2.9e-05	0.12921846512001006
CASSLRGDADTQYF	TRBV11-2*01	2.9e-05	0.3160181999109436
CASSIGDNTEAFF	TRBV19*01	2.9e-05	0.2530730026743733
CASSPDGFHGYTF	TRBV18*01	2.9e-05	0.5149393007383599
CASSLDSTDTQYF	TRBV28*01	2.9e-05	0.23633309597841046
CASSLGDRGMAFF	TRBV5-1*01	2.9e-05	0.8792838194735529
CASRGTSGRKGGGTDTQYF	TRBV6-1*01	2.9e-05	0.6663234547632637
CATSATPWTSGSPGELFF	TRBV24-1*01	2.9e-05	0.9697958623296312
CASSTRTATGGADIQYF	TRBV18*01	2.9e-05	0.7943051748525647
CASSLDLSGSGVGELFF	TRBV11-2*01	2.9e-05	0.3751310158980502
CASSPQGQGAAGELFF	TRBV18*01	2.9e-05	0.5127454499405774
CASSQGMGQGYSPLHF	TRBV4-2*01	2.9e-05	0.6245857332227964
CASGNRGAGNTIYF	TRBV7-3*01	2.9e-05	0.35298120128285077
CRAGGPSGANVLTF	TRBV20-1*01	2.9e-05	0.8185466914700203
CASSPPGLTEAFF	TRBV18*01	2.9e-05	0.39677624532810907
CASSLGRQVANYGYTF	TRBV5-1*01	2.8e-05	0.5543044201795452
CASSTLTGSYEQFF	TRBV6-6*03	2.8e-05	0.2232292731448782
CAWSTALLEQYF	TRBV30*01	2.8e-05	0.8148616914440138
CASSENRTGGHHSLLEQYF	TRBV2*01	2.8e-05	0.9745282065278852
CAWSVLAGGLEYEQYF	TRBV30*01	2.8e-05	0.6424937605184795
CASSQTGPGGAYEQYF	TRBV18*01	2.8e-05	0.25868409464460734
CASSLAGGGLDGYTF	TRBV5-1*01	2.8e-05	0.4199149158400457
CASGGLPLSYEQYF	TRBV6-1*01	2.8e-05	0.8710278891819617
CASSPLGEFIEQFF	TRBV18*01	2.8e-05	0.8071908810205635
CASGDGAAHNEQFF	TRBV27*01	2.8e-05	0.6698131181316352
CASSEAVGTEAFF	TRBV2*01	2.8e-05	0.2244902294955903
CASSSRGSPLHF	TRBV27*01	2.8e-05	0.29579710003271315
CASSLSGEPFSNQPQHF	TRBV27*01	2.8e-05	0.7284485284539287
CASRPTSGFGSSYEQYF	TRBV6-1*01	2.8e-05	0.46148196902693756
CATSRSLQGGNQPQHF	TRBV15*02	2.8e-05	0.2668708016132476
CASSPPSITAGNEQYF	TRBV18*01	2.8e-05	0.7707420242307794
CASSGRSGPNTGELFF	TRBV28*01	2.8e-05	0.25238782414677147
CASSQDQRYYNSPLHF	TRBV4-1*01	2.8e-05	0.6995679214328943
CSALNRDSRPSPGYTF	TRBV20-1*01	2.8e-05	0.9920936211680706
CASRSRDTSSYEQYF	TRBV6-1*01	2.8e-05	0.16876796541251207
CSAPAGTGVLYGYTF	TRBV20-1*01	2.8e-05	0.902181908612172
CATSDNGGYTEAFF	TRBV24-1*01	2.8e-05	0.5127738926234562
CASRRSSGNQPQHF	TRBV19*01	2.8e-05	0.15895373218199602
CASPKPGAAGELFF	TRBV19*01	2.8e-05	0.7709880447488661
CASTPRNSWTEAFF	TRBV28*01	2.8e-05	0.9020070080492478
CASSFGRSTDTQYF	TRBV6-5*01	2.8e-05	0.2517320326107234
CASSPGTGAYEQYF	TRBV2*01	2.8e-05	0.19814301013059796
CASSPVSDQPQHF	TRBV18*01	2.8e-05	0.367412029980431
CASSLSGQETQYF	TRBV5-1*01	2.8e-05	0.3128375476097443
CASSQSPAREQYF	TRBV4-1*01	2.8e-05	0.7841507742779462
CSAMVTGYNEQYF	TRBV29-1*01	2.8e-05	0.9523655759940421
CASKGGLGYTF	TRBV6-1*01	2.8e-05	0.31694756904438226
CASGNRPGQLINYGYTF	TRBV28*01	2.8e-05	0.7573978178295916
CAWSGGWGKNNEKLFF	TRBV30*01	2.8e-05	0.7638903274543655
CASSMGGDRIYTEAFF	TRBV19*01	2.8e-05	0.5337132511676168
CASSRKGGPGLQPQHF	TRBV18*01	2.8e-05	0.7258267757119216
CASSLRKGRGNSPLHF	TRBV28*01	2.8e-05	0.8080447117796004
CASSEYSPQQYGTQHF	TRBV2*03	2.8e-05	0.7543687810742031
CASSQVGQAYNSPLHF	TRBV3-1*01	2.8e-05	0.5458115567066071
CASRERGQGDNSPLHF	TRBV28*01	2.8e-05	0.4402993184816525
CAWSGYGTDFNEQFF	TRBV30*01	2.8e-05	0.8805655968365332
CASSIRGSDPYEQYF	TRBV19*01	2.8e-05	0.3590302269166775
CASSIAGTGETEAFF	TRBV19*01	2.8e-05	0.23137143883799285
CASSLFGQAAREQFF	TRBV18*01	2.8e-05	0.8163990692724332
CASSLAGGQVNEQFF	TRBV18*01	2.8e-05	0.47280816676188714
CASSPLPGQPYEQYF	TRBV18*01	2.8e-05	0.36147985813797456
CASSLLGDLGEKLFF	TRBV27*01	2.8e-05	0.7334316170039813
CASSEGEGGISPLHF	TRBV2*01	2.8e-05	0.5340225037605627
CASSFGQGYLYEQYF	TRBV7-2*01	2.8e-05	0.6506786136997139
CASSQGTGGFYEQYF	TRBV3-1*01	2.8e-05	0.26166669220442795
CASSVGTGAAYEQYF	TRBV9*01	2.8e-05	0.22933427897834227
CASSDQGGSGNTIYF	TRBV11-2*01	2.8e-05	0.1887627763674725
CSASAITGNTYEQYF	TRBV20-1*04	2.8e-05	0.8677212579269374
CSARDPRRPNEKLFF	TRBV20-1*01	2.8e-05	0.9271590028340022
CSARDARGGYGELFF	TRBV20-1*01	2.8e-05	0.8961632391909676
CAWSTNAANEKLFF	TRBV30*01	2.8e-05	0.6736076478346639
CASSQEFMNTEAFF	TRBV19*01	2.8e-05	0.2354671454999863
CASSIVESNQPQHF	TRBV19*01	2.8e-05	0.4364716160326223
CASMGRGLNQPQHF	TRBV2*01	2.8e-05	0.6032742625751323
CASSYSGEEYEQYF	TRBV6-5*01	2.8e-05	0.2728820109936232
CASSLDLTAGAQHF	TRBV7-8*01	2.8e-05	0.8955524081956653
CSSHTGRVNQPQHF	TRBV20-1*01	2.8e-05	0.6228263925726125
CASSQGGSNQPQHF	TRBV4-1*01	2.8e-05	0.09055735508019878
CASSLGDATEAFF	TRBV28*01	2.8e-05	0.20126716799315436
CASSLWGGTEAFF	TRBV27*01	2.8e-05	0.2046279688535916
CASSDGGVREQFF	TRBV2*01	2.8e-05	0.5724033139616451
CASRSLGDTEAFF	TRBV6-1*01	2.8e-05	0.3205664865043203
CSVGGTGYYEQYF	TRBV29-1*01	2.8e-05	0.6066306414932086
CASRGLNYGYTF	TRBV3-1*01	2.8e-05	0.20933319135689002
CSARKTGGGYTF	TRBV20-1*01	2.8e-05	0.9518481948878733
CASSLSASSGSYSSYNEQFF	TRBV28*01	2.8e-05	0.28752052108105025
CASSQDVAPVDRVNTEAFF	TRBV3-1*01	2.8e-05	0.9534526611450006
CASRDRDRAPGPSTDTQYF	TRBV2*01	2.8e-05	0.7968908171574387
CAWSVLGDSPATNEKLFF	TRBV30*01	2.8e-05	0.7580883596362322
CASSLWRLAGFSTDTQYF	TRBV28*01	2.8e-05	0.8261674806287361
CASSLMFRGRGRSQPQHF	TRBV28*01	2.8e-05	0.8676632450359342
CASSLGQGGTYNSPLHF	TRBV13*01	2.8e-05	0.37910678102359385
CASSRGKLWDLLYEQYF	TRBV11-2*01	2.8e-05	0.9187457104916692
CASSQGVFRRSNQPQHF	TRBV4-1*01	2.8e-05	0.8646424024049361
CASRFLPTADRPYEQYF	TRBV5-1*01	2.8e-05	0.9178246534100767
CASTFEVGPLRGELFF	TRBV6-1*01	2.8e-05	0.9858648934069952
CASSLGEEYSNQPQHF	TRBV27*01	2.8e-05	0.26470513588873806
CASSYRGGQIGYEQYF	TRBV6-7*01	2.8e-05	0.6478778911924249
CASSLSGQGGNQPQHF	TRBV5-1*01	2.8e-05	0.13149644384431708
CASSSGIRAMSYEQYF	TRBV5-1*01	2.8e-05	0.6417732420198555
CASSRVTGGSDQPQHF	TRBV4-1*01	2.8e-05	0.27116906343924463
CASSRRDYSSYEQYF	TRBV18*01	2.8e-05	0.34660903031283097
CASSGEGGSTGELFF	TRBV2*01	2.8e-05	0.17039243626759903
CASSDLQTSTDTQYF	TRBV2*03	2.8e-05	0.5649172308209366
CASSESSTWVGQAFF	TRBV6-1*01	2.8e-05	0.9184099889655619
CASSSRTDYNSPLHF	TRBV11-2*01	2.8e-05	0.2821826674173241
CASSLYREVVETQYF	TRBV28*01	2.8e-05	0.7754879161386148
CASSPTRGLGSPLHF	TRBV5-6*01	2.8e-05	0.6876991905508181
CASRPDRVWSSPLHF	TRBV27*01	2.8e-05	0.931593623222516
CASRPGQGATGELFF	TRBV6-1*01	2.8e-05	0.3870838723768973
CASSQGLAGVSEQYF	TRBV4-1*01	2.8e-05	0.4361516161716184
CASSIPGGGYEQYF	TRBV19*01	2.8e-05	0.18396195209854024
CASSPPASGYEQYF	TRBV18*01	2.8e-05	0.3254803208169404
CASTPGRSSYEQYF	TRBV7-2*01	2.8e-05	0.2898504267555655
CASSEGGGVNEQFF	TRBV2*01	2.8e-05	0.28305530600583606
CASSLVSRMNEQFF	TRBV11-2*01	2.8e-05	0.7922458898537791
CASSLSQGVYEQYF	TRBV13*01	2.8e-05	0.173791451805883
CASSLGGNQSPLHF	TRBV5-1*01	2.8e-05	0.27512565843496734
CASSLGSEGNEQFF	TRBV5-1*01	2.8e-05	0.41737464674018
CAISEHAGNEQFF	TRBV10-3*01	2.8e-05	0.8147426786565138
CASSLSSYNEQFF	TRBV19*01	2.8e-05	0.09767439568721477
CASSIRSSSEAFF	TRBV19*01	2.8e-05	0.2469666880026611
CASSPGFQETQYF	TRBV18*01	2.8e-05	0.3636246391555141
CASSRDFNQPQHF	TRBV18*01	2.8e-05	0.19669108034254598
CASSYPGRGEQFF	TRBV6-5*01	2.8e-05	0.7760423165385527
CASSFPGGYEQYF	TRBV7-8*01	2.8e-05	0.2646000189124257
CASRTDRVSPLHF	TRBV28*01	2.8e-05	0.7500736007801878
CASGLAGYNEQFF	TRBV5-1*02	2.8e-05	0.25148771524593244
CASSYSGETQYF	TRBV6-5*01	2.8e-05	0.23972540887055088
CASSAGWDGYTF	TRBV7-2*01	2.8e-05	0.42097908465090944
CSVGQSGYEQYF	TRBV29-1*01	2.8e-05	0.5904307983920765
CASSEALGQGRSTNEKLFF	TRBV2*01	2.8e-05	0.5985005549597381
CASSLTPTTYYSNQPQHF	TRBV7-3*01	2.8e-05	0.6399998003550155
CASSVDGDLNAHSYEQYF	TRBV9*01	2.8e-05	0.7629595835990163
CASSLSLGFHRRNQPQHF	TRBV5-1*01	2.8e-05	0.8576741554534375
CASSSPTPGQGRYGYTF	TRBV19*01	2.8e-05	0.5247150797223487
CASSTPYSGRGYNEQFF	TRBV19*01	2.8e-05	0.7083627096012407
CASSFPTGVGAIDEQYF	TRBV28*01	2.8e-05	0.7923341113788867
CASSLLTTGYPHSPLHF	TRBV6-6*04	2.8e-05	0.8665381084438031
CASSESVIRGGRYEQYF	TRBV10-2*01	2.8e-05	0.7943694218601411
CASSLISSGRSYNEQFF	TRBV5-1*01	2.8e-05	0.5074816070239753
CATSREGPDRSYEQYF	TRBV15*02	2.8e-05	0.5879314087592885
CASSPQQGWTSYEQYF	TRBV19*03	2.8e-05	0.5379783805374427
CASTLRASPSYNEQFF	TRBV7-3*01	2.8e-05	0.9017125914870137
CASSFILYKKNTEAFF	TRBV11-2*01	2.8e-05	0.8370841259120095
CASSLAGERSYNEQFF	TRBV5-8*01	2.8e-05	0.3780196982020466
CASSSGLAGGNNEQFF	TRBV5-1*01	2.8e-05	0.3517584416369352
CSASRGLSSSGNTIYF	TRBV20-1*02	2.8e-05	0.7036418981385245
CASSMLDREGQPQHF	TRBV19*01	2.8e-05	0.7942369387259784
CASSPGMTEGYGYTF	TRBV18*01	2.8e-05	0.5202944739939709
CASIPGGAHSNEQFF	TRBV6-1*01	2.8e-05	0.7841701639034281
CASSFFGGFTDTQYF	TRBV28*01	2.8e-05	0.648717202256462
CASSLILGANYGYTF	TRBV28*01	2.8e-05	0.2788461440494189
CASSSSPGPTETQYF	TRBV28*01	2.8e-05	0.5399279353044109
CASSDGAQGEYEQYF	TRBV2*01	2.8e-05	0.27388628234501117
CASSLGLAGTGELFF	TRBV11-3*01	2.8e-05	0.14523285451501322
CASSLTGTGAGGYTF	TRBV7-3*01	2.8e-05	0.2107679918521531
CASSYWTADNYGYTF	TRBV5-6*01	2.8e-05	0.9307383807411148
CASSLQGQGSYEQYF	TRBV5-1*01	2.8e-05	0.15002093488824747
CASSQDLGGETEAFF	TRBV4-1*01	2.8e-05	0.24190661217634918
CSARVAGGDDYGYTF	TRBV20-1*01	2.8e-05	0.9081411183074395
CSARAGGADTGELFF	TRBV20-1*01	2.8e-05	0.8542531298609027
CAGRRGYDNSPLHF	TRBV6-1*01	2.8e-05	0.33637225820858146
CASSPPGQGSEQYF	TRBV18*01	2.8e-05	0.39388386055225577
CASSSSGTGARYTF	TRBV27*01	2.8e-05	0.400277797382536
CASSSPVGNTEAFF	TRBV28*01	2.8e-05	0.20679500983719945
CASSPQRVYNEQFF	TRBV6-1*01	2.8e-05	0.48302296373001974
CASSEEPGDTEAFF	TRBV2*01	2.8e-05	0.3900557952907942
CASSQGGGNNEQFF	TRBV4-2*01	2.8e-05	0.29530800661487167
CASSVAGSSMEQYF	TRBV9*01	2.8e-05	0.39862156401190124
CASQERTNTGELFF	TRBV5-1*01	2.8e-05	0.44649573180001184
CASSANRGNTEAFF	TRBV5-1*01	2.8e-05	0.18208269840964086
CSAERLGGNYGYTF	TRBV20-1*01	2.8e-05	0.7316197582030844
CSARDQTSGYEQYF	TRBV20-1*01	2.8e-05	0.8802842640235522
CSAGRTGSPSPLHF	TRBV20-1*01	2.8e-05	0.9802945642853544
CSVGGSLGSYEQYF	TRBV29-1*01	2.8e-05	0.8821919305935487
CASSTQGGTEAFF	TRBV19*03	2.8e-05	0.1701472386860012
CASSVGGDTEAFF	TRBV6-1*01	2.8e-05	0.09570355191668162
CASSLVVNTEAFF	TRBV11-2*01	2.8e-05	0.2435494371317319
CASSPGTEAGYTF	TRBV6-6*05	2.8e-05	0.4307811856209058
CASSVGRDYGYTF	TRBV9*01	2.8e-05	0.12711860553806356
CASSGQEDYGYTF	TRBV10-2*01	2.8e-05	0.13653028967212488
CASSPRGFEEAFF	TRBV5-1*01	2.8e-05	0.44809332591469186
CSVGQGAGQPQHF	TRBV29-1*01	2.8e-05	0.5659920121517057
CASSNGDQPQHF	TRBV13*01	2.8e-05	0.14123271302095566
CSAIRGSYEQYF	TRBV20-1*01	2.8e-05	0.8040747912667375
CSAQTGARGYTF	TRBV20-1*01	2.8e-05	0.9712774682709701
CASGRSTEAFF	TRBV2*01	2.8e-05	0.13240400517261944
CSAGDREAFF	TRBV20-1*01	2.8e-05	0.7949362684742048
CASSSQSGTGGLANYGYTF	TRBV5-1*01	2.8e-05	0.2936813828802822
CASSPRDRAVWGNTEAFF	TRBV6-2*01	2.8e-05	0.7968734706522376
CASSFPRLAGDSGELFF	TRBV28*01	2.8e-05	0.7545681465731017
CASSWGTSGRSYNEQFF	TRBV27*01	2.8e-05	0.5505547976027146
CASSYVAGGHMNTEAFF	TRBV6-2*01	2.8e-05	0.6387033988097307
CASSLDRSGTMAGELFF	TRBV11-2*01	2.8e-05	0.8628432614947419
CASSRPTTSGRAYEQYF	TRBV4-2*01	2.8e-05	0.678621655017055
CASKPGLAGGPSYEQYF	TRBV27*01	2.8e-05	0.3985609034476383
CAWSLRPGQGLEKLFF	TRBV30*01	2.8e-05	0.915424438980327
CASSPLGQNVNNEQFF	TRBV18*01	2.8e-05	0.7654371040863119
CASSYNRGHSGNTIYF	TRBV6-5*01	2.8e-05	0.4518078323902514
CASSLRLGQNTGELFF	TRBV6-6*04	2.8e-05	0.38906048764876455
CASSTFPTSSYNEQFF	TRBV27*01	2.8e-05	0.7171789443621279
CASSLSGRLMGNEQFF	TRBV7-9*01	2.8e-05	0.5277578940147377
CASSSGLAGGPNEQFF	TRBV7-3*01	2.8e-05	0.4049070225512447
CASSQTSWGQTYEQYF	TRBV3-1*01	2.8e-05	0.5833961864370074
CAWSPLGGNNNEQFF	TRBV30*01	2.8e-05	0.8880211815617002
CATSIRGVSSRGYTF	TRBV15*02	2.8e-05	0.8208278338682626
CATSRDVGHGNTIYF	TRBV15*01	2.8e-05	0.4344958287384023
CASSPSRGGSGELFF	TRBV18*01	2.8e-05	0.35452218445637784
CASAKGGRPTGELFF	TRBV7-6*01	2.8e-05	0.8358093637064077
CASTIDRGQYEKLFF	TRBV6-6*03	2.8e-05	0.6279408284616204
CASSLGTGGKNEQFF	TRBV27*01	2.8e-05	0.40301087856460166
CASSSWTGGWTEAFF	TRBV28*01	2.8e-05	0.3561648015097388
CASSSPDLAGDGYTF	TRBV7-2*01	2.8e-05	0.5112859358474279
CASSLSDGLNTEAFF	TRBV11-3*01	2.8e-05	0.22322807424957755
CASSPTGNAGNTIYF	TRBV7-8*03	2.8e-05	0.4872634179389566
CASSQGLAGPYEQYF	TRBV28*01	2.8e-05	0.22944225467920543
CASSQGTGMEYEQYF	TRBV3-1*01	2.8e-05	0.44846854707402667
CASSVVKRGREKLFF	TRBV9*01	2.8e-05	0.7989263180819787
CASRPDRRAKETQYF	TRBV6-6*03	2.8e-05	0.8708491911752745
CASSQEYVAGYEQYF	TRBV4-1*01	2.8e-05	0.3954390347182748
CSAREGGHNSYEQYF	TRBV20-1*01	2.8e-05	0.9161237030036581
CASTTGEGTDTQYF	TRBV19*01	2.8e-05	0.18818744229771406
CASRRQGAGNTIYF	TRBV19*01	2.8e-05	0.2018020080660656
CASSLENRGREQYF	TRBV18*01	2.8e-05	0.48681632236741507
CASSLPGTHNEQFF	TRBV27*01	2.8e-05	0.4185194102419189
CASSVDWWNNEQFF	TRBV27*01	2.8e-05	0.8954462734670579
CASSFGTGQLEQYF	TRBV5-5*01	2.8e-05	0.7456426337610916
CASSPKDVSYEQYF	TRBV11-2*01	2.8e-05	0.28745789924498144
CASSINLENTEAFF	TRBV7-9*01	2.8e-05	0.46988548002426594
CASRPGTANQPQHF	TRBV7-8*01	2.8e-05	0.36582982125354796
CSARGLASTGELFF	TRBV20-1*01	2.8e-05	0.9315814976642217
CASSPQGNTEAFF	TRBV18*01	2.8e-05	0.16412787515605476
CASIPNPGQQAFF	TRBV6-1*01	2.8e-05	0.9159815010861965
CASSENENTEAFF	TRBV6-1*01	2.8e-05	0.2383282678959194
CASSLTRYNEQFF	TRBV7-3*01	2.8e-05	0.27805000444165
CASKLVGTDTQYF	TRBV6-6*03	2.8e-05	0.4586026590122188
CAVGDRGNTEAFF	TRBV10-1*01	2.8e-05	0.4463373950774802
CASILGANTIYF	TRBV2*01	2.8e-05	0.33038166734957236
CASSLAGYEQFF	TRBV2*01	2.8e-05	0.2135714468279278
CSARRQNEKLFF	TRBV20-1*01	2.8e-05	0.8988033473431724
CASSRAAEAFF	TRBV28*01	2.8e-05	0.34993592482104197
CAISDRDRGIAGGRNEQFF	TRBV10-3*01	2.8e-05	0.9165824545352135
CASIGGTIWGAPNTGELFF	TRBV19*01	2.8e-05	0.9823334221581268
CASSLEEAPGLSPPYEQYF	TRBV7-8*01	2.8e-05	0.6354085697331356
CASSIPRLAGAVDNEQFF	TRBV19*01	2.8e-05	0.8983451023697349
CASSMRTGGVSSNQPQHF	TRBV19*01	2.8e-05	0.2719450156660513
CASSPGTLKEGINEKLFF	TRBV28*01	2.8e-05	0.8644153583187887
CAISLSPGTGDNSPLHF	TRBV7-3*01	2.8e-05	0.7061921056532243
CASSLSPPRSDNHEQFF	TRBV28*01	2.8e-05	0.8161763592082095
CASSQDRGGRSPYEQYF	TRBV4-1*01	2.8e-05	0.43773177980787287
CSAREGTGGVSSYEQYF	TRBV20-1*01	2.8e-05	0.8310911774507324
CSVGQGAGSGSSGELFF	TRBV20-1*01	2.8e-05	0.5728237808123636
CATSSPGTANQETQYF	TRBV15*02	2.8e-05	0.6646335973971489
CASSFSAGGGADTQYF	TRBV27*01	2.8e-05	0.34713025173653095
CASSLVTSGSLNTQYF	TRBV6-8*01	2.8e-05	0.464296003145266
CASSHTSRQGNTEAFF	TRBV4-2*01	2.8e-05	0.4977068763816787
CASSQTSGGDNQPQHF	TRBV4-2*01	2.8e-05	0.13311152436707008
CASSVGQGPNTGELFF	TRBV9*01	2.8e-05	0.33766117188673334
CASSVEGLPGANVLTF	TRBV9*01	2.8e-05	0.616182365892638
CASSEDGGRFPSEQYF	TRBV10-1*01	2.8e-05	0.9571471097327138
CASSQGAGGSQETQYF	TRBV4-1*01	2.8e-05	0.3265898576755401
CATSSLATNTGELFF	TRBV24-1*01	2.8e-05	0.21478157494292488
CASSSGEGRDNEQFF	TRBV27*01	2.8e-05	0.38419573269271173
CASSPPVRTNTEAFF	TRBV6-6*04	2.8e-05	0.7358952088669317
CASSGSGASYNEQFF	TRBV2*01	2.8e-05	0.1941172937062876
CASSEGHFSNQPQHF	TRBV2*01	2.8e-05	0.5235508144185732
CASSPAAVTYNEQFF	TRBV7-3*01	2.8e-05	0.39656036281440105
CASSPGQGRGEGYTF	TRBV4-2*01	2.8e-05	0.33922037933875315
CASSHRDLSSYEQYF	TRBV11-2*01	2.8e-05	0.6371278964304118
CASSDPGGTNEKLFF	TRBV9*01	2.8e-05	0.2909816532295484
CASSQLTGVENTIYF	TRBV4-1*01	2.8e-05	0.3752931026482062
CASSQIEGVNSPLHF	TRBV4-1*01	2.8e-05	0.5611888420656501
CSARQTGTQTYEQYF	TRBV20-1*01	2.8e-05	0.934337350133241
CAWMTSGLYNEQFF	TRBV30*01	2.8e-05	0.8153280696408806
CAMTSGASTDTQYF	TRBV10-3*01	2.8e-05	0.6264720721500723
CASSRRDRNTEAFF	TRBV19*01	2.8e-05	0.2170623970471443
CASSKRGEYTEAFF	TRBV19*01	2.8e-05	0.4983149830712276
CASSRGHLNQPQHF	TRBV13*01	2.8e-05	0.46223164632318786
CASSVGQGNSPLHF	TRBV9*01	2.8e-05	0.1816494131634372
CASSVGGSSYEQYF	TRBV9*01	2.8e-05	0.159139770812534
CASSYGTRRNEQYF	TRBV5-1*01	2.8e-05	0.8774990349147695
CASSQGGRTYEQYF	TRBV4-1*01	2.8e-05	0.25904124242889026
CASKGSMNTEAFF	TRBV19*01	2.8e-05	0.24400548783309098
CASSIAGVYEQYF	TRBV19*01	2.8e-05	0.2747356022580305
CASTGTAYNEQFF	TRBV27*01	2.8e-05	0.4396695442463357
CASSLGSNEKLFF	TRBV11-3*01	2.8e-05	0.15669899444487917
CSAPSDVNYGYTF	TRBV20-1*01	2.8e-05	0.784364333491537
CASSSRNSPLHF	TRBV3-1*01	2.8e-05	0.1959021478520282
CSATGRYEQYF	TRBV20-1*01	2.8e-05	0.6753550293507212
CASSSGGYRAGAYEQYF	TRBV19*01	2.8e-05	0.27747322062377605
CASSLPLHRSTDTQYF	TRBV7-2*01	2.8e-05	0.9104497675947655
CASSPDPASQTNSQYF	TRBV7-2*01	2.8e-05	0.7989611116417885
CASSQATGGRGNTIYF	TRBV3-1*01	2.8e-05	0.3387712148033831
CASSINLQPNEKLFF	TRBV19*01	2.8e-05	0.599399898089588
CASSEGTSGTDTQYF	TRBV2*01	2.8e-05	0.18208742093382227
CASSFVGTGGPEAFF	TRBV11-2*01	2.8e-05	0.8139818063614627
CASSLGRGRAYEQFF	TRBV11-1*01	2.8e-05	0.4578330246697861
CASSLGQGMNEKLFF	TRBV28*01	2.8e-05	0.2716372910936709
CASSRFRQGRYEQYF	TRBV3-1*01	2.8e-05	0.6905651872807431
CASSQDRGSNQPQHF	TRBV4-2*01	2.8e-05	0.1439889751668395
CSASNVGSSYNEQFF	TRBV20-1*04	2.8e-05	0.5710861375213492
CASSFRQGAETQYF	TRBV28*01	2.8e-05	0.431735224853288
CASSLSAGTGELFF	TRBV28*01	2.8e-05	0.25598461645362525
CASSRTGSAGELFF	TRBV27*01	2.8e-05	0.5057847302825451
CASSPAGMNTEAFF	TRBV3-1*01	2.8e-05	0.2445379104322703
CASRGLGNREKLFF	TRBV28*01	2.8e-05	0.4540112138520168
CASKAVSSTDTQYF	TRBV6-6*05	2.8e-05	0.578540774500902
CAWAGQVMKTQYF	TRBV30*05	2.8e-05	0.9155460226621036
CASSVEHLTEAFF	TRBV9*01	2.8e-05	0.5281233067358043
CAIKEPGNTIYF	TRBV10-3*01	2.8e-05	0.7496281324370945
CASSQIINEQFF	TRBV3-1*01	2.8e-05	0.5460238176805692
CASRGLGGELFF	TRBV3-1*01	2.8e-05	0.24944088267131215
CASSQGRDGYTF	TRBV4-1*01	2.8e-05	0.25899189139167095
CATSRGRTGYQETQYF	TRBV15*02	2.8e-05	0.5453235996809268
CASSYSRVGPYEQYF	TRBV6-2*01	2.8e-05	0.4196255966452366
CASSRLAGSTDTQYF	TRBV6-2*01	2.8e-05	0.23252906883636923
CASRRQGASRDTQYF	TRBV6-1*01	2.8e-05	0.7753002758576784
CATKGRRGTGEQYF	TRBV19*01	2.8e-05	0.825252995255774
CASTGTAFYNEQFF	TRBV6-6*05	2.8e-05	0.8829937721181219
CASSGSGRSHEQYF	TRBV2*01	2.8e-05	0.4016616191843403
CASSPPREVTEAFF	TRBV13*01	2.8e-05	0.5231080350984948
CASSLGLGTAIQETQYF	TRBV28*01	2.8e-05	0.8015805444121865
CASSPEREDYTGELFF	TRBV3-1*01	2.8e-05	0.6161157431938133
CASRRAGVGYNEQFF	TRBV5-1*01	2.8e-05	0.5581552073497485
CASSLYRTDTQYF	TRBV28*01	2.8e-05	0.3284152341773216
CASSSGGAPYEQYF	TRBV5-1*01	2.7e-05	0.2152854050927188
CASSGFQGIKTQYF	TRBV6-6*04	2.7e-05	0.9269727453995134
CASSELAGGEADTQYF	TRBV6-1*01	2.7e-05	0.19643493048116925
CASRKGGNQPQHF	TRBV2*01	2.7e-05	0.13451323511510466
CASSETGGGVNQPQHF	TRBV2*01	2.7e-05	0.16594534116753792
CASSLTQLAYGYTF	TRBV7-9*01	2.7e-05	0.2695381948340865
CASSPAGHNQPQHF	TRBV5-1*01	2.7e-05	0.22142838318174393
CASNGQGYTEAFF	TRBV18*01	2.7e-05	0.43540498607300065
CASNIQGYQPQHF	TRBV2*02	2.7e-05	0.4773456063103388
CASSWVDEQYF	TRBV6-1*01	2.7e-05	0.48227891445246235
CSAPAPILGRGHNEQFF	TRBV20-1*01	2.7e-05	0.9838805117412456
CSASPTIPGTATYEQYF	TRBV20-1*04	2.7e-05	0.9521437600891495
CASSIDRSWRTYEQYF	TRBV19*01	2.7e-05	0.8391535074505522
CASSSAGTGGPYGYTF	TRBV6-6*03	2.7e-05	0.21257248323019468
CASSYRTVEMNTEAFF	TRBV6-5*01	2.7e-05	0.49833450337325286
CASSARLAGPYNEQFF	TRBV27*01	2.7e-05	0.5900243127480819
CASRETPGQGSYEQYF	TRBV2*01	2.7e-05	0.37068790352901965
CASSTGQGVYNEQFF	TRBV27*01	2.7e-05	0.40352983216939725
CASRPGLQSSYEQYF	TRBV5-1*01	2.7e-05	0.5413005057749991
CAWSATFSGTEQFF	TRBV30*01	2.7e-05	0.948035304653398
CASMERVGGEKLFF	TRBV6-2*01	2.7e-05	0.6955430674519518
CASSKDRGGTEAFF	TRBV6-6*03	2.7e-05	0.2639303674913407
CASTVGPTFTGQYF	TRBV10-2*01	2.7e-05	0.8307737891228691
CASSLGARSYEQYF	TRBV5-1*01	2.7e-05	0.19925374719261363
CASSPYGGKGLAGGSSYEQYF	TRBV27*01	2.7e-05	0.7582374479452741
CASSLRARGSGRVTDTQYF	TRBV28*01	2.7e-05	0.5338684795920031
CASRSLGRVSGANVLTF	TRBV28*01	2.7e-05	0.5990572572968709
CASSPTSGSLLFYEQYF	TRBV5-1*01	2.7e-05	0.6342989509930524
CASSSPFGTGETEAFF	TRBV28*01	2.7e-05	0.3492926788578323
CASKMGLTERGGELFF	TRBV27*01	2.7e-05	0.9749409268735523
CASHGGGAGNQPQHF	TRBV18*01	2.7e-05	0.23296397987968187
CASTDRGLGNQPQHF	TRBV28*01	2.7e-05	0.3044974760998309
CASSDSTTLAREQYF	TRBV6-4*01	2.7e-05	0.9084215862841322
CASSWRGGSSYEQYF	TRBV5-1*01	2.7e-05	0.2779604797413371
CASSQGPFSSYEQYF	TRBV4-1*01	2.7e-05	0.5402631873548331
CASSPRQGLNEQYF	TRBV7-2*01	2.7e-05	0.3665011352335328
CASSLAGGGTEAFF	TRBV5-1*01	2.7e-05	0.09359269591122873
CASSLTGSHYGYTF	TRBV5-1*01	2.7e-05	0.17681451093052794
CASSAGQINTEAFF	TRBV5-1*01	2.7e-05	0.30438436060788754
CSVGRQGTRDGYTF	TRBV20-1*01	2.7e-05	0.9665210531750974
CSAGTGYPDYGYTF	TRBV20-1*01	2.7e-05	0.9558385320717799
CSARSGTAFYEQYF	TRBV20-1*05	2.7e-05	0.9421739473795562
CSANYPVGAGELFF	TRBV20-1*01	2.7e-05	0.9873350085346444
CASSIRGSYEQYF	TRBV19*01	2.7e-05	0.16692729763799327
CARGASGSHEQYF	TRBV6-4*01	2.7e-05	0.6531385271910215
CASSLLQGEAFF	TRBV28*01	2.7e-05	0.2508873120678876
CASSLAGEQYF	TRBV5-1*01	2.7e-05	0.15905978829432235
CASGEETQYF	TRBV2*01	2.7e-05	0.3050577215649669
CASSQPTASMKEHYEQYF	TRBV28*01	2.7e-05	0.7192226517748972
CASNPGTGLAGSSYEQYF	TRBV5-1*01	2.7e-05	0.4207457670334918
CSARKISGSGDTGELFF	TRBV20-1*01	2.7e-05	0.9693289123416786
CATQAGTGYSNQPQHF	TRBV6-4*01	2.7e-05	0.49962627149627736
CASSLPRAGRDYEQYF	TRBV28*01	2.7e-05	0.4768458069706942
CASSSRVGTLPGEQYF	TRBV3-1*01	2.7e-05	0.8991067577808436
CASRRLAGGRSYEQYF	TRBV6-1*01	2.7e-05	0.3425733323899975
CATSPQLGTSNEQFF	TRBV24-1*01	2.7e-05	0.8260273413299453
CASTPTSGLYNEQFF	TRBV9*01	2.7e-05	0.529203714032879
CASSVGASGGYEQYF	TRBV9*01	2.7e-05	0.2150845671407109
CASNYHGGYTGELFF	TRBV27*01	2.7e-05	0.6424581770310483
CSARGRTGDVTEAFF	TRBV20-1*01	2.7e-05	0.8886794030276363
CSARDKGALRGGYTF	TRBV20-1*01	2.7e-05	0.9967060705118759
CSARGQDPYQETQYF	TRBV20-1*01	2.7e-05	0.9803655577733177
CAISESRGNQPQHF	TRBV10-3*01	2.7e-05	0.25415077348624204
CATSDSRTGGGYTF	TRBV24-1*01	2.7e-05	0.3273110534654805
CASGLSLKNTEAFF	TRBV28*01	2.7e-05	0.7830407449759176
CASSSTGANTEAFF	TRBV6-5*01	2.7e-05	0.08498675283054993
CASSVRWEGNEAFF	TRBV6-1*01	2.7e-05	0.7571389907847693
CASSHYEAQAPLHF	TRBV3-1*01	2.7e-05	0.9349988633124264
CASSVGSSSYEQYF	TRBV9*01	2.7e-05	0.13576340851452778
CSASRPTVDNEQFF	TRBV20-1*02	2.7e-05	0.9246380672378381
CSARGRVGTGELFF	TRBV20-1*01	2.7e-05	0.9442343595431165
CASSEDVDEKLFF	TRBV2*01	2.7e-05	0.35262210973214614
CASSWTRNQPQHF	TRBV27*01	2.7e-05	0.4042415253179963
CASSDGAYNEQFF	TRBV6-1*01	2.7e-05	0.2052328664436326
CASSHASSYEQYF	TRBV3-1*01	2.7e-05	0.3089367524895399
CASSGDRNYGYTF	TRBV3-1*01	2.7e-05	0.11173904459555185
CASSSTNTGELFF	TRBV27*01	2.7e-05	0.11473637109001297
CASRGTSYNEQFF	TRBV27*01	2.7e-05	0.18877455092060727
CASSLARDYGYTF	TRBV5-1*01	2.7e-05	0.17141311117950203
CSARLQGNTEAFF	TRBV20-1*01	2.7e-05	0.7569340005848553
CAISRASAGYTF	TRBV28*01	2.7e-05	0.6014911817100269
CASSYSSGPQHF	TRBV6-5*01	2.7e-05	0.16653663251328318
CSAIPGGGEQFF	TRBV20-1*01	2.7e-05	0.9151510120619434
CSGVSGDQPQHF	TRBV20-1*01	2.7e-05	0.6089975012430257
CAWSVGYRAFF	TRBV30*01	2.7e-05	0.8182065963440289
CASSQRGELFF	TRBV3-1*01	2.7e-05	0.1869669811994496
CGTGNQPQHF	TRBV28*01	2.7e-05	0.49429591905628617
CASSSTRDRGRGDYGYTF	TRBV7-9*01	2.7e-05	0.5586418690170655
CASSPIPIGTGGIYEQYF	TRBV5-1*01	2.7e-05	0.6666163058859574
CAISESVLAGGTGELFF	TRBV10-3*01	2.7e-05	0.7230510036869678
CATSDWDRGSGNTEAFF	TRBV24-1*01	2.7e-05	0.7422476497916909
CASSQDWTVSSYNEQFF	TRBV4-2*01	2.7e-05	0.8894367609725935
CASSADGGTGLRNEQFF	TRBV4-3*03	2.7e-05	0.8950595073402697
CAWSQSSGGSGNTIYF	TRBV30*01	2.7e-05	0.2722927585266805
CAIRPGQGYGNTEAFF	TRBV10-3*01	2.7e-05	0.6418384388837881
CASSEVQSLAKNIQYF	TRBV6-1*01	2.7e-05	0.7319213204631114
CASSPPPQQTNYGYTF	TRBV28*01	2.7e-05	0.35630883451339523
CASSPGSGQRNEKLFF	TRBV7-9*01	2.7e-05	0.24837957161601656
CASSQGWTDPSYEQYF	TRBV4-2*01	2.7e-05	0.8332653771346415
CASRVAGTGGFQPQHF	TRBV28*01	2.7e-05	0.35113794984739183
CASSPSAAGGPGEQYF	TRBV5-1*01	2.7e-05	0.546975676786393
CASSQGQTGSGYGYTF	TRBV4-1*01	2.7e-05	0.299472252330438
CASSDRGAPLYGYTF	TRBV19*01	2.7e-05	0.7476260765131254
CASSINRGIGTEAFF	TRBV19*01	2.7e-05	0.6229466617251583
CASSTGTGINQPQHF	TRBV19*03	2.7e-05	0.1925126303648299
CASSLWQTANTEAFF	TRBV28*01	2.7e-05	0.4125535528892031
CASSYSGSRVDTQYF	TRBV6-2*01	2.7e-05	0.5969305750979164
CASSDWGLGTYEQYF	TRBV2*01	2.7e-05	0.4362952569901594
CASSLGVGLAGELFF	TRBV7-3*01	2.7e-05	0.5055907757952215
CASSRRTATNEKLFF	TRBV9*01	2.7e-05	0.5289550343674557
CASSQAGTGVQPQHF	TRBV4-2*01	2.7e-05	0.34949605242413406
CASRPRPDSSYEQYF	TRBV6-1*01	2.7e-05	0.6106015058175502
CASRPHTGNYNEQFF	TRBV6-1*01	2.7e-05	0.6830851930939478
CSAGTKRGNTGELFF	TRBV20-1*01	2.7e-05	0.955878629571806
CAWSVPTGSYEQYF	TRBV30*01	2.7e-05	0.5391359548372607
CASKAAGGPTEQFF	TRBV19*01	2.7e-05	0.4473393552143617
CASSPGGGPYEQYF	TRBV18*01	2.7e-05	0.19354852995917018
CASSPQLADNEQFF	TRBV18*01	2.7e-05	0.6534476891966936
CASSVEGDTGELFF	TRBV6-4*01	2.7e-05	0.21235231541232663
CASSLARSPRKQYF	TRBV7-2*01	2.7e-05	0.6508990057244725
CASSDQGVTGELFF	TRBV5-1*01	2.7e-05	0.26584785232004865
CASSLVPLNTEAFF	TRBV5-1*01	2.7e-05	0.6363113882626403
CASSADAGDTEAFF	TRBV5-1*01	2.7e-05	0.1955973851900172
CASSTQGFGEKLFF	TRBV5-1*01	2.7e-05	0.3830932006072835
CSALGPRPTDTQYF	TRBV20-1*01	2.7e-05	0.9693722416425875
CATSRDYLSGAFF	TRBV15*01	2.7e-05	0.8341568642511072
CASEGQSDTEAFF	TRBV19*01	2.7e-05	0.2709451357120891
CASSGNLDYGYTF	TRBV6-1*01	2.7e-05	0.29277689810375795
CASSFASGYEQYF	TRBV7-2*04	2.7e-05	0.24243421593535905
CSARPTSTGELFF	TRBV20-1*01	2.7e-05	0.9541198156089727
CASSFSSGYTF	TRBV28*01	2.7e-05	0.1712810529699535
CASSPSHEQFF	TRBV28*01	2.7e-05	0.2442468226139798
CATSSLGYTF	TRBV10-3*01	2.7e-05	0.25482792391857734
CASSVGTRGSGTNTGELFF	TRBV9*01	2.7e-05	0.5746342463471955
CASSRGTGWTGGDYGYTF	TRBV4-1*01	2.7e-05	0.6754283123891107
CASSPRGSSDSNQPQHF	TRBV18*01	2.7e-05	0.17233053042931545
CASTSGGQGGSSYEQYF	TRBV28*01	2.7e-05	0.209591938370198
CASSLSPAQGNYNEQFF	TRBV27*01	2.7e-05	0.46456870071600304
CASSPSMPQEGGNTIYF	TRBV9*03	2.7e-05	0.653439091112526
CASRVGGSQLVLYEQYF	TRBV28*01	2.7e-05	0.7031240161234634
CATPSSRDSPNTEAFF	TRBV2*01	2.7e-05	0.7703417290165331
CASSSSHPDLNTEAFF	TRBV18*01	2.7e-05	0.5676004872640938
CASSSLLGSSYNEQFF	TRBV27*01	2.7e-05	0.254871162486117
CASSYRLAGDTGELFF	TRBV6-5*01	2.7e-05	0.36307784175167185
CASSQDPGGSSYEQYF	TRBV4-1*01	2.7e-05	0.3374906045696991
CSADKPRDSRSYEQYF	TRBV20-1*05	2.7e-05	0.8704842546029629
CSARDPGTSVYNEQFF	TRBV20-1*01	2.7e-05	0.9485105997401861
CATSRGGASGNIQYF	TRBV24-1*01	2.7e-05	0.6562290829123872
CASSYYGGSYNEQFF	TRBV19*01	2.7e-05	0.39649944541231175
CASSIRGQGNYGYTF	TRBV19*01	2.7e-05	0.16637100171974362
CASVSQGALNTEAFF	TRBV28*01	2.7e-05	0.5753074789135804
CASSLTPGRPYEQYF	TRBV27*01	2.7e-05	0.5974930002472282
CASSGLAGGTDTQYF	TRBV6-1*01	2.7e-05	0.15786419687068298
CASSRVRDVQETQYF	TRBV6-6*05	2.7e-05	0.6048198209330689
CASSQVGVRDEKLFF	TRBV3-1*01	2.7e-05	0.8135190271363485
CASSVGTGSGYGYTF	TRBV9*01	2.7e-05	0.16935781351416257
CASRIGQGETDTQYF	TRBV2*01	2.7e-05	0.41783340292643295
CASSFGGPSYNEQFF	TRBV5-1*01	2.7e-05	0.5183623702457554
CASSLGDPRTGELFF	TRBV5-1*01	2.7e-05	0.49921974230564164
CASSTSGGYTGELFF	TRBV5-1*01	2.7e-05	0.21183309489534394
CSARSVRNPNHEQYF	TRBV20-1*05	2.7e-05	0.9551204050689982
CSARRQGAPGNTIYF	TRBV20-1*01	2.7e-05	0.8763769741384951
CSARAGQGSNQPQHF	TRBV20-1*01	2.7e-05	0.755770274772729
CSVVSRTSGSYEQYF	TRBV29-1*01	2.7e-05	0.7796462687321187
CAAPSEGRSYEQYF	TRBV7-2*01	2.7e-05	0.6441579308777176
CAISGTLGHNEQFF	TRBV10-3*01	2.7e-05	0.8814761805598744
CAISESGGSYEQYF	TRBV10-3*01	2.7e-05	0.344905252498231
CAISESTSLDEQYF	TRBV10-3*01	2.7e-05	0.8079529643484592
CATRPTATNEKLFF	TRBV7-9*01	2.7e-05	0.8079495608579572
CASSQQGRGYGYTF	TRBV18*01	2.7e-05	0.2345550624293259
CASQGQTNTGELFF	TRBV11-3*01	2.7e-05	0.3932304182464901
CASVYGGTNEKLFF	TRBV6-6*04	2.7e-05	0.43751086115402593
CASGGQVLNYGYTF	TRBV28*01	2.7e-05	0.682257558634785
CASSLGTSGRSQFF	TRBV28*01	2.7e-05	0.6063255282573488
CASSHTGGSEKLFF	TRBV27*01	2.7e-05	0.20806713976244842
CASSLGTLENIQYF	TRBV9*01	2.7e-05	0.6974198139803245
CASSLRETSGEQYF	TRBV7-8*01	2.7e-05	0.36942845705287575
CASSLGQTLGEQYF	TRBV11-2*01	2.7e-05	0.6658234049149234
CASSPWDSQETQYF	TRBV11-2*01	2.7e-05	0.6806714922416508
CASSRQGAPYGYTF	TRBV3-1*01	2.7e-05	0.3711844297266909
CASSEAVITGELFF	TRBV7-9*04	2.7e-05	0.41001621714981135
CASSEETANTEAFF	TRBV7-8*01	2.7e-05	0.2687643843680223
CASSLKVPGLEQYF	TRBV5-1*01	2.7e-05	0.8999127657892061
CASSYGLSTDTQYF	TRBV5-1*01	2.7e-05	0.36703824976829214
CASSLGGSAYEQYF	TRBV4-1*01	2.7e-05	0.20793748822010416
CSARSRALWNEQFF	TRBV20-1*04	2.7e-05	0.9699388532777165
CAAQVGTHTEAFF	TRBV10-3*01	2.7e-05	0.919533083424473
CATSAGGGNTIYF	TRBV24-1*01	2.7e-05	0.2929825893924087
CASSIGLAYEQFF	TRBV19*01	2.7e-05	0.3883344337329919
CASSDGDSYEQYF	TRBV9*01	2.7e-05	0.18940330714156187
CASSFEGGETQYF	TRBV5-1*01	2.7e-05	0.4135467376816753
CASSRTLNTEAFF	TRBV4-1*01	2.7e-05	0.19491069470673955
CASREVGGTEAFF	TRBV10-2*01	2.7e-05	0.11952713447045145
CSASRDRAYEQYF	TRBV20-1*02	2.7e-05	0.7609763553539529
CSARRQLNEKLFF	TRBV20-1*01	2.7e-05	0.9506665799534988
CSARRSSSYEQYF	TRBV20-1*01	2.7e-05	0.7459716381236177
CSAEGQGNYGYTF	TRBV20-1*01	2.7e-05	0.6084941005845833
CATGRENGELFF	TRBV6-1*01	2.7e-05	0.5451818533122299
CASRPFRDTQYF	TRBV19*01	2.7e-05	0.6212425670804401
CASTGPNQPQHF	TRBV28*01	2.7e-05	0.1682461732871372
CASSGISGEQYF	TRBV9*01	2.7e-05	0.32627950454680266
CASSLAGNEQFF	TRBV11-3*01	2.7e-05	0.18531006491363716
CASTRSTEAFF	TRBV6-1*01	2.7e-05	0.11076923795570297
CASRYTGGYTF	TRBV2*02	2.7e-05	0.16077966482706324
CASSSGLKGGGVTLWGLAGNEQFF	TRBV27*01	2.7e-05	0.9871519011012859
CASSVNGGLLLWGNTEAFF	TRBV28*01	2.7e-05	0.8364629996620616
CATSRDAVSGLSYNEQFF	TRBV15*01	2.7e-05	0.7960667324840125
CASSIPKGTGSSYNEQFF	TRBV19*01	2.7e-05	0.5881288657273067
CASSPPSRGVRTGELFF	TRBV18*01	2.7e-05	0.8983550520461714
CASSFKGTGLSGNTIYF	TRBV11-3*01	2.7e-05	0.6535588073806352
CASSSYPRGRANQPQHF	TRBV7-8*01	2.7e-05	0.534416339540681
CASRGRDGGLMNTEAFF	TRBV28*01	2.7e-05	0.5455800058145349
CASSLEGAVSNTGELFF	TRBV5-1*01	2.7e-05	0.3896275528401176
CSARLQTERLSPYEQYF	TRBV20-1*02	2.7e-05	0.9848284947667691
CATSDPDSRSYNEQFF	TRBV24-1*01	2.7e-05	0.5605654887555721
CASSEGVAGGDEKLFF	TRBV6-1*01	2.7e-05	0.37253071310877106
CASSLFRGQGRYEQYF	TRBV5-1*01	2.7e-05	0.5770433703842667
CAWSVLGTRGNEQFF	TRBV30*01	2.7e-05	0.8930984428927545
CATSDSGPGKGKLFF	TRBV24-1*01	2.7e-05	0.8384844308148098
CATSAGTSGAYEQYF	TRBV15*02	2.7e-05	0.31807860441971464
CATSRVSEPNQPQHF	TRBV15*01	2.7e-05	0.6503648741048508
CATAGEGSYNSPLHF	TRBV28*01	2.7e-05	0.5327655720786535
CASSSLRGFPPQQFF	TRBV6-5*01	2.7e-05	0.94779461837754
CASSSRDRGYTEAFF	TRBV27*01	2.7e-05	0.36100505800177696
CASSGQGARNQPQHF	TRBV6-2*01	2.7e-05	0.2270832407765487
CASSGPLHSGNTIYF	TRBV2*01	2.7e-05	0.4311797826498134
CASSFGARGASGYTF	TRBV7-2*01	2.7e-05	0.6522981562808846
CASSRTSGSSYEQYF	TRBV11-2*01	2.7e-05	0.12745685678502838
CASSQEGRKDTEAFF	TRBV6-6*05	2.7e-05	0.6232950487089834
CASSLGLYSNQPQHF	TRBV5-1*01	2.7e-05	0.14694938821609482
CASSLDPSGLYEQYF	TRBV5-1*01	2.7e-05	0.3818876083287859
CASSPPPGQGNEQYF	TRBV4-1*01	2.7e-05	0.46483927690270965
CASSQHRDRGHEQYF	TRBV4-1*01	2.7e-05	0.6022201464991069
CASSQVGRENQPQHF	TRBV4-1*01	2.7e-05	0.3657231572548452
CSARVASWGTGELFF	TRBV20-1*01	2.7e-05	0.9490507421266331
CAWSAARNLGELFF	TRBV30*01	2.7e-05	0.9264303849608395
CAISEGGNRYEQYF	TRBV10-3*01	2.7e-05	0.5201071708848614
CATSERGSYNEQFF	TRBV24-1*01	2.7e-05	0.2994154230275968
CASGRALAKNIQYF	TRBV2*01	2.7e-05	0.8839248478978063
CASSGGSGANVLTF	TRBV2*01	2.7e-05	0.10093072947191165
CASSLWGSNQPQHF	TRBV5-5*01	2.7e-05	0.22342781558633057
CASSSRPRGPGYTF	TRBV11-2*01	2.7e-05	0.5723032325226148
CASSHLDRTGELFF	TRBV3-1*01	2.7e-05	0.6155597053525486
CASSHRGLYTEAFF	TRBV27*01	2.7e-05	0.5225044405340298
CASSQDRTGYGYTF	TRBV4-2*01	2.7e-05	0.2048190666947643
CASNVAGAQNIQYF	TRBV28*01	2.7e-05	0.5895763254202552
CASSQLILGSPLHF	TRBV4-1*01	2.7e-05	0.7670633704085621
CSVVDSPGPYEQYF	TRBV20-1*01	2.7e-05	0.9431165577869945
CASSLGGNQPQHF	TRBV7-9*01	2.7e-05	0.07435900729855274
CASSLQPHNEQFF	TRBV9*03	2.7e-05	0.5997252789242087
CASSPTANTEAFF	TRBV11-2*01	2.7e-05	0.16021611191623814
CSAKSEVAGELFF	TRBV20-1*01	2.7e-05	0.9430194760252981
CASSIAGGPEFF	TRBV6-6*03	2.7e-05	0.5634842770335169
CASSATNYGYTF	TRBV5-4*01	2.7e-05	0.089122498578561
CASSGRDTQYF	TRBV9*01	2.7e-05	0.14610486989108995
CASSRDTQYF	TRBV7-9*06	2.7e-05	0.14595659557229002
CASSQDRGLASLTYEQYF	TRBV3-1*01	2.7e-05	0.6165890418451889
CAISGGEKREATYEQYF	TRBV10-3*01	2.7e-05	0.6999306611408351
CAWRFGCGRECHEQYF	TRBV30*01	2.7e-05	0.9753831970356523
CASSPPQGTNTGELFF	TRBV18*01	2.7e-05	0.4174745299592738
CASSSRLAGGTDTQYF	TRBV27*01	2.7e-05	0.3274888645115734
CASSVAPSRSGDGYTF	TRBV9*01	2.7e-05	0.8505245829532226
CASSLEGRPSYNEQFF	TRBV5-1*01	2.7e-05	0.4754979663967154
CASSSTSGRAYNEQFF	TRBV5-1*01	2.7e-05	0.43314121838358216
CASSLDKGGPGSPLHF	TRBV4-1*01	2.7e-05	0.7086613186370964
CASSPKRSPGYNEQFF	TRBV10-1*01	2.7e-05	0.8257072713755915
CASSFIVRGAGEQFF	TRBV27*01	2.7e-05	0.8544392997541794
CASSEDGYSGNTIYF	TRBV2*01	2.7e-05	0.4492826241379171
CASSLVGGRGPGYTF	TRBV7-2*01	2.7e-05	0.4421182701559098
CASRLATGAEGEQYF	TRBV6-6*05	2.7e-05	0.5263668012618467
CASRATGKGYNEQFF	TRBV2*01	2.7e-05	0.5829359175824655
CASSFSGASTDTQYF	TRBV5-1*01	2.7e-05	0.3640799313865771
CASSLDGSSNQPQHF	TRBV5-1*01	2.7e-05	0.16258739044852766
CASSQGWDRGNEQFF	TRBV5-1*01	2.7e-05	0.839673764118723
CSARQGFGGTYEQYF	TRBV20-1*02	2.7e-05	0.8624150367501605
CATARLAGADTQYF	TRBV15*02	2.7e-05	0.5812948940747683
CASSPGQGSGEQYF	TRBV18*01	2.7e-05	0.29286914813630094
CASSFRDAQETQYF	TRBV9*01	2.7e-05	0.7446133160910072
CASSLVGTDEKLFF	TRBV7-9*01	2.7e-05	0.2897652638011226
CASSRDSMNTEAFF	TRBV3-1*01	2.7e-05	0.23822841453833418
CASRGSPVVAGYTF	TRBV28*01	2.7e-05	0.6852405384213287
CASRQGGSGNTIYF	TRBV7-9*01	2.7e-05	0.16828711507546046
CASSQPTGIDEQYF	TRBV4-1*01	2.7e-05	0.6722741959017848
CSAAGDRENTEAFF	TRBV20-1*01	2.7e-05	0.7198485766817914
CAGSGRAVNEQFF	TRBV30*01	2.7e-05	0.6803664027775598
CASVTGFRDTQYF	TRBV6-1*01	2.7e-05	0.8301003347110445
CASGPTVQETQYF	TRBV7-9*01	2.7e-05	0.7913423133752004
CASSFGGGGELFF	TRBV28*01	2.7e-05	0.22921382833275297
CASSLTGDEKLFF	TRBV6-5*01	2.7e-05	0.2618038644465464
CASSLEGVGEQFF	TRBV6-6*04	2.7e-05	0.31711467256425063
CASSPRGTEAFF	TRBV18*01	2.7e-05	0.1807245420651761
CASSDWGPGYTF	TRBV2*01	2.7e-05	0.3960019001489685
CASSRGWETQYF	TRBV3-1*01	2.7e-05	0.5408987949196553
CASSLGREGYTF	TRBV11-2*01	2.7e-05	0.22499477973620094
CSARSNEQFF	TRBV20-1*05	2.7e-05	0.7450953752467907
CASSLGAGGRYNEQFF	TRBV28*01	2.7e-05	0.24164004532556502
CASSQERRGQHYGYTF	TRBV3-1*01	2.7e-05	0.4908257477941955
CASSPQGPSYNEQFF	TRBV27*01	2.7e-05	0.34261434379388434
CASSQVGAQDNEQFF	TRBV4-2*01	2.7e-05	0.8651406260187039
CASSFLRGSSYEQYF	TRBV5-1*01	2.7e-05	0.2582746709833281
CSARDLADPYNEQFF	TRBV20-1*01	2.7e-05	0.9356332970816374
CASSLRFTHEQYF	TRBV5-8*01	2.7e-05	0.6546275751160725
CASGLSQETQYF	TRBV2*01	2.7e-05	0.5621771097211891
CASSFRDPRADTQYF	TRBV28*01	2.7e-05	0.8322962459870465
CASGAGGVNTQYF	TRBV28*01	2.7e-05	0.43037845532581787
CASSLSQFTDTQYF	TRBV27*01	2.6e-05	0.39557559586629454
CASSPISAEAYEQYF	TRBV11-2*01	2.6e-05	0.4830318904036152
CASSLQGRGDTQYF	TRBV7-3*01	2.6e-05	0.33609253167683806
CSARGLRAVAEAFF	TRBV20-1*01	2.6e-05	0.9877820593288086
CSARVVQGFTEAFF	TRBV20-1*01	2.6e-05	0.9369624778328663
CASSPIVDGEQFF	TRBV11-2*01	2.6e-05	0.7027476101237249
CATGLAGNTQYF	TRBV28*01	2.6e-05	0.39751275023681465
CASRRQGESYNSPLHF	TRBV28*01	2.6e-05	0.5397263284199543
CASSQDPGLASYEQYF	TRBV4-1*01	2.6e-05	0.47262629731392053
CASSPPATRGDEQYF	TRBV18*01	2.6e-05	0.9172295059086792
CASSLHRDPAYEQYF	TRBV7-8*01	2.6e-05	0.5341237244819153
CASSQVRGNNQPQHF	TRBV4-1*01	2.6e-05	0.4135586058337924
CASSDPNLEDEAFF	TRBV6-1*01	2.6e-05	0.8483583762065787
CASSTPGTNEKLFF	TRBV2*02	2.6e-05	0.3549304719796541
CASRRSTGGTEAFF	TRBV5-1*01	2.6e-05	0.18224495211400085
CSARVTSGSYEQYF	TRBV20-1*01	2.6e-05	0.9219236196675162
CASSIGIGRPSSGNTIYF	TRBV19*01	2.6e-05	0.5059287190699393
CAIMGLPGLFGANVLTF	TRBV10-3*01	2.6e-05	0.934178378255636
CAISESRASGSYEQYF	TRBV10-3*01	2.6e-05	0.33702539503783047
CATAGTYFSGANVLTF	TRBV10-3*01	2.6e-05	0.8963454219926505
CASSDRWDRGNQPQHF	TRBV6-6*03	2.6e-05	0.7844246339910019
CASSSTGGSTNEKLFF	TRBV7-2*01	2.6e-05	0.19850475208498453
CASSSYPLAGGGEQYF	TRBV13*01	2.6e-05	0.5446829746763223
CASSTIIQGNYEQYF	TRBV6-6*03	2.6e-05	0.5158835719772525
CASSARSYSNQPQHF	TRBV9*03	2.6e-05	0.13747061405994793
CASRGRGERAYEQYF	TRBV6-2*01	2.6e-05	0.43826522908385923
CASSSLAGGPNEQFF	TRBV5-1*01	2.6e-05	0.37301732941371696
CASCFDGLEGKLFF	TRBV28*01	2.6e-05	0.9745001330025852
CASSLRGNTDTQYF	TRBV28*01	2.6e-05	0.25057906210063136
CASRRDIPLEPQHF	TRBV6-2*01	2.6e-05	0.9008694150340483
CASSLRDRMVLHF	TRBV19*03	2.6e-05	0.8746994471040422
CASRGLGAYEQYF	TRBV27*01	2.6e-05	0.21599487992852534
CASRNRVTGELFF	TRBV6-2*01	2.6e-05	0.5764896665320103
CAIRMGATEAFF	TRBV10-3*01	2.6e-05	0.7406394182774342
CASSLRGQNYTF	TRBV7-3*01	2.6e-05	0.3191191957049976
CASSPDLYGYTF	TRBV5-1*01	2.6e-05	0.2071002185550889
CASEIVGQQYF	TRBV11-3*01	2.6e-05	0.5113985306561439
CASSQTRVAFSTDTQYF	TRBV28*01	2.6e-05	0.9103976976413996
CASSTPRGRGNTEAFF	TRBV19*01	2.6e-05	0.5338140168908899
CASSYTSGGILNEQFF	TRBV6-5*01	2.6e-05	0.7424967566539163
CASSLGVGGGANVLTF	TRBV11-3*01	2.6e-05	0.1596895397357398
CASSPGQGASYEQYF	TRBV18*01	2.6e-05	0.1810354521248121
CASSSWTDSNQPQHF	TRBV27*01	2.6e-05	0.3395953321359862
CASSDARDGSYEQYF	TRBV2*01	2.6e-05	0.27915745389413577
CASSLLQASNYGYTF	TRBV13*01	2.6e-05	0.399683207882593
CASSLGEGGAYGYTF	TRBV7-6*01	2.6e-05	0.17547888815157991
CASSPTGAPAHEQYF	TRBV27*01	2.6e-05	0.6800071808701073
CASSLEQGASYEQYF	TRBV5-1*01	2.6e-05	0.16112762687412926
CASSPRGRGLYEQYF	TRBV5-1*01	2.6e-05	0.30006304202688294
CASSHEMRYRAPLHF	TRBV4-1*01	2.6e-05	0.9724704693910045
CAWSSGGWANVLTF	TRBV30*01	2.6e-05	0.5166244151796615
CASRSEEGVDTQYF	TRBV2*01	2.6e-05	0.3755067085898343
CASSLVGITGELFF	TRBV27*01	2.6e-05	0.2604687890548402
CASRDRATYNEQFF	TRBV28*01	2.6e-05	0.4488495406704005
CASRNLAPGETQYF	TRBV2*01	2.6e-05	0.8306539585987026
CASRPGQGSEKLFF	TRBV5-1*01	2.6e-05	0.33308597981971694
CSAVDWVYATEAFF	TRBV20-1*01	2.6e-05	0.9629204968499545
CASSQGTGREQYF	TRBV6-6*05	2.6e-05	0.36191174835592693
CASSGTGLYEQYF	TRBV27*01	2.6e-05	0.19067786458528835
CASASGNPYEQYF	TRBV5-1*02	2.6e-05	0.5081761641138389
CASSESQGQPQHF	TRBV10-1*01	2.6e-05	0.20229910495007972
CASSVEGGPQHF	TRBV9*01	2.6e-05	0.11236175580090639
CSARQGSYGYTF	TRBV20-1*01	2.6e-05	0.7327329803850801
CASSYSISGRLSSYNEQFF	TRBV6-2*01	2.6e-05	0.8144743595492517
CASSTRLQGDASNQPQHF	TRBV19*01	2.6e-05	0.5580669566060223
CASSIEGRTASGNTIYF	TRBV19*01	2.6e-05	0.4954064625987478
CASSGTPGLAGRYEQYF	TRBV27*01	2.6e-05	0.6000325694547403
CASRAEGQDASNQPQHF	TRBV6-6*05	2.6e-05	0.455486700095712
CASTRTSGSLDNEQFF	TRBV2*01	2.6e-05	0.8720385224075918
CASSSRTGGKADTQYF	TRBV27*01	2.6e-05	0.5670406163507606
CASSVRGQQLNTEAFF	TRBV6-1*01	2.6e-05	0.41400660429024
CASSLGTSGRMYEQFF	TRBV11-2*01	2.6e-05	0.6377018728060344
CASSPWVAGGIYEQYF	TRBV5-1*01	2.6e-05	0.5467164090459696
CASSQGLALAGNTIYF	TRBV4-1*01	2.6e-05	0.3946567275531897
CASRRDRGPGQPQHF	TRBV19*01	2.6e-05	0.3388202575306514
CASGPGAGVADTIYF	TRBV9*01	2.6e-05	0.8333158858638479
CASSFTHIAKNIQYF	TRBV28*01	2.6e-05	0.9210527758380521
CASSWTSVPTDTQYF	TRBV7-2*01	2.6e-05	0.8159782687658901
CASSYRGEGTGEAFF	TRBV6-5*01	2.6e-05	0.47101382280192705
CASSDKGPGANVLTF	TRBV6-1*01	2.6e-05	0.3965609618776035
CASSRTKSSYNEQFF	TRBV7-8*03	2.6e-05	0.6562593634783854
CASSQGPGGTGELFF	TRBV3-1*01	2.6e-05	0.21742079292342262
CASRRTDPNTGELFF	TRBV6-1*01	2.6e-05	0.5389445722435492
CASSQGTIDNYGYTF	TRBV4-1*01	2.6e-05	0.4901516957252226
CASSQEEGPYNEQFF	TRBV4-1*01	2.6e-05	0.4355767939139362
CASSVWTGYTGELFF	TRBV5-1*01	2.6e-05	0.6043452074492479
CSARGLGAATYEQYF	TRBV20-1*01	2.6e-05	0.8720389480789004
CAWSVGQGGSPLHF	TRBV30*01	2.6e-05	0.6815445006571447
CASSYGQINEKLFF	TRBV6-5*01	2.6e-05	0.35356109271283825
CASSLPPPQETQYF	TRBV6-2*01	2.6e-05	0.5998243675652897
CASSEERGMETQYF	TRBV2*01	2.6e-05	0.49938594580765944
CASSFEGNTGELFF	TRBV2*01	2.6e-05	0.2043611467337282
CASSSRTGPYEQYF	TRBV9*03	2.6e-05	0.22612722124265824
CASSSDRGWNEQYF	TRBV7-9*01	2.6e-05	0.4196410999327282
CARDQGPTSGEQYF	TRBV2*01	2.6e-05	0.6725610961185894
CASSSSTVNTEAFF	TRBV5-1*01	2.6e-05	0.18273797751311688
CSVIAGVVYNEQFF	TRBV20-1*02	2.6e-05	0.9483040179043287
CSAREARASGELFF	TRBV20-1*01	2.6e-05	0.9683209364036399
CSVIDRSVIYGYTF	TRBV29-1*01	2.6e-05	0.9310082733796863
CATSLSRAGRAFF	TRBV15*02	2.6e-05	0.8286298225188702
CASSEAPNTEAFF	TRBV6-1*01	2.6e-05	0.16308044640351355
CASSLASTYEQYF	TRBV11-2*01	2.6e-05	0.16246096069949464
CASSLIPGAEAFF	TRBV7-3*01	2.6e-05	0.5519852584428426
CSARLPGVYEQYF	TRBV20-1*05	2.6e-05	0.8825581113962118
CASIHEGPEAFF	TRBV6-1*01	2.6e-05	0.8322901060554317
CASSSRGLEQYF	TRBV5-1*01	2.6e-05	0.36518478419155675
CSLDASSYEQYF	TRBV20-1*01	2.6e-05	0.6659981512632682
CATSWGWRTGVSDEQYF	TRBV15*02	2.6e-05	0.9576408758074801
CASSYSPLDMNDGELFF	TRBV6-5*01	2.6e-05	0.9591608780486335
CASSPRGGGALGEPQHF	TRBV7-2*01	2.6e-05	0.6960898307311213
CASSQVPGTSGYNEQFF	TRBV5-1*01	2.6e-05	0.5785472418863881
CSAIQREDPYTYNEQFF	TRBV20-1*04	2.6e-05	0.9863737948362732
CAISETGHLNTGELFF	TRBV10-3*01	2.6e-05	0.7645534343424308
CASSPGLAGVTGELFF	TRBV19*01	2.6e-05	0.384426774904377
CASSSPGTGGGNTIYF	TRBV28*01	2.6e-05	0.21510513590438488
CASSPLTGATNEKLFF	TRBV28*01	2.6e-05	0.34437090044260243
CASSDPSGSSYNEQFF	TRBV6-1*01	2.6e-05	0.26115791387429604
CASSDRTGISNYGYTF	TRBV27*01	2.6e-05	0.5692170897397223
CASSFQPGQGVDEQYF	TRBV7-9*01	2.6e-05	0.45473666860135536
CASRPVYGSMNTEAFF	TRBV5-1*01	2.6e-05	0.8222586041316373
CAIQGGGLGNSPLHF	TRBV28*01	2.6e-05	0.7334748251555441
CASSMGSSGGYGYTF	TRBV19*01	2.6e-05	0.23170054184731165
CASRGRAGPGNTIYF	TRBV19*01	2.6e-05	0.38351582846354704
CASSSGGSTNEKLFF	TRBV28*01	2.6e-05	0.19764068351224515
CASSPEPGLGAEAFF	TRBV6-6*04	2.6e-05	0.8401081601697398
CASSASQGRGPEQFF	TRBV6-1*01	2.6e-05	0.8021543730427824
CASSEGVAVLGPQHF	TRBV6-1*01	2.6e-05	0.7346028996342121
CASSEGGSSTDTQYF	TRBV6-1*01	2.6e-05	0.19572030553015976
CASSPRGAAAGELFF	TRBV3-1*01	2.6e-05	0.588846330097384
CASSRGGGTNTEAFF	TRBV27*01	2.6e-05	0.14099737825556902
CASSHRLAGPGELFF	TRBV7-6*02	2.6e-05	0.879513023639583
CASSQGGTGSTEAFF	TRBV3-1*01	2.6e-05	0.15411001889256895
CASRLAGGPHNEQFF	TRBV6-5*01	2.6e-05	0.46704664221203845
CASRSGGQGQRGYTF	TRBV6-1*01	2.6e-05	0.4013597622327225
CASKRGPLAKNIQYF	TRBV28*01	2.6e-05	0.7741135684654339
CSAPDRSANTGELFF	TRBV20-1*01	2.6e-05	0.8159394400670134
CSARLTGVGTGELFF	TRBV20-1*01	2.6e-05	0.8857278896249707
CSARDLAGGRETQYF	TRBV20-1*01	2.6e-05	0.9508229782800057
CAWGLAGGQETQYF	TRBV30*05	2.6e-05	0.7496720498182
CATLITSEGDEQFF	TRBV2*01	2.6e-05	0.9651336615902699
CASSLDRTTGELFF	TRBV18*01	2.6e-05	0.26105639596663477
CASSYRVRDSPLHF	TRBV6-5*01	2.6e-05	0.9235163672348663
CASSGQGRGQPQHF	TRBV2*01	2.6e-05	0.1544354457724974
CASSESRTVTEAFF	TRBV2*03	2.6e-05	0.48620458735271943
CASSLGVLNEKLFF	TRBV7-8*01	2.6e-05	0.25954929307114316
CASSPSRQSYGYTF	TRBV11-2*01	2.6e-05	0.2312180710075266
CASSRVGANNEQFF	TRBV11-3*01	2.6e-05	0.40004647391451037
CASSQVGQGYGYTF	TRBV4-2*01	2.6e-05	0.24106059722217157
CASSQRGPPYGYTF	TRBV3-1*01	2.6e-05	0.5651586030097072
CARLAGGPDNEQFF	TRBV2*01	2.6e-05	0.6587872300446849
CASSKPGQSYEQYF	TRBV4-1*01	2.6e-05	0.19623968361932587
CASRVAGEYGELFF	TRBV5-1*01	2.6e-05	0.47480946398490886
CSAYKTGGWETQYF	TRBV20-1*01	2.6e-05	0.985132147034778
CSAGGQGSNQPQHF	TRBV20-1*01	2.6e-05	0.6271133772510232
CAWSAGHTDTQYF	TRBV30*01	2.6e-05	0.595961848625904
CAWSRQGNQPQHF	TRBV30*01	2.6e-05	0.19968913037896902
CAGGGQGATEAFF	TRBV10-3*01	2.6e-05	0.5768438770627752
CATSEGPTNEQFF	TRBV24-1*01	2.6e-05	0.5994024599790937
CASMEQANTEAFF	TRBV2*01	2.6e-05	0.5194047594187619
CASTPDRAREQYF	TRBV28*01	2.6e-05	0.7512365119490458
CASSELRDTVLTF	TRBV6-4*01	2.6e-05	0.6115336202525429
CASSERSSGELFF	TRBV6-1*01	2.6e-05	0.1345335958486598
CASSTRDVDEQFF	TRBV6-6*03	2.6e-05	0.3314977461372375
CASSRQGPQPQHF	TRBV6-6*04	2.6e-05	0.3329207449342159
CASNSGEDYGYTF	TRBV7-3*01	2.6e-05	0.13769174900902797
CARGTGDSPLHF	TRBV2*01	2.6e-05	0.45690483370721047
CATLLSGNTIYF	TRBV2*01	2.6e-05	0.38852664511164986
CATSIHYNEQFF	TRBV15*02	2.6e-05	0.6100526034581382
CASTTGSGEQYF	TRBV27*01	2.6e-05	0.28107079879019914
CASHSVAGELFF	TRBV27*01	2.6e-05	0.4779392749359057
CASSLAKGPQHF	TRBV7-9*01	2.6e-05	0.3507625459730028
CASSTGDEKLFF	TRBV6-6*03	2.6e-05	0.25403312837822783
CSVGELLAFF	TRBV29-1*01	2.6e-05	0.5762628507460177
CASSPLRFIRPGGSDEQYF	TRBV18*01	2.6e-05	0.9800437697009365
CASSPWERSTGWIHYEQYF	TRBV9*01	2.6e-05	0.8426774774755329
CASKGTSGSFGSTDTQYF	TRBV6-2*01	2.6e-05	0.6906911891669798
CASSLRTMDAGNYGYTF	TRBV5-6*01	2.6e-05	0.6384125101661666
CSARGPPGQGGSYEQYF	TRBV20-1*01	2.6e-05	0.947412937434712
CAWSSTSRGSYNEQFF	TRBV30*01	2.6e-05	0.6644561712246614
CAWSGEGAGKGSPLHF	TRBV30*01	2.6e-05	0.7887973071973526
CAISERLGMNTGELFF	TRBV10-3*01	2.6e-05	0.8292051824892103
CASSRHRDRGYNEQFF	TRBV19*03	2.6e-05	0.7835126349087491
CASSPLVPWAGNTIYF	TRBV18*01	2.6e-05	0.864201032532597
CASTPGQGKYRNTIYF	TRBV7-3*01	2.6e-05	0.806201770982797
CASSSLTSGSSETQYF	TRBV27*01	2.6e-05	0.3191955727512641
CASSDEVWAPYSPLHF	TRBV6-1*01	2.6e-05	0.9726244380692196
CASSLQGQSSGNTIYF	TRBV11-2*01	2.6e-05	0.17300653420897819
CASSLGGAGVIDTQYF	TRBV7-2*01	2.6e-05	0.6227541538038864
CASSVSGGVGGAGAFF	TRBV9*01	2.6e-05	0.8878735602305916
CASSTSITGGGETQYF	TRBV9*03	2.6e-05	0.46710139276326434
CASSHSPGGSNYGYTF	TRBV4-1*01	2.6e-05	0.40620330847891584
CASLKWEGRQETQYF	TRBV2*01	2.6e-05	0.8724951832912606
CASTETGPLNEKLFF	TRBV6-6*05	2.6e-05	0.7414120444128204
CASSLSALGTDTQYF	TRBV28*01	2.6e-05	0.4835083276394909
CASSLGQGANEKLFF	TRBV28*01	2.6e-05	0.17085837409674792
CASSSYGTSLNEQFF	TRBV28*01	2.6e-05	0.8569069552252967
CASSYGTGAGYGYTF	TRBV6-5*01	2.6e-05	0.34229504055296733
CASSDPLPSYNEQFF	TRBV6-4*01	2.6e-05	0.6520550107715217
CASSEFGQGGDTQYF	TRBV6-1*01	2.6e-05	0.2636156424085409
CASSLLRGRETEAFF	TRBV7-8*01	2.6e-05	0.4970833580214096
CASSLRQANNSPLHF	TRBV5-5*01	2.6e-05	0.5577831946526003
CASSPGQGVLYEQYF	TRBV11-2*01	2.6e-05	0.5456412349932449
CASSLAAGQTYEQYF	TRBV5-1*01	2.6e-05	0.21869214815037688
CASRRVPEISYEQYF	TRBV5-1*01	2.6e-05	0.7795612858194205
CSARDRQGAGGELFF	TRBV20-1*01	2.6e-05	0.9203950517092132
CSAKAPGSSGNTIYF	TRBV20-1*01	2.6e-05	0.8778650280530917
CSALYGTGGSETQYF	TRBV20-1*01	2.6e-05	0.9227754864238962
CASIKGALGTEAFF	TRBV19*01	2.6e-05	0.8496201678022672
CASSPTNTYNEQFF	TRBV18*01	2.6e-05	0.4025722957016538
CASSLDRGYYEQYF	TRBV7-2*01	2.6e-05	0.18444247136007155
CASSLRTGNTEAFF	TRBV7-8*01	2.6e-05	0.1397071143928499
CASSPGAGREKLFF	TRBV3-1*01	2.6e-05	0.24174347519296033
CASSQQGVGNTIYF	TRBV4-2*01	2.6e-05	0.21251721618061997
CASSGPNSGNTIYF	TRBV9*01	2.6e-05	0.27175098867047426
CASSEPQGAGELFF	TRBV10-1*01	2.6e-05	0.3729963916813057
CASSLGGAQQGYTF	TRBV5-1*01	2.6e-05	0.3465371260485118
CASSLTGGNSPLHF	TRBV5-1*01	2.6e-05	0.17028623205621557
CASSRISGPGELFF	TRBV5-1*01	2.6e-05	0.6049779507177944
CSFLVESSGNTIYF	TRBV20-1*01	2.6e-05	0.8270532556102156
CSARDGGLTYEQYF	TRBV20-1*01	2.6e-05	0.8798995626332833
CASSPPYATGAFF	TRBV18*01	2.6e-05	0.8053530234810283
CASERGQNTEAFF	TRBV3-1*01	2.6e-05	0.18935514053554509
CASSFSTNEKLFF	TRBV28*01	2.6e-05	0.2159196523566511
CASSYRGDLEAFF	TRBV6-5*01	2.6e-05	0.5957238652523027
CASSPPGRDTQYF	TRBV28*01	2.6e-05	0.442248102773077
CASSVTTGETQYF	TRBV6-1*01	2.6e-05	0.36122743294094983
CASSDRESYEQYF	TRBV28*01	2.6e-05	0.20389121673460414
CASSSGTGDEQYF	TRBV5-6*01	2.6e-05	0.2024849817357861
CASSSRQGVEQYF	TRBV7-9*01	2.6e-05	0.3391432274380787
CASSLVGAGELFF	TRBV7-2*01	2.6e-05	0.2875142573102988
CASSVADYNEQFF	TRBV9*01	2.6e-05	0.17552075278622253
CASSAGPRDTQYF	TRBV5-1*01	2.6e-05	0.27227738136424856
CSARLDLSYEQYF	TRBV20-1*04	2.6e-05	0.9232965293195317
CSARDSGTDTQYF	TRBV20-1*01	2.6e-05	0.8066212588281108
CSARLVSADTQYF	TRBV20-1*04	2.6e-05	0.9657485075411003
CSVGGQGLYEQYF	TRBV29-1*01	2.6e-05	0.6612382515264631
CATSRDDQPQHF	TRBV15*01	2.6e-05	0.2804146825427198
CASRTSLDTQYF	TRBV6-6*03	2.6e-05	0.5828108823632826
CASGNAQETQYF	TRBV3-1*01	2.6e-05	0.813873463228852
CASSARDNEQFF	TRBV9*03	2.6e-05	0.2647920150147556
CASSRQGTEAFF	TRBV5-1*01	2.6e-05	0.08921133806209366
CSVLRGARGYTF	TRBV29-1*01	2.6e-05	0.925246679958431
CASSLESGYTF	TRBV7-9*01	2.6e-05	0.17381462947325466
CASRAGYEQYF	TRBV7-2*01	2.6e-05	0.14575540456487893
CSARDAYEQYF	TRBV20-1*01	2.6e-05	0.8159837461629613
CASSLPSQRGRMGQTYEQYF	TRBV28*01	2.6e-05	0.7461455637833507
CATAPSELAGGPMGTDTQYF	TRBV10-1*01	2.6e-05	0.8584163354550918
CASSLGVAGVGYTGELFF	TRBV11-2*01	2.6e-05	0.4865380211289732
CASSQRGSGTSGYNEQFF	TRBV3-1*01	2.6e-05	0.28699447744818507
CASSYRVAGLHSYEQYF	TRBV6-5*01	2.6e-05	0.6357639624105101
CASKDRGLWERDNEQFF	TRBV6-2*01	2.6e-05	0.9882556264870117
CASSLVWGAGTQETQYF	TRBV5-1*01	2.6e-05	0.7232931619408937
CASSPGLVGGNTGELFF	TRBV5-1*01	2.6e-05	0.3350247162544271
CAWSVLGGAGTGELFF	TRBV30*01	2.6e-05	0.633476777616939
CASSLDFFSEYYGYTF	TRBV7-9*01	2.6e-05	0.5381223773080741
CASSPRGGTGANVLTF	TRBV6-6*05	2.6e-05	0.2752779338482927
CASSPGGQGVADTQYF	TRBV7-2*01	2.6e-05	0.4757923167828794
CASSFRGSGSHNEQFF	TRBV5-1*01	2.6e-05	0.5360792129635271
CASSISSRGLYEQYF	TRBV19*01	2.6e-05	0.4684235810180077
CASSPRQGRTDTQYF	TRBV18*01	2.6e-05	0.48210450926726367
CASSFQGGFTDTQYF	TRBV28*01	2.6e-05	0.47131389191574447
CASSHSGTGLYEQYF	TRBV7-8*03	2.6e-05	0.43977497595483556
CASTGPGGYNEQFF	TRBV19*01	2.6e-05	0.3158309926096697
CASSLWGDTDTQYF	TRBV27*01	2.6e-05	0.36712331861597924
CASSPGGGGTEAFF	TRBV6-6*05	2.6e-05	0.11780863931734903
CASSQAGPRDEQYF	TRBV3-1*01	2.6e-05	0.6995180730830194
CASSGQDRFTEAFF	TRBV9*01	2.6e-05	0.5335187503080963
CASSFRAQNTEAFF	TRBV5-1*01	2.6e-05	0.3783616234272266
CASSPGTENTEAFF	TRBV5-1*01	2.6e-05	0.18750030629966405
CASSRTDKPYEQYF	TRBV5-1*01	2.6e-05	0.43781792424291704
CAWSPDSARTQFF	TRBV30*01	2.6e-05	0.9674876192438916
CASSFDRNTEAFF	TRBV5-1*01	2.6e-05	0.11175042741992623
CSARQESTDTQYF	TRBV20-1*01	2.6e-05	0.9299453234668805
CASSQGTYGYTF	TRBV14*01	2.6e-05	0.09629016200410172
CASSIGQGGYTF	TRBV6-6*05	2.6e-05	0.148074745689386
CASSEDRVGGTGELFF	TRBV2*03	2.6e-05	0.36555436634286853
CASSLLAGGGTGELFF	TRBV7-2*04	2.6e-05	0.1860441150116109
CASSQQPGVSGNTIYF	TRBV4-2*01	2.6e-05	0.4191257153541113
CASSEGWAGSSYEQYF	TRBV10-2*01	2.6e-05	0.466572881644082
CASSLLGGAGNTEAFF	TRBV5-1*01	2.6e-05	0.1376130006816175
CASSLYYATNEKLFF	TRBV18*01	2.6e-05	0.2992148755972842
CASSLASGGTDTQYF	TRBV12-3*01	2.6e-05	0.20525903998632555
CASSPRVVMDEQYF	TRBV7-2*01	2.6e-05	0.7591496480774569
CASSLGDTEYEQYF	TRBV5-1*01	2.6e-05	0.18898995118855588
CASSGSGVDTQYF	TRBV18*01	2.6e-05	0.1948850495341579
CASMAQLTDTQYF	TRBV11-3*01	2.6e-05	0.8279151792108392
CASSFGSRGTQYF	TRBV27*01	2.6e-05	0.6835450905539889
CASSLFTRETQYF	TRBV28*01	2.6e-05	0.7326059856275203
CASSRTGGQPQHF	TRBV6-4*01	2.6e-05	0.09547064393605946
CASSLGGFGGYTF	TRBV5-1*01	2.6e-05	0.2743846461879993
CSAPSTSVNEQFF	TRBV20-1*01	2.6e-05	0.9012488021733337
CASSVIGGEAFF	TRBV9*01	2.6e-05	0.27457286368187467
CASSIIAASTDTQYF	TRBV19*01	2.6e-05	0.5917256164799427
CSAREGAVYEQYF	TRBV20-1*01	2.6e-05	0.8816757055869565
CASSLTAKVLFF	TRBV28*01	2.6e-05	0.6095624361821068
CASSYGSNYGYTF	TRBV6-5*01	2.5e-05	0.18644328719474834
CASSENSPSSYNEQFF	TRBV6-1*01	2.5e-05	0.7778153684727708
CASSLAGTAVGRGYTF	TRBV7-6*01	2.5e-05	0.7617684918456689
CASSPPGQGGTNTIYF	TRBV9*01	2.5e-05	0.3852006136210596
CASSLTRWGNQPQHF	TRBV27*01	2.5e-05	0.6568459798622672
CASSAWGDQRDGYTF	TRBV6-6*05	2.5e-05	0.594816662175115
CASSLVSNQPQHF	TRBV28*01	2.5e-05	0.15052654904035914
CASSLAGSQPQHF	TRBV5-1*01	2.5e-05	0.08766622368926744
CASSYYGTPIYSNQPQHF	TRBV6-5*01	2.5e-05	0.9312971172754859
CASSQSGGQGRNSPLHF	TRBV4-1*01	2.5e-05	0.44644108217838496
CASRPPSGQQNTEAFF	TRBV28*01	2.5e-05	0.5013698118927025
CASRKMGLAAYNEQFF	TRBV27*01	2.5e-05	0.8959159385058714
CASSPPGRTNEKLFF	TRBV18*01	2.5e-05	0.5531600895431082
CASSQVAGSTDEQYF	TRBV4-2*01	2.5e-05	0.4291280499598523
CASSSGFNTGELFF	TRBV18*01	2.5e-05	0.15011832287270577
CASSSGGLNTEAFF	TRBV28*01	2.5e-05	0.09550764855706108
CASRRDNANYGYTF	TRBV6-1*01	2.5e-05	0.38297088056264605
CASTKTSGEETQYF	TRBV5-1*01	2.5e-05	0.614872227554065
CASSLAGRTYGYTF	TRBV5-1*01	2.5e-05	0.18091107699412734
CAWSVGVPGELFF	TRBV30*01	2.5e-05	0.8629001060013458
CSARSGSYTEAFF	TRBV20-1*05	2.5e-05	0.8550529257371307
CSAKQPNTEAFF	TRBV20-1*01	2.5e-05	0.8234500930820341
CASGMGEQYF	TRBV6-1*01	2.5e-05	0.46199694485666987
CASSLIDSGSRFGELFF	TRBV27*01	2.5e-05	0.7770901733620679
CASSLTSGSLSYNEQFF	TRBV28*01	2.5e-05	0.481051129351749
CASSPRQGARFVGYTF	TRBV19*01	2.5e-05	0.8092181007337834
CASSLLGGTSTDTQYF	TRBV28*01	2.5e-05	0.2678992434369097
CASRPLAGGGTGELFF	TRBV5-1*01	2.5e-05	0.4398542469688228
CATSMGGDSNQPQHF	TRBV24-1*01	2.5e-05	0.3132127002438732
CASSRRHPSNQPQHF	TRBV19*01	2.5e-05	0.7690627916461049
CASTLGLASSYEQYF	TRBV6-4*01	2.5e-05	0.27962485375531015
CASSFGGENTDTQYF	TRBV28*01	2.5e-05	0.28506596816086766
CASSLLAGLNNEQFF	TRBV28*01	2.5e-05	0.4938652278644865
CASSLTGTPFQEQFF	TRBV27*01	2.5e-05	0.8185049371768945
CASSSAEGRYYEQYF	TRBV11-1*01	2.5e-05	0.34027352909924025
CASSQGREGTDTQYF	TRBV3-1*01	2.5e-05	0.22309866188954222
CASSQEAGSSYEQYF	TRBV14*01	2.5e-05	0.14834509352242306
CASSLDWDRVYGYTF	TRBV5-1*01	2.5e-05	0.6187260473559
CASSPGQGDNSPLHF	TRBV5-1*01	2.5e-05	0.19594457169378965
CAWSLGTAGEKLFF	TRBV30*01	2.5e-05	0.6511306661224175
CAISDRQMNTEAFF	TRBV10-3*01	2.5e-05	0.5999655141759476
CATSKEGGSHEQYF	TRBV15*02	2.5e-05	0.47491836886088945
CASTRGGTTQPQHF	TRBV5-8*01	2.5e-05	0.5281287321628
CASSLGGSANEQFF	TRBV28*01	2.5e-05	0.24311436431018302
CASSLTVGNTEAFF	TRBV28*01	2.5e-05	0.21845962551924256
CASSVTSEGNEQFF	TRBV6-4*01	2.5e-05	0.6303143146681417
CASSLGRKNTEAFF	TRBV7-2*01	2.5e-05	0.23744696239087135
CASSPDRFTYEQYF	TRBV9*01	2.5e-05	0.5835681613793369
CASSDRGVGYEQYF	TRBV28*01	2.5e-05	0.24430813341678592
CASRGAMTATEQYF	TRBV2*01	2.5e-05	0.8096663693499688
CASGSDRDSPLHF	TRBV7-3*01	2.5e-05	0.41082645070203455
CASSREITEKLFF	TRBV28*01	2.5e-05	0.32584963118686644
CSGEQGAGYGYTF	TRBV20-1*01	2.5e-05	0.543090111647334
CAWRGLADEQYF	TRBV30*01	2.5e-05	0.7687877350560842
CASSSGSGPQHF	TRBV5-1*01	2.5e-05	0.1340906344536513
CASSWGNEQFF	TRBV28*01	2.5e-05	0.28524319870462
CASSLSSQGASYNEQFF	TRBV27*01	2.5e-05	0.28795372434493793
CASSSLRASDGNTEAFF	TRBV28*01	2.5e-05	0.6192065915379308
CASSLEGPGTMNTEAFF	TRBV7-8*01	2.5e-05	0.6438351984902612
CSARKGGIGYSGNTIYF	TRBV20-1*01	2.5e-05	0.8971462852226972
CATSSGQGARGDGYTF	TRBV15*02	2.5e-05	0.5444223641323952
CASTNRGRLHNSPLHF	TRBV2*02	2.5e-05	0.8035651824206717
CASSSMAHRTGGELFF	TRBV28*01	2.5e-05	0.8652264179545913
CASSSHPRGGRNEQFF	TRBV7-8*01	2.5e-05	0.7814830137382116
CASSWTSGGVRDTQYF	TRBV7-8*01	2.5e-05	0.5338795633778041
CASRLWKGRNTGELFF	TRBV28*01	2.5e-05	0.9321822217373433
CASSGLAGLNTGELFF	TRBV5-1*01	2.5e-05	0.21700194974082712
CASSPRLGEGEKLFF	TRBV18*01	2.5e-05	0.6544730156418304
CASSFLQGAGNEQFF	TRBV27*01	2.5e-05	0.3868274177129231
CASSEGKLAPGELFF	TRBV2*01	2.5e-05	0.8949284964581549
CASSLEPSPLNIQYF	TRBV11-2*01	2.5e-05	0.7300446194321458
CASSQTQGVNQPQHF	TRBV4-2*01	2.5e-05	0.28765761180908517
CASSVGWQGHTEAFF	TRBV9*01	2.5e-05	0.6772250298567469
CASSGGENSYNEQFF	TRBV5-5*02	2.5e-05	0.43625645429783405
CSVVNPGVRNTEAFF	TRBV29-1*01	2.5e-05	0.9925240801795423
CAWVPGRVHQPQHF	TRBV30*05	2.5e-05	0.8649729694223037
CAWSVWPYQPEQFF	TRBV30*01	2.5e-05	0.9639558989642326
CAIRATGEGNEQFF	TRBV27*01	2.5e-05	0.8382422650396728
CASRRDHLAYGYTF	TRBV19*01	2.5e-05	0.736866221287303
CASRTKIWSEKLFF	TRBV19*01	2.5e-05	0.9251304724426441
CASSRDREYTEAFF	TRBV18*01	2.5e-05	0.37527481059699747
CASSDNRGPYEQYF	TRBV18*01	2.5e-05	0.31511530538221344
CASAQDRHNSPLHF	TRBV2*01	2.5e-05	0.6004624566120348
CASGAGGPRETQYF	TRBV2*01	2.5e-05	0.7289604034287398
CASSRDRGGNGYTF	TRBV27*01	2.5e-05	0.26428983503278275
CASSGDRTNYEQYF	TRBV2*01	2.5e-05	0.2193114602723162
CASSGTGLNTEAFF	TRBV28*01	2.5e-05	0.13345304085075152
CASSEEGGTGELFF	TRBV2*01	2.5e-05	0.14393541176390293
CASSQEQFTGELFF	TRBV3-1*01	2.5e-05	0.35651743250033013
CASSVGIFKETQYF	TRBV28*01	2.5e-05	0.7581526713451106
CASRGGAGANVLTF	TRBV28*01	2.5e-05	0.11212703315946446
CAISGQGDQPQHF	TRBV10-3*01	2.5e-05	0.2984167757197391
CATSRRRPNEQFF	TRBV15*01	2.5e-05	0.6765170032056733
CASGHRGRQPQHF	TRBV28*01	2.5e-05	0.6690342475325275
CASSFSVRNEQFF	TRBV27*01	2.5e-05	0.6385651826254334
CASRQNSNQPQHF	TRBV28*01	2.5e-05	0.33230447890106035
CASSWTGQYEQYF	TRBV5-1*01	2.5e-05	0.3367798148389826
CAIMGAGPEQYF	TRBV10-3*01	2.5e-05	0.7960570558275992
CASSAGNSPLHF	TRBV18*01	2.5e-05	0.15666659357584378
CASTRVNNEQFF	TRBV6-1*01	2.5e-05	0.5795840569151182
CASSPGQYEQYF	TRBV3-1*01	2.5e-05	0.12144024747573211
CASSMMETQYF	TRBV19*01	2.5e-05	0.6221579936384589
CSASSNSPLHF	TRBV20-1*05	2.5e-05	0.6266352327607155
CASSFATRQAPSGNYGYTF	TRBV27*01	2.5e-05	0.9399725280726212
CASRGLAGVGGGGNEQFF	TRBV19*01	2.5e-05	0.6947531346388477
CASSFRTGLRGYGYEQYF	TRBV7-8*01	2.5e-05	0.8536148018224016
CASSQERAGTLSNYGYTF	TRBV4-1*01	2.5e-05	0.7046787583610356
CASSLDGRERTNSPLHF	TRBV11-2*01	2.5e-05	0.6846111733137585
CASSPTGGGLMNTEAFF	TRBV4-2*01	2.5e-05	0.42585874564156967
CSATGGVTFAGQETQYF	TRBV20-1*01	2.5e-05	0.9588701350011952
CASSFYEGLPAGGYTF	TRBV19*01	2.5e-05	0.9397036950344286
CASSSHTRGPRDTQYF	TRBV27*01	2.5e-05	0.8957585818215028
CASSLAWGRDNQPQHF	TRBV11-2*01	2.5e-05	0.5824510569167943
CASSLTPLAGEYEQFF	TRBV7-3*01	2.5e-05	0.6475732690409924
CASSSAGTSNSYEQYF	TRBV7-2*01	2.5e-05	0.2142718181876412
CASSVDARGATGELFF	TRBV9*01	2.5e-05	0.6507676452074018
CASRNRTPANTGELFF	TRBV28*01	2.5e-05	0.794739695998353
CASSLEGLGQGAEAFF	TRBV5-1*01	2.5e-05	0.5862787788113594
CAISAGGHSGNTIYF	TRBV10-3*01	2.5e-05	0.3889959421332328
CASSNPGQGVYEQYF	TRBV18*01	2.5e-05	0.3429862116278366
CASSPYDRDDQPQHF	TRBV19*01	2.5e-05	0.648952802099616
CASSPSVGEQETQYF	TRBV18*01	2.5e-05	0.4113256509451947
CASTSRSGANQPQHF	TRBV28*01	2.5e-05	0.25289935170054056
CASTAGTVLPNEQFF	TRBV2*01	2.5e-05	0.9689151207204972
CASSFPTGTVEKLFF	TRBV28*01	2.5e-05	0.6570226532448392
CASSFRDRNTGELFF	TRBV28*01	2.5e-05	0.3620514293938857
CASSSADRSPYGYTF	TRBV27*01	2.5e-05	0.28522793582933575
CASSLRGLGANVLTF	TRBV27*01	2.5e-05	0.29659636585454163
CASSPRGSLGTEAFF	TRBV27*01	2.5e-05	0.71541982130482
CASSPPGQGGDEQFF	TRBV28*01	2.5e-05	0.5191934595754881
CASSEGTSGANVLTF	TRBV6-1*01	2.5e-05	0.09753779262965291
CASSLVSGPNQPQHF	TRBV11-3*01	2.5e-05	0.1838007308685042
CASSLVRGQVTEAFF	TRBV7-9*01	2.5e-05	0.505979193320549
CASSSGGSGGYEQYF	TRBV11-2*01	2.5e-05	0.11481192442191866
CASSSGQGLNQPQHF	TRBV7-8*01	2.5e-05	0.09911819390668537
CASSPRGGPIYEQYF	TRBV11-3*01	2.5e-05	0.4705376753858173
CASSPAGGNTGELFF	TRBV28*01	2.5e-05	0.22607853567112077
CASRHPSQPYNEQFF	TRBV5-1*01	2.5e-05	0.8275723259353538
CASSLDLAGSGELFF	TRBV5-1*01	2.5e-05	0.31171426381882994
CSASLSDGGPYEQYF	TRBV20-1*04	2.5e-05	0.8043236200618431
CASSPQAPDEKLFF	TRBV18*01	2.5e-05	0.7509208791286707
CASIEAGDGTEAFF	TRBV6-6*04	2.5e-05	0.6078428866366105
CASTLDRNTGELFF	TRBV6-6*04	2.5e-05	0.2751446305654766
CASSYSTGNTEAFF	TRBV6-2*01	2.5e-05	0.126062174968197
CASSYETGGYEQYF	TRBV6-5*01	2.5e-05	0.23652575123474956
CASSFGGVNTEAFF	TRBV7-2*01	2.5e-05	0.12448258008921362
CASSFGGGDTEAFF	TRBV7-9*01	2.5e-05	0.11703389290291151
CASSPGGGNTEAFF	TRBV6-6*05	2.5e-05	0.10511392756777543
CASSQTGLALEQYF	TRBV3-1*01	2.5e-05	0.7490978334323807
CASRAGTGFNEQFF	TRBV2*01	2.5e-05	0.674665804142538
CASRSDRGPYEQYF	TRBV2*01	2.5e-05	0.3854983906450616
CASSFRQANTEAFF	TRBV5-1*01	2.5e-05	0.36591800805383773
CASSSTPLIYGYTF	TRBV5-1*01	2.5e-05	0.5757820217637207
CASSPRTGEDEQFF	TRBV5-1*01	2.5e-05	0.5994945627366932
CSAPPTDPNQPQHF	TRBV20-1*01	2.5e-05	0.9523057281001592
CSAEKGTFRNEQFF	TRBV20-1*01	2.5e-05	0.9849385168351691
CSASTSMGHTEAFF	TRBV20-1*04	2.5e-05	0.865817833457653
CSGTGGFSGGELFF	TRBV29-1*01	2.5e-05	0.8278285268446798
CAISEGLGQWAFF	TRBV10-3*01	2.5e-05	0.9157411905237971
CASFRTAGNTIYF	TRBV6-1*01	2.5e-05	0.44887375980470445
CASSIGKAYEQYF	TRBV18*01	2.5e-05	0.31919927722658686
CASSPRTVGELFF	TRBV6-6*04	2.5e-05	0.5285508366492209
CASSFRKNEKLFF	TRBV11-3*01	2.5e-05	0.3633504586326074
CASSLGFGNTIYF	TRBV5-8*01	2.5e-05	0.23954857612934627
CASSPEPTDEQYF	TRBV7-3*01	2.5e-05	0.46984263149647015
CASSPPGSYEQYF	TRBV7-2*01	2.5e-05	0.22965129028344622
CASRGTGTYEQYF	TRBV6-2*01	2.5e-05	0.15729218154805338
CASRDMDTGELFF	TRBV6-1*01	2.5e-05	0.37974673216775107
CASSDENRETQYF	TRBV10-1*01	2.5e-05	0.5581990116354425
CASSLEGTGELFF	TRBV5-1*01	2.5e-05	0.11158298213561606
CSASTGLEETQYF	TRBV20-1*04	2.5e-05	0.9073500692524934
CSVSGTPSDEQYF	TRBV29-1*01	2.5e-05	0.848777519125438
CASSIPRTEAFF	TRBV19*01	2.5e-05	0.35662576578597033
CASSPPTNEQFF	TRBV18*01	2.5e-05	0.4271493245528462
CASSQQGIEQFF	TRBV7-3*01	2.5e-05	0.4269091588284204
CASRMGGGEQYF	TRBV13*01	2.5e-05	0.43268052402850266
CASSSQSGTQYF	TRBV5-1*01	2.5e-05	0.42394400387045106
CAPQGSHGYTF	TRBV10-1*01	2.5e-05	0.4576232660816577
CASSVNLAGGSYNEQFF	TRBV6-2*01	2.5e-05	0.6955953202295712
CASRPLGGITTNEKLFF	TRBV28*01	2.5e-05	0.7824680541433109
CASFSLMTFGDYEQYF	TRBV6-1*01	2.5e-05	0.8619159984508749
CASSLAPGMTSYEQYF	TRBV7-2*01	2.5e-05	0.6036627095890831
CASSQDQNSRAHGYTF	TRBV14*01	2.5e-05	0.6743497374426418
CSARFRTGGSYNEQFF	TRBV20-1*01	2.5e-05	0.9540380364540223
CSARDFKEVGHQPQHF	TRBV20-1*01	2.5e-05	0.9902117712941133
CAWSPLGHLNTEAFF	TRBV30*01	2.5e-05	0.8210196243283481
CASSPGPGGTGELFF	TRBV18*01	2.5e-05	0.2707417536382927
CASSEFRSGSGGYTF	TRBV2*03	2.5e-05	0.4369905388693132
CASSFTTEFNYGYTF	TRBV7-9*01	2.5e-05	0.5631023659810243
CASSHRDRATGELFF	TRBV7-9*01	2.5e-05	0.43013118963891445
CASSQRQGLNTEAFF	TRBV4-2*01	2.5e-05	0.2371290579776537
CASSVQDWSYNEQFF	TRBV9*01	2.5e-05	0.4992764969749384
CASSKGQTVNYEQYF	TRBV5-5*01	2.5e-05	0.6367995294413402
CASSLISGGGNTIYF	TRBV5-1*01	2.5e-05	0.3501912820911032
CSAREGSGSSYEQYF	TRBV20-1*01	2.5e-05	0.6635108712963355
CSVEGREGSTDTQYF	TRBV29-1*02	2.5e-05	0.7867960509402797
CATSRDRGSGELFF	TRBV15*01	2.5e-05	0.24186781008027486
CASSRRELHNEQFF	TRBV19*01	2.5e-05	0.6999945272988152
CASSPGQSSYEQYF	TRBV18*01	2.5e-05	0.23573649342263064
CASSLRVRVNEQFF	TRBV27*01	2.5e-05	0.7909669115602059
CASSSLTGGETQYF	TRBV27*01	2.5e-05	0.21059921006332993
CASSREVNSYEQYF	TRBV28*01	2.5e-05	0.4271778381300431
CASSKTGSRNEQFF	TRBV6-6*03	2.5e-05	0.6869536486057127
CASSLSAGSDTQYF	TRBV7-3*01	2.5e-05	0.22534839350491206
CASSPRAGDYGYTF	TRBV9*01	2.5e-05	0.17629736806268326
CASSPRDRNYEQYF	TRBV6-6*05	2.5e-05	0.30636854049352696
CASSRRRDIAEQFF	TRBV7-6*01	2.5e-05	0.8144146563075112
CASSQYRGPGELFF	TRBV3-1*01	2.5e-05	0.6972323800942697
CASSQFGMNTEAFF	TRBV3-1*01	2.5e-05	0.23245172551671997
CASSQRDRAYEQYF	TRBV16*01	2.5e-05	0.3640932761000023
CASSVGGLKAEAFF	TRBV9*01	2.5e-05	0.8291238929006001
CASSAFTGIYGYTF	TRBV9*03	2.5e-05	0.46963429318765454
CASRLAGVIAEQYF	TRBV2*01	2.5e-05	0.6586328645003908
CSARGTSGTYEQYF	TRBV20-1*01	2.5e-05	0.7612280923165693
CATSDFWVHGYTF	TRBV24-1*01	2.5e-05	0.9512388102063662
CATRNWGTDTQYF	TRBV6-1*01	2.5e-05	0.8757337089722381
CASIPAGNSPLHF	TRBV2*02	2.5e-05	0.5999495705615977
CASSPTRGYEQYF	TRBV7-9*04	2.5e-05	0.1730061930912104
CASSPGTGGEQYF	TRBV7-3*01	2.5e-05	0.20489914744191226
CASSHWGEDTQYF	TRBV14*01	2.5e-05	0.636559858438793
CASSAYGAYEQYF	TRBV7-9*04	2.5e-05	0.25793557573444537
CASRRQGDYGYTF	TRBV6-6*04	2.5e-05	0.14380976593704634
CASSLTNTGELFF	TRBV5-1*01	2.5e-05	0.11021185378019872
CSVPQVSGYGYTF	TRBV20-1*01	2.5e-05	0.7608708075443189
CASRRANYGYTF	TRBV19*01	2.5e-05	0.27489869776153214
CASSLTTDTQYF	TRBV28*01	2.5e-05	0.20159159788578881
CASSLQFNEQYF	TRBV5-1*01	2.5e-05	0.46178264808100544
CASSYSGRTSSYNSPLHF	TRBV6-5*01	2.5e-05	0.3906511997444174
CASSQTSGSRGSYNEQFF	TRBV6-6*05	2.5e-05	0.6221328352907601
CASSFWTGPGNTGELFF	TRBV6-5*01	2.5e-05	0.8264893276751506
CASSQDRTGGKAYEQYF	TRBV4-2*01	2.5e-05	0.45154947178732485
CASRDPGRGNGGETQYF	TRBV6-2*01	2.5e-05	0.5388707915898002
CAWSLDRVTLNTEAFF	TRBV30*01	2.5e-05	0.801922249887918
CAIGTRTSGSHNEQFF	TRBV10-3*01	2.5e-05	0.8327791730696358
CATSDPAGSSYNEQFF	TRBV24-1*01	2.5e-05	0.36419319559051855
CASSLSGGMGNQPQHF	TRBV19*01	2.5e-05	0.3215949019324652
CASSSSTGDRLYTQYF	TRBV27*01	2.5e-05	0.4415419626131803
CASSEVASGFTDTQYF	TRBV6-1*01	2.5e-05	0.4555468160515431
CASSLRTWGHTGELFF	TRBV3-1*01	2.5e-05	0.8579207752583643
CASSPVPPGLRETQYF	TRBV5-1*01	2.5e-05	0.9700482739838394
CASSPGTGPPANEQFF	TRBV5-1*01	2.5e-05	0.7040560381405425
CSASPASGTGLDEQFF	TRBV20-1*01	2.5e-05	0.9422111123105683
CSARVYADSLNQPQHF	TRBV20-1*01	2.5e-05	0.9717599468184384
CASSISAGRFHGYTF	TRBV19*01	2.5e-05	0.7433139217578378
CASSKVPGQGVGAFF	TRBV19*01	2.5e-05	0.87705937688331
CASSLWDSGGETQYF	TRBV27*01	2.5e-05	0.5854895926111755
CASSFPGQGRSPLHF	TRBV5-6*01	2.5e-05	0.8296659623445451
CASRGRDRHTDTQYF	TRBV7-9*01	2.5e-05	0.5669279659639779
CASSRGGISGNTIYF	TRBV5-1*01	2.5e-05	0.22548747599696392
CASSRQGGAYGYTF	TRBV19*01	2.5e-05	0.21555651831170178
CASSLWGAREKLFF	TRBV28*01	2.5e-05	0.628995477775606
CASSPGQLADTQYF	TRBV7-3*01	2.5e-05	0.41453048570368406
CASSRLAFTDTQYF	TRBV6-6*04	2.5e-05	0.6018732954117972
CASSERTAGTEAFF	TRBV2*03	2.5e-05	0.3501229930657214
CASSLTGGEYEQYF	TRBV11-2*01	2.5e-05	0.12833692366804822
CASSLRAGYNEQFF	TRBV11-3*01	2.5e-05	0.3029917360355499
CSAPRPALNYGYTF	TRBV20-1*01	2.5e-05	0.9476828710228392
CSVVGTDSNQPQHF	TRBV29-1*01	2.5e-05	0.6817522536013896
CATSDYSYNEQFF	TRBV24-1*01	2.5e-05	0.4403657749927246
CATAGQTYNEQFF	TRBV18*01	2.5e-05	0.7060557403585208
CASSMAGNTEAFF	TRBV19*01	2.5e-05	0.18993031139011565
CASSLGREQPQHF	TRBV7-2*01	2.5e-05	0.12099627605377038
CASKPGGLREQYF	TRBV3-1*01	2.5e-05	0.6256464009874572
CASSSGTGDRYTF	TRBV5-1*01	2.5e-05	0.28768500775907446
CASSLGPAVEQFF	TRBV5-1*01	2.5e-05	0.7101766621173553
CASSLNQGETQYF	TRBV5-1*01	2.5e-05	0.20980229884442989
CASTPGDTEAFF	TRBV28*01	2.5e-05	0.22421270895071652
CASSESTVEQYF	TRBV2*03	2.5e-05	0.6182507711072377
CASSVFKDTQYF	TRBV9*01	2.5e-05	0.47917099929904705
CASSVAGSEQFF	TRBV9*01	2.5e-05	0.33809434422082696
CASSAQGRRAFF	TRBV3-1*01	2.5e-05	0.8471320130028317
CSARWGAYGYTF	TRBV20-1*05	2.5e-05	0.8914480437732355
CATSPGFTGEQNIQYF	TRBV15*02	2.5e-05	0.7734072843707696
CASSHQGVGANTEAFF	TRBV19*01	2.5e-05	0.3406867866239815
CASSESGGADNQPQHF	TRBV2*01	2.5e-05	0.1501526377325746
CASSPSGTINYNEQFF	TRBV5-1*01	2.5e-05	0.4208284556337941
CASSPTSGRAGTQYF	TRBV2*01	2.5e-05	0.65835563232902
CASSVDPSSFETQYF	TRBV9*01	2.5e-05	0.7589599248134645
CASTQDRVSYEQYF	TRBV11-2*01	2.5e-05	0.40814592311313136
CASSERGDYNEQFF	TRBV10-1*01	2.5e-05	0.13248158696247117
CASSSGQTYEQYF	TRBV7-6*01	2.5e-05	0.2098563759329297
CASSLGTGGEAFF	TRBV6-6*05	2.5e-05	0.20625718670801826
CASRGAEEETQYF	TRBV28*01	2.5e-05	0.4102734540289371
CSARMKKSTEAFF	TRBV20-1*01	2.5e-05	0.9688919110564345
CASSLGGSAFF	TRBV11-3*01	2.5e-05	0.34392857940968463
CASSLWGTGGGSGANVLTF	TRBV28*01	2.5e-05	0.30318436351802375
CASSQSRDSNQPQHF	TRBV3-1*01	2.5e-05	0.26360138767825253
CASSAAGSSYEQYF	TRBV2*01	2.5e-05	0.1053787685370731
CASSSGTGNNEQFF	TRBV7-6*01	2.5e-05	0.26728431890759163
CASSVGNTEAFF	TRBV25-1*01	2.5e-05	0.08051242462161359
CASSKDNEAFF	TRBV28*01	2.4e-05	0.18190877704603586
CASSLQGDRAGRLSTDTQYF	TRBV5-1*01	2.4e-05	0.7980650430605857
CSARNPQGRYEQYF	TRBV20-1*01	2.4e-05	0.980784037733398
CASSEVTGRPQHF	TRBV6-1*01	2.4e-05	0.47059069186926283
CASSESGPRGAFF	TRBV6-4*01	2.4e-05	0.8927794838673987
CASSLGRAGQSTSYTF	TRBV7-2*01	2.4e-05	0.43767110539522647
CAWKNEGNLPYEQYF	TRBV30*01	2.4e-05	0.9636424513878296
CASSSLGRLDTEAFF	TRBV5-1*01	2.4e-05	0.44557023340398794
CASKVGGSEGEQYF	TRBV2*01	2.4e-05	0.8488104439700871
CASKRWDRGEKLFF	TRBV2*01	2.4e-05	0.8857137961906751
CSARRTDGYGYTF	TRBV20-1*01	2.4e-05	0.8828271049609279
CSGTQQETQYF	TRBV20-1*01	2.4e-05	0.8292975795778489
CASSLGGRRSSYNSPLHF	TRBV28*01	2.4e-05	0.4519785431948154
CASSLITAANYGYTF	TRBV11-2*01	2.4e-05	0.4309801148346323
CSARWGGLTEAFF	TRBV20-1*01	2.4e-05	0.9422048677806132
CASSPVTGGAFF	TRBV18*01	2.4e-05	0.6944164539273551
CAWSVHEQYF	TRBV30*01	2.4e-05	0.4765932705971223
CASSFNTFDHGRTYEQYF	TRBV5-8*01	2.4e-05	0.7789709607039749
CASSSRQGAYSTDTQYF	TRBV7-2*01	2.4e-05	0.413831499808196
CAISEVLREGSGELFF	TRBV10-3*01	2.4e-05	0.9395347877391221
CASSSRTSGKYNEQFF	TRBV27*01	2.4e-05	0.3888945982263573
CASPDGRGGHTEAFF	TRBV28*01	2.4e-05	0.7020706027751642
CASSFLTAKNTEAFF	TRBV28*01	2.4e-05	0.7300653873629728
CASSGTIGGTDTQYF	TRBV6-1*01	2.4e-05	0.4212237864512991
CASSIRTGAYNEQFF	TRBV28*01	2.4e-05	0.3503678719255167
CASSSFPRDSYEQYF	TRBV7-2*01	2.4e-05	0.5550228094770518
CASSTSGSSVNEQYF	TRBV9*03	2.4e-05	0.3110522008082715
CAIERGFQFSEQFF	TRBV7-8*01	2.4e-05	0.9702529006742521
CASSGPFISYEQYF	TRBV18*01	2.4e-05	0.5065698269586109
CASTNLGTGDEQFF	TRBV27*01	2.4e-05	0.7781592246515604
CASSEWVINEKLFF	TRBV6-1*01	2.4e-05	0.7619086071081541
CASSFRQGAREQYF	TRBV11-3*01	2.4e-05	0.5585050797946711
CASSVGSAYNEQFF	TRBV2*01	2.4e-05	0.2798025236906336
CASSERWGGEQYF	TRBV10-2*01	2.4e-05	0.5982225310067157
CAGRTFYNEQFF	TRBV6-1*01	2.4e-05	0.8425284215619294
CASSPQGPGRTIFGYGYTF	TRBV18*01	2.4e-05	0.92094027540584
CASSYFPREGQETQYF	TRBV19*01	2.4e-05	0.9583753358208605
CASSMKGQGGNYGYTF	TRBV19*01	2.4e-05	0.4127070723511284
CASSIGRGGVSNEQFF	TRBV19*01	2.4e-05	0.4556783838172823
CASSLGGPPPGNTIYF	TRBV7-6*01	2.4e-05	0.5532986687280828
CASSPLQGSGNQPQHF	TRBV6-6*05	2.4e-05	0.168398435477885
CAWSVGWGLENIQYF	TRBV30*01	2.4e-05	0.9353877780721266
CASSTRDRVARELFF	TRBV19*01	2.4e-05	0.8884047034544881
CASSLTSGTTGELFF	TRBV18*01	2.4e-05	0.19554374780739658
CASSPEAANTDTQYF	TRBV18*01	2.4e-05	0.2799575413656209
CASAQIKDGGYGYTF	TRBV6-1*01	2.4e-05	0.8206192127913765
CASSEAPGRNYGYTF	TRBV6-1*01	2.4e-05	0.46747293178114424
CASSLSQGASTEAFF	TRBV7-9*01	2.4e-05	0.20497695909012642
CASSPLLAGGYEQYF	TRBV27*01	2.4e-05	0.3131710700617393
CASRLRVTSTDTQYF	TRBV27*01	2.4e-05	0.6927905534169061
CASSTPVGWTGELFF	TRBV5-1*01	2.4e-05	0.6495087431670356
CSAIPWGPGNQPQHF	TRBV20-1*01	2.4e-05	0.9794066605922578
CASSPPSKNTEAFF	TRBV18*01	2.4e-05	0.4397044452510472
CASGLSRAAYEQYF	TRBV2*01	2.4e-05	0.4476012667157786
CASSFLATYNEQFF	TRBV27*01	2.4e-05	0.44655849207793247
CASSEAGGLQPQHF	TRBV6-1*01	2.4e-05	0.15694429633293552
CASSEKEGVNTQYF	TRBV25-1*01	2.4e-05	0.4648735062905449
CASSLGSVDQPQHF	TRBV7-6*01	2.4e-05	0.22418853236947794
CASSSRGTNEKLFF	TRBV7-2*01	2.4e-05	0.26604771211979655
CASSYGTGGQEQFF	TRBV7-8*01	2.4e-05	0.6272835036592787
CASSPGTQYNEQFF	TRBV9*01	2.4e-05	0.48387075501767146
CASSDDRGLQPQHF	TRBV7-2*01	2.4e-05	0.5507162623996812
CASRRLAGGETQYF	TRBV2*01	2.4e-05	0.3895896635902986
CASSLVGGLDEQYF	TRBV5-1*01	2.4e-05	0.4325813136592587
CSVMTSGMSYEQYF	TRBV20-1*04	2.4e-05	0.7708380414835685
CSASHPSGYNEQFF	TRBV20-1*01	2.4e-05	0.8148063297869907
CSARTGEGTGELFF	TRBV20-1*02	2.4e-05	0.9157652864190698
CSARDNKGAGGYTF	TRBV20-1*01	2.4e-05	0.9817386027823154
CAWKGTGESTIYF	TRBV30*01	2.4e-05	0.861053290760578
CASSLILNTEAFF	TRBV28*01	2.4e-05	0.2401530782142885
CASSYPNSDTQYF	TRBV6-5*01	2.4e-05	0.6490779876168545
CASSYIGGPGYTF	TRBV6-5*01	2.4e-05	0.6771944889930397
CASSLGVNYGYTF	TRBV5-8*01	2.4e-05	0.17621823536359246
CASSLASGAEAFF	TRBV7-2*04	2.4e-05	0.31888406410860465
CASSPRLSNGYTF	TRBV7-2*01	2.4e-05	0.7126476323029438
CASSRENTGELFF	TRBV6-4*01	2.4e-05	0.15261354959454673
CASTTGENTEAFF	TRBV5-1*01	2.4e-05	0.16842499748830383
CSARMAGTDTQYF	TRBV20-1*01	2.4e-05	0.9270648004466557
CSARSQGQGEAFF	TRBV20-1*01	2.4e-05	0.9053580547598693
CASSGPFDTIYF	TRBV19*01	2.4e-05	0.791964679674465
CASSADRGEAFF	TRBV9*03	2.4e-05	0.24387139482716752
CASSDGYGYTF	TRBV10-2*01	2.4e-05	0.13738576991758594
CASSHLGQGPGGEPRNNSPLHF	TRBV2*01	2.4e-05	0.7962540632639035
CASSEVGLAGANTLSYEQYF	TRBV2*01	2.4e-05	0.6575276490062665
CASSRDRGLLEVGSPLHF	TRBV27*01	2.4e-05	0.9005330749792304
CASSFQSAGGLSTEAFF	TRBV28*01	2.4e-05	0.48149096729497065
CASSSPAGGQGYGEAFF	TRBV28*01	2.4e-05	0.41103315756314507
CASSSGLRQDLNTEAFF	TRBV6-5*01	2.4e-05	0.5633344584362567
CASSYGFGQGGVGELFF	TRBV6-5*01	2.4e-05	0.5984139559022725
CASSLVPEGLAGGELFF	TRBV5-1*01	2.4e-05	0.7618475759028143
CASSQGEEGRRTDTQYF	TRBV4-1*01	2.4e-05	0.6371133993755878
CASRDMDTGQYQPQHF	TRBV19*01	2.4e-05	0.6450138199333398
CASAYHLLGPYNEQFF	TRBV28*01	2.4e-05	0.9468748045210105
CASSSRLSGSTDTQYF	TRBV28*01	2.4e-05	0.3169980513233016
CASSSPGPGSYNEQFF	TRBV28*01	2.4e-05	0.3157687622754584
CASSYSADGHSYEQYF	TRBV6-2*01	2.4e-05	0.6257213641471934
CASSEYRDSFTDTQYF	TRBV6-1*01	2.4e-05	0.8158370121484195
CASSPRDRVRLSPLHF	TRBV3-1*01	2.4e-05	0.927439349299469
CASSQDGTQAYYGYTF	TRBV3-1*01	2.4e-05	0.7558727760878933
CASSPGTGGGNYEQYF	TRBV4-1*01	2.4e-05	0.21480073534316457
CASSQSSGSSYYEQYF	TRBV4-1*01	2.4e-05	0.2038254346208369
CASSQVNSGRSGEQFF	TRBV4-1*01	2.4e-05	0.5572617047874435
CAWSPGLAGDPTQYF	TRBV30*01	2.4e-05	0.8940142405291024
CASTRRMGQGHGYTF	TRBV5-6*01	2.4e-05	0.7703238020653114
CASSSGTSGTNEQFF	TRBV27*01	2.4e-05	0.27202974459493573
CASSEWPGVNSPLHF	TRBV6-1*01	2.4e-05	0.7680790251778322
CASSEGTFSTDTQYF	TRBV2*01	2.4e-05	0.4096482488421026
CASSLDPGATYEQYF	TRBV11-2*01	2.4e-05	0.41602290048417756
CASSSLKGSNYGYTF	TRBV7-8*01	2.4e-05	0.23409290882093622
CASSSTGYSNQPQHF	TRBV7-2*01	2.4e-05	0.2066016876361059
CASSVEGKGGNTIYF	TRBV9*01	2.4e-05	0.3637550170111928
CASSELLDSSYEQYF	TRBV5-1*01	2.4e-05	0.3463175152242383
CASRVLQGGGTEAFF	TRBV5-1*01	2.4e-05	0.3709823092654644
CSASPNRAPLNEQYF	TRBV20-1*02	2.4e-05	0.8788326101519752
CSARSRQYSNQPQHF	TRBV20-1*05	2.4e-05	0.8651740583731864
CAIGGTGGTGELFF	TRBV19*01	2.4e-05	0.6486994356214445
CASSIRGSINEQFF	TRBV19*01	2.4e-05	0.5873487207276136
CASSFRDRVAEQYF	TRBV27*01	2.4e-05	0.8573778279649822
CASSPPGSDNEQFF	TRBV6-6*04	2.4e-05	0.4922785602204966
CASSQGLIPHEQYF	TRBV2*01	2.4e-05	0.7678203649716643
CASSKGYEKTEAFF	TRBV6-1*01	2.4e-05	0.7454120189397857
CASSLQGENYGYTF	TRBV11-2*01	2.4e-05	0.20265264751304662
CASSQGAEPYGYTF	TRBV3-1*01	2.4e-05	0.3056502443133673
CATQRRASTDTQYF	TRBV5-1*01	2.4e-05	0.6802218191395366
CSASTDGLNTEAFF	TRBV20-1*01	2.4e-05	0.5391462958116905
CSARSRVSNQPQHF	TRBV20-1*05	2.4e-05	0.8707938211987606
CATRGSVAYEQYF	TRBV10-3*01	2.4e-05	0.6802476971399158
CASSLRDGYEQYF	TRBV19*01	2.4e-05	0.2302633095039344
CASSSDRFGELFF	TRBV18*01	2.4e-05	0.5212341603836784
CASSERETGELFF	TRBV2*01	2.4e-05	0.16482306647247122
CASSENPKETQYF	TRBV6-1*01	2.4e-05	0.8668752143869524
CASSLDRDTEAFF	TRBV11-3*01	2.4e-05	0.10528166376443669
CASSSGLRGEQFF	TRBV28*01	2.4e-05	0.3987359852644598
CASRPLENTEAFF	TRBV27*01	2.4e-05	0.3478471698380315
CASREGEGEKLFF	TRBV27*01	2.4e-05	0.35227726095713624
CASNALVGYGYTF	TRBV6-6*05	2.4e-05	0.5623488745038224
CASKVAGEDEQFF	TRBV2*01	2.4e-05	0.8981478903157577
CASSLEQGAEAFF	TRBV5-1*01	2.4e-05	0.38140961522238376
CSAPNWNTGELFF	TRBV20-1*01	2.4e-05	0.8385564698966421
CSVVGQRSYEQYF	TRBV29-1*01	2.4e-05	0.8063853691178633
CRGTGGGDTEAFF	TRBV20-1*01	2.4e-05	0.368603378440216
CASSQEGDTQYF	TRBV14*01	2.4e-05	0.20687507536525512
CSASRSRETQYF	TRBV20-1*02	2.4e-05	0.7753791614553861
CATSDAGELFF	TRBV24-1*01	2.4e-05	0.35657656134640064
CASTRGEQYF	TRBV19*01	2.4e-05	0.2689720207386312
CASSFPPGQESSGANVLTF	TRBV28*01	2.4e-05	0.7386077662111247
CASSYSSPLAGGYNEQFF	TRBV6-5*01	2.4e-05	0.6584073392588217
CASSLRGGGQTNEKLFF	TRBV7-8*01	2.4e-05	0.3349183472807078
CSADSTGGDPSNQPQHF	TRBV20-1*01	2.4e-05	0.8964258487894428
CATSPRSGGLTDTQYF	TRBV15*02	2.4e-05	0.495739306079666
CASSLRTTDINNEQFF	TRBV18*01	2.4e-05	0.5816566174049034
CASTQGLAGEEGELFF	TRBV6-2*01	2.4e-05	0.5976663366898131
CASSLAWTRRMRGYTF	TRBV7-8*01	2.4e-05	0.9009466982420022
CASSHSRDRGRETQYF	TRBV6-6*05	2.4e-05	0.8071801571652055
CASRAGGHSSYNEQFF	TRBV28*01	2.4e-05	0.45358059854697635
CASSELGGRGSNEQFF	TRBV10-1*01	2.4e-05	0.36348971668952806
CASSPLGQQIENIQYF	TRBV4-1*01	2.4e-05	0.9033965010807411
CSARFRTGVLYSPLHF	TRBV20-1*05	2.4e-05	0.9882327031315429
CASSPGGGLRTEAFF	TRBV19*01	2.4e-05	0.49180910630985647
CASSAWDRENQPQHF	TRBV19*01	2.4e-05	0.38580423337253217
CASSFPDRRNTEAFF	TRBV28*01	2.4e-05	0.6963383151677169
CASSSAGGFTHGYTF	TRBV12-3*01	2.4e-05	0.6459799097241307
CASSPGLAGVVEQFF	TRBV27*01	2.4e-05	0.6789832570499987
CASSERTGGYNEQFF	TRBV6-4*01	2.4e-05	0.19398811022444376
CASSLEPGPNTEAFF	TRBV7-8*01	2.4e-05	0.4576414777048124
CASSLKAHPNYGYTF	TRBV7-3*01	2.4e-05	0.8926394562437117
CASSLPGQGAQGAFF	TRBV3-1*01	2.4e-05	0.6244084169728543
CASSQRVGVTGELFF	TRBV3-1*01	2.4e-05	0.38076085954792316
CASSLDSPGANVLTF	TRBV5-1*01	2.4e-05	0.44291464242757567
CASSQTYRPGSPLHF	TRBV4-1*01	2.4e-05	0.8883055776568379
CSASLDGASYNEQFF	TRBV20-1*04	2.4e-05	0.7313079323691207
CSARPTSGSSYEQYF	TRBV20-1*01	2.4e-05	0.9032636286973305
CAWNQWTGGNTIYF	TRBV30*01	2.4e-05	0.6569957493612885
CAISGTAYNSPLHF	TRBV10-3*01	2.4e-05	0.6827521451438177
CAISIQGADTEAFF	TRBV10-3*01	2.4e-05	0.3512003539967378
CASSTFGQGETQYF	TRBV19*01	2.4e-05	0.41052821579133836
CASSSDRVSGELFF	TRBV19*03	2.4e-05	0.31334253342577667
CASRVRATGNTIYF	TRBV19*01	2.4e-05	0.2662475279483597
CASNTGDPRDTQYF	TRBV19*01	2.4e-05	0.6988724754737655
CASSPSSMNTEAFF	TRBV18*01	2.4e-05	0.19091707661530455
CASIGTDSGNTIYF	TRBV3-1*01	2.4e-05	0.3360824371707172
CASSLVLQGYEQFF	TRBV28*01	2.4e-05	0.3705018252400436
CASSERRVTGELFF	TRBV6-1*01	2.4e-05	0.40966015534005706
CASSLSLRVDEQYF	TRBV7-9*01	2.4e-05	0.6191666487900148
CASSPGQFSQPQHF	TRBV28*01	2.4e-05	0.4708311583898916
CASSNRDRYNEQFF	TRBV13*01	2.4e-05	0.353159032479347
CASRIASGDYEQFF	TRBV5-1*01	2.4e-05	0.576653409390757
CSAFKGGGYTEAFF	TRBV20-1*01	2.4e-05	0.9469948715894334
CSARESTASYEQYF	TRBV20-1*01	2.4e-05	0.9490437093700005
CSARRGQGTDTQYF	TRBV20-1*01	2.4e-05	0.8232426882082504
CSANFVRVWTEAFF	TRBV20-1*01	2.4e-05	0.9796636855739753
CAWSQGGGSPLHF	TRBV30*01	2.4e-05	0.43457471057367714
CAIRRESNQPQHF	TRBV10-3*01	2.4e-05	0.6013853230584202
CATTGGAGETQYF	TRBV15*02	2.4e-05	0.5070023540301607
CASSITSRETQYF	TRBV19*01	2.4e-05	0.5377692426449862
CASSRDRGNEQFF	TRBV18*01	2.4e-05	0.21479653321835118
CASSLNLAGLQFF	TRBV11-3*01	2.4e-05	0.7204012475202849
CASSLIGRNIQYF	TRBV27*01	2.4e-05	0.6568254376868039
CASSHQGTYEQYF	TRBV3-1*01	2.4e-05	0.2940834459744557
CASREDSFNEQFF	TRBV2*01	2.4e-05	0.6763774820952619
CASRNEQGKKAFF	TRBV6-1*01	2.4e-05	0.8726643069305554
CASRGTEVREQYF	TRBV10-2*01	2.4e-05	0.7502336183563398
CANSKGGNYEQYF	TRBV4-1*01	2.4e-05	0.3075389433805003
CSAPIPGSDEQYF	TRBV20-1*01	2.4e-05	0.8988766210311099
CASSSYTGELFF	TRBV28*01	2.4e-05	0.15204035624938222
CASSQGGPASDF	TRBV2*01	2.4e-05	0.9156976364968971
CASRDRGGGYTF	TRBV6-4*01	2.4e-05	0.1466504114330749
CSARGSRYQQYF	TRBV20-1*01	2.4e-05	0.8083279172254146
CSAGTGDHEQYF	TRBV29-1*01	2.4e-05	0.8448094694989886
CATSRDEEAGVSYNEQFF	TRBV15*01	2.4e-05	0.748523145632235
CASSVTLLGQGANNEQFF	TRBV2*01	2.4e-05	0.9402374120332038
CASSLRRISGTLSYEQYF	TRBV3-1*01	2.4e-05	0.8174094053485569
CASSLAFRDRRVYEQYF	TRBV7-9*01	2.4e-05	0.7896240345039621
CASRLGDRGHVNTEAFF	TRBV6-6*05	2.4e-05	0.7194713820605995
CASSSRVPSGIMGEQYF	TRBV5-1*01	2.4e-05	0.8107621988000471
CASSWGGGAGQSYEQYF	TRBV5-1*01	2.4e-05	0.4240764869225536
CSARDLSGSSSYNEQFF	TRBV20-1*01	2.4e-05	0.8280755333256813
CSARDHSGRFSYNEQFF	TRBV20-1*01	2.4e-05	0.9830880202980583
CASTLLAGGPTGELFF	TRBV19*01	2.4e-05	0.615013568924942
CASSPRDSSGANVLTF	TRBV19*01	2.4e-05	0.2944265898899568
CASSKTSGLSSYEQYF	TRBV19*03	2.4e-05	0.41989913389980343
CASSEAMTGTYNEQFF	TRBV2*01	2.4e-05	0.4837774522961163
CASSPNSPYSGNTIYF	TRBV7-9*01	2.4e-05	0.6586235773754205
CASSQDPSIGQGRYTF	TRBV3-1*01	2.4e-05	0.8293229590375223
CASRSSGRALGGELFF	TRBV2*01	2.4e-05	0.7085413082604529
CASSFPASGSLETQYF	TRBV5-1*01	2.4e-05	0.8289112364781225
CASSHCQGELDQPQHF	TRBV4-1*01	2.4e-05	0.9272390840182954
CSARDQASNPYNEQFF	TRBV20-1*01	2.4e-05	0.9605703043510191
CASSTLGLAEGEQFF	TRBV19*01	2.4e-05	0.7108014610670998
CASSYSSPYTGELFF	TRBV6-5*01	2.4e-05	0.6485165158546397
CASSPLGRMNTEAFF	TRBV2*01	2.4e-05	0.5992164011538567
CASSEDNGPTGGYTF	TRBV2*01	2.4e-05	0.6372123381963526
CASSFGGLSINEQFF	TRBV13*01	2.4e-05	0.765043977153226
CASSLVRGTNTEAFF	TRBV11-2*01	2.4e-05	0.3470649152078749
CASSLMDGPLNEQFF	TRBV7-3*01	2.4e-05	0.8679604443043151
CASSSLDTLDYGYTF	TRBV7-9*01	2.4e-05	0.38590012479995955
CASSLDRAGGEKLFF	TRBV6-6*05	2.4e-05	0.24862035809092756
CASSPDRGTYNEQFF	TRBV2*01	2.4e-05	0.28721353342687556
CASSQEWGTNTEAFF	TRBV3-1*01	2.4e-05	0.49668706213896374
CASSGTGGETSPLHF	TRBV10-2*01	2.4e-05	0.5105680095157794
CSAPERGSPYNEQFF	TRBV20-1*01	2.4e-05	0.922972457847851
CSAPTAGTSSYEQYF	TRBV20-1*01	2.4e-05	0.7738649766949093
CATWIVSYNSPLHF	TRBV24-1*01	2.4e-05	0.8548286971373106
CATSSPQGRSPLHF	TRBV15*02	2.4e-05	0.7577191839353057
CATLAGVRTGELFF	TRBV7-8*01	2.4e-05	0.7912998522445069
CASRGVTTEQPQHF	TRBV19*01	2.4e-05	0.4927231592356127
CASSPWTGRTEAFF	TRBV19*01	2.4e-05	0.6462124060517912
CASGRTGIDEKLFF	TRBV2*02	2.4e-05	0.7935324255526628
CASTNGTTYNEQFF	TRBV6-4*01	2.4e-05	0.6047117008400577
CASSFWLSGNTIYF	TRBV28*01	2.4e-05	0.6468095004243163
CASSLSQLGTEAFF	TRBV27*01	2.4e-05	0.4051251165834691
CASSFNRALGEQYF	TRBV11-2*01	2.4e-05	0.8331307985914871
CASSLRQGVETQYF	TRBV7-9*01	2.4e-05	0.5218401667475037
CASSLGGVNEKLFF	TRBV7-9*01	2.4e-05	0.17191632055395062
CASSVETGDTEAFF	TRBV9*01	2.4e-05	0.19225047491419328
CASSLNRGGTEAFF	TRBV5-1*01	2.4e-05	0.13717773225636218
CASSQDRRTNEQYF	TRBV4-1*01	2.4e-05	0.5265448768275139
CSASRTEPSYEQYF	TRBV20-1*04	2.4e-05	0.9264490701901806
CSARPGRPQETQYF	TRBV20-1*01	2.4e-05	0.9573633892763694
CSARDYRGESGYTF	TRBV20-1*01	2.4e-05	0.9639676021942809
CSARDMDLNTEAFF	TRBV20-1*01	2.4e-05	0.8772479089692669
CASSTHGGNEQFF	TRBV19*01	2.4e-05	0.4156388333241805
CASQRDKNTEAFF	TRBV2*01	2.4e-05	0.44348376480814894
CASSFQDNTEAFF	TRBV7-9*01	2.4e-05	0.21017610612645576
CASSPGPLGELFF	TRBV7-3*01	2.4e-05	0.7796152810604524
CASSGQLAGRRYF	TRBV7-2*01	2.4e-05	0.8754786979205829
CASRAGYNQPQHF	TRBV19*01	2.4e-05	0.27200240859154096
CSATLRENTEAFF	TRBV20-1*01	2.4e-05	0.853787064315372
CSATRDSSYEQYF	TRBV20-1*01	2.4e-05	0.6700276390637078
CSVEGGLNYGYTF	TRBV29-1*01	2.4e-05	0.5560354709445188
CASSLIDNEQFF	TRBV11-2*01	2.4e-05	0.38312144449973057
CASNRGPGELFF	TRBV10-1*01	2.4e-05	0.39230123403205175
CSALSGSETQYF	TRBV20-1*01	2.4e-05	0.8301952371973305
CSVEVLGQPQHF	TRBV29-1*01	2.4e-05	0.7118418342169124
CASSFSYGYTF	TRBV7-8*01	2.4e-05	0.0979026852326718
CASSLLVLAGGSSYNEQFF	TRBV5-1*01	2.4e-05	0.5331123008762231
CASSPRGGISSGNTIYF	TRBV18*01	2.4e-05	0.2601148836333991
CASSLGVGTGDNYGYTF	TRBV13*01	2.4e-05	0.34784546615808903
CASKGGLGVFSGSPLHF	TRBV5-1*01	2.4e-05	0.9174879950239083
CAWSGGTSGTYNEQFF	TRBV30*01	2.4e-05	0.4736379464222131
CASSLATGVTVYEQYF	TRBV7-8*01	2.4e-05	0.5271358439535763
CASSLGLMGSNQPQHF	TRBV11-2*01	2.4e-05	0.23530666003248327
CASSQEEGDSSYEQYF	TRBV4-2*01	2.4e-05	0.2735656848031033
CASSADGTSVTYEQYF	TRBV9*03	2.4e-05	0.5014099478602209
CASSTDRSSSGNTIYF	TRBV5-5*01	2.4e-05	0.1816912025658118
CASSPTDRGNTEAFF	TRBV18*01	2.4e-05	0.5952949653370522
CASSSSAGNTGELFF	TRBV28*01	2.4e-05	0.10500769417653924
CASSLGQGMNTEAFF	TRBV7-8*01	2.4e-05	0.10135385119086934
CASSPGQGGNTEAFF	TRBV28*01	2.4e-05	0.10318722897114642
CASSRDRTSLNTIYF	TRBV5-8*01	2.4e-05	0.6387245666378869
CASSRRQGQNYGYTF	TRBV7-9*01	2.4e-05	0.3164549352323161
CASSVVGGAAGELFF	TRBV11-3*02	2.4e-05	0.6022798142240227
CASSGHGWMNTEAFF	TRBV9*01	2.4e-05	0.8372318000830387
CSAPWGTGGYNEQFF	TRBV20-1*01	2.4e-05	0.9109512541580213
CATSKGTGVNEQYF	TRBV15*02	2.4e-05	0.667847670122789
CASSLGLAGGELFF	TRBV19*01	2.4e-05	0.18935656783036495
CASSAGTGNFEAFF	TRBV19*01	2.4e-05	0.20329430131980833
CASEQRQGDEKLFF	TRBV28*01	2.4e-05	0.6515747608014995
CASSLGLSSAEQFF	TRBV28*01	2.4e-05	0.5473958133688416
CASSPNPMNTEAFF	TRBV7-9*05	2.4e-05	0.5388373220263207
CASSGQGSADTQYF	TRBV6-1*01	2.4e-05	0.335557490111878
CASSVWGGTGELFF	TRBV9*01	2.4e-05	0.3931788516121605
CASSVAENTGELFF	TRBV9*01	2.4e-05	0.29914459034023383
CASSLGLYTDTQYF	TRBV5-1*01	2.4e-05	0.12431475274093984
CSADRSAGANVLTF	TRBV20-1*01	2.4e-05	0.7191710598161977
CASSYSAKRELFF	TRBV6-8*01	2.4e-05	0.831252987865249
CASSDDRQGELFF	TRBV2*01	2.4e-05	0.3290284076285228
CASSRDTQETQYF	TRBV5-1*01	2.4e-05	0.382715850670046
CASKGREGTEAFF	TRBV10-2*01	2.4e-05	0.4643466314981571
CSARGGSDYEQYF	TRBV20-1*01	2.4e-05	0.7478182494929199
CAWTRGNTEAFF	TRBV30*01	2.4e-05	0.3488248299957947
CSVGQGINEQFF	TRBV20-1*01	2.4e-05	0.8097530284201382
CRAGALNTEAFF	TRBV20-1*01	2.4e-05	0.786546060136969
CASGTIGLEFF	TRBV7-9*01	2.4e-05	0.883451058967186
CASSGAETQYF	TRBV2*01	2.4e-05	0.17153833801733553
CASSLEWGQGLMNTEAFF	TRBV7-9*04	2.4e-05	0.6984805379922887
CASSETTGVVEGYEQYF	TRBV2*01	2.4e-05	0.47612350615025834
CASSPWGVGLAHEQYF	TRBV5-1*01	2.4e-05	0.6684369198635495
CASSLRSSGKGEQYF	TRBV28*01	2.4e-05	0.3753774267585977
CASSVRQGARPEAFF	TRBV11-3*02	2.4e-05	0.8996692204183039
CASRKSPRGPQFF	TRBV19*01	2.4e-05	0.9135074529814299
CASSSDRSYGYTF	TRBV7-8*01	2.4e-05	0.09325934224822899
CASSATRENIQYF	TRBV9*03	2.4e-05	0.638228391032808
CSARGRSREQFF	TRBV20-1*01	2.4e-05	0.9316946224777948
CASSSGDEQFF	TRBV5-1*01	2.4e-05	0.21882269947907607
CASSQAHREETQYF	TRBV3-1*01	2.3e-05	0.7826895890557242
CAWSARGRNTGELFF	TRBV30*01	2.3e-05	0.7740249434443366
CSARDHINTEAFF	TRBV20-1*01	2.3e-05	0.9043923522041757
CASSPFSIHSNQPQHF	TRBV18*01	2.3e-05	0.8015733205002101
CASTLGGQGGTYEQYF	TRBV28*01	2.3e-05	0.374144792062541
CASSQDRDRGNYGYTF	TRBV4-1*01	2.3e-05	0.29051659905374594
CASRGHLLSYEQYF	TRBV19*01	2.3e-05	0.8488049059093585
CASSGGAFNTEAFF	TRBV5-1*01	2.3e-05	0.2598343040399094
CASSQPLGQQNQPQHF	TRBV28*01	2.3e-05	0.40609091580325124
CASSEGLAGEGEQFF	TRBV2*01	2.3e-05	0.47071955501844676
CSAQVTKRLPYEQYF	TRBV20-1*01	2.3e-05	0.9933560147180791
CASSIRQGAHGYTF	TRBV19*01	2.3e-05	0.6486385124952406
CASSIDGRFAGYTF	TRBV19*01	2.3e-05	0.7223063141972621
CASSLLQDNYGYTF	TRBV18*01	2.3e-05	0.3336273147978936
CSARGGQGVQPQHF	TRBV20-1*01	2.3e-05	0.9237957859129794
CASSYPTEGAFF	TRBV11-2*01	2.3e-05	0.9129104717233977
CASSLSERLAGSSYEQYF	TRBV27*01	2.3e-05	0.20131717133153723
CASSHTFGQPLAKNIQYF	TRBV27*01	2.3e-05	0.9049346176951716
CASSKEVLAALGGREQYF	TRBV7-8*01	2.3e-05	0.9365629954801935
CASSFRRQGVGTDTQYF	TRBV27*01	2.3e-05	0.7392797371056691
CASSWVTSGGSGELFF	TRBV5-1*01	2.3e-05	0.842652031633524
CAWRVQGAANEKLFF	TRBV30*01	2.3e-05	0.789366918621349
CASIQEGMPAYEQYF	TRBV28*01	2.3e-05	0.8970046507494495
CASSLTSGRNNEQFF	TRBV27*01	2.3e-05	0.5922738560195989
CASSPGLAETYEQYF	TRBV11-2*01	2.3e-05	0.2985631884264826
CASSLSRSSGNTIYF	TRBV5-1*01	2.3e-05	0.2022269362074535
CASSLDRAFYGYTF	TRBV19*03	2.3e-05	0.5345853668946215
CASSFGQGDEKLFF	TRBV27*01	2.3e-05	0.25213454288071624
CASSYSIVNTEAFF	TRBV6-5*01	2.3e-05	0.38689735946060516
CASSVQDRSYEQYF	TRBV9*01	2.3e-05	0.39604444946300427
CASRLQVEGEPQHF	TRBV6-6*05	2.3e-05	0.48511885143881234
CASNLGGSETEAFF	TRBV2*01	2.3e-05	0.39621032055186084
CASSFRGNQPQHF	TRBV28*01	2.3e-05	0.14369524161762567
CASSLSSAYEQYF	TRBV28*01	2.3e-05	0.1572775184489534
CASSDEGKSEQYF	TRBV2*01	2.3e-05	0.518482232436222
CASSSGSNYGYTF	TRBV9*01	2.3e-05	0.0932135058775633
CASGGLQNTEAFF	TRBV5-1*02	2.3e-05	0.2678766351687107
CSAPTSGEYEQYF	TRBV20-1*04	2.3e-05	0.7553345120586306
CSAGGQGQEKLFF	TRBV20-1*01	2.3e-05	0.8540120028119974
CAWRHRSWGDTGELFF	TRBV30*01	2.3e-05	0.9311497328169314
CASSLASDSYNTEAFF	TRBV7-2*01	2.3e-05	0.3323415098590286
CASSLTAVRERGEQFF	TRBV7-3*01	2.3e-05	0.9455046220220512
CASSQDNVRGYAEAFF	TRBV3-1*01	2.3e-05	0.7009087296600445
CASSLDHGGSGETQYF	TRBV5-1*01	2.3e-05	0.4891026292206857
CASSQDQTSFAYEQYF	TRBV4-1*01	2.3e-05	0.5131428804718469
CSARDLRGQGPYEQYF	TRBV20-1*01	2.3e-05	0.9296981134921475
CAISDGTGGTYEQYF	TRBV10-3*01	2.3e-05	0.5112812704358897
CATHKGSGRRDEQFF	TRBV10-3*01	2.3e-05	0.8996837244636512
CASSIGGGWNTEAFF	TRBV19*01	2.3e-05	0.2794478529520825
CASSFRLGDQETQYF	TRBV28*01	2.3e-05	0.652329559437105
CASSYLLAGNNEQFF	TRBV6-5*01	2.3e-05	0.7431382460421109
CASSYGSGGYNEQFF	TRBV6-5*01	2.3e-05	0.3208986596143855
CASSLVTGQGNEQYF	TRBV7-9*01	2.3e-05	0.4072668223169081
CASSLEGDLNTEAFF	TRBV11-2*01	2.3e-05	0.263042604089903
CAWKGLAGYNEQFF	TRBV30*01	2.3e-05	0.8337118468532301
CAISSTSGSYEQYF	TRBV10-3*01	2.3e-05	0.222535282517485
CASGRLAGTYEQYF	TRBV2*02	2.3e-05	0.3475035110321116
CASSLVGARGTQYF	TRBV28*01	2.3e-05	0.7119614903102751
CASSSQGAYNEQFF	TRBV27*01	2.3e-05	0.20495753325999205
CASSGTARISEAFF	TRBV2*01	2.3e-05	0.77770694404098
CASSWGQGVYEQYF	TRBV7-2*01	2.3e-05	0.31938655135583616
CASSQRDSNQPQHF	TRBV3-1*01	2.3e-05	0.14465823588711635
CASSQVGQGHGYTF	TRBV3-1*01	2.3e-05	0.439189691298441
CASSRGDISYEQYF	TRBV9*01	2.3e-05	0.3450960163680695
CASGTGGADEKLFF	TRBV5-1*02	2.3e-05	0.4097438785964695
CASSPGQFNEKLFF	TRBV5-1*01	2.3e-05	0.34593252780615047
CASSLRGRGYEQYF	TRBV5-1*01	2.3e-05	0.19593858047766982
CARSGGLRNTIYF	TRBV30*01	2.3e-05	0.5322161640727526
CASSYGRSGELFF	TRBV6-2*01	2.3e-05	0.3230828192734774
CASSEALWVNEYF	TRBV2*01	2.3e-05	0.8989680386512761
CASSLDQGTEAFF	TRBV11-2*01	2.3e-05	0.12591271455667663
CASSPRVGAVYTF	TRBV3-1*01	2.3e-05	0.5711261628595034
CASSFTASTEAFF	TRBV5-1*01	2.3e-05	0.3135632464039347
CASSLTGSYEQYF	TRBV5-1*01	2.3e-05	0.09393227163999693
CASSQAQGDTIYF	TRBV4-1*01	2.3e-05	0.465135353125183
CAISEGLGEQFF	TRBV10-3*01	2.3e-05	0.7787381002094887
CATGDGAYEQYF	TRBV2*01	2.3e-05	0.46145744664658117
CASSPRGLAGGRSSYNEQFF	TRBV6-2*01	2.3e-05	0.531823949004914
CASSELEREAQGGTDTQYF	TRBV25-1*01	2.3e-05	0.5244540107746369
CASSLYGGQGVQETQYF	TRBV27*01	2.3e-05	0.7177780807735564
CASSDPLGYSSYNEQFF	TRBV6-1*01	2.3e-05	0.5868410107891993
CASSLGKIQGYSYEQYF	TRBV7-9*01	2.3e-05	0.6400035356990059
CSARDSLAGGLQETQYF	TRBV20-1*01	2.3e-05	0.9201783486267892
CASSRSPGDMREPQHF	TRBV19*01	2.3e-05	0.7842789120606528
CASSARQTLSSYEQYF	TRBV6-4*01	2.3e-05	0.6401850090364717
CASSLVSPPLSYEQYF	TRBV11-2*01	2.3e-05	0.8472816814934462
CASSLAGMGGMDEQFF	TRBV11-2*01	2.3e-05	0.8466507460723481
CASSSRDRVGNSPLHF	TRBV7-8*01	2.3e-05	0.44480101633720004
CASSSGLAGAQETQYF	TRBV11-2*01	2.3e-05	0.31637344324990807
CASSPRPGEEPYEQYF	TRBV7-9*01	2.3e-05	0.6210242927110287
CASSLAIGTQVYEQYF	TRBV5-1*01	2.3e-05	0.6301549940424259
CASSLGGPENYSPLHF	TRBV5-1*01	2.3e-05	0.5807528055865251
CAISDFNQGNYEQYF	TRBV10-3*01	2.3e-05	0.6212146359164513
CAISDASGSYNEQFF	TRBV10-3*01	2.3e-05	0.4372320784233519
CATSRDASGKGEQYF	TRBV15*01	2.3e-05	0.6776620257200395
CASSIAGTGESPLHF	TRBV19*01	2.3e-05	0.5488389665286442
CASSPFTEQDYGYTF	TRBV18*01	2.3e-05	0.7484397287921069
CASVMGGPYSYEQYF	TRBV2*01	2.3e-05	0.7311544291226585
CASSYGTVGYNEQFF	TRBV6-5*01	2.3e-05	0.5815133499367446
CASSYSWQGNTEAFF	TRBV6-5*01	2.3e-05	0.6422201969257575
CASSPTSGNYNEQFF	TRBV27*01	2.3e-05	0.208046712057275
CASSLAGIGSYEQYF	TRBV7-8*01	2.3e-05	0.27694626304014697
CASSLMGGRSSEQFF	TRBV11-3*01	2.3e-05	0.574092621808862
CASSPKSGGTDTQYF	TRBV28*01	2.3e-05	0.4466283877170065
CASKVLAGRYNEQFF	TRBV28*01	2.3e-05	0.7745976833462183
CASSWGQGRTYEQYF	TRBV5-1*01	2.3e-05	0.42216690519520406
CASSQDRAFAYGYTF	TRBV4-1*01	2.3e-05	0.593072927132556
CASRPRDSLSDEQYF	TRBV5-1*01	2.3e-05	0.7894617442770271
CASRHAGQGNHEQYF	TRBV4-1*01	2.3e-05	0.7423948620936605
CSARETGGAGQPQHF	TRBV20-1*01	2.3e-05	0.8801286626060999
CAARSGIGTDTQYF	TRBV6-1*01	2.3e-05	0.5511856927603269
CAISVRQVDQPQHF	TRBV10-3*01	2.3e-05	0.7999845697126491
CASLWQGGIYGYTF	TRBV7-3*01	2.3e-05	0.5611324263937217
CASSLDRGSYGYTF	TRBV7-2*01	2.3e-05	0.0867552619539287
CASSLVGSNQPQHF	TRBV7-2*01	2.3e-05	0.1134036666769049
CASSPQGANEKLFF	TRBV28*01	2.3e-05	0.2632605324649264
CASSQYGGSSPLHF	TRBV3-1*01	2.3e-05	0.4464640908371224
CASSDESSAYEQYF	TRBV7-8*01	2.3e-05	0.2932458538933375
CASKRGIPNTEAFF	TRBV28*01	2.3e-05	0.6466223599808789
CASSLSGVGYEQYF	TRBV5-1*01	2.3e-05	0.23197674309558058
CASSLAVGNTEAFF	TRBV5-1*01	2.3e-05	0.19558144284704318
CASSHPPSGNEQYF	TRBV4-1*01	2.3e-05	0.716266181002276
CSARVAGITDTQYF	TRBV20-1*01	2.3e-05	0.9404425110477411
CSATSGRNSYEQYF	TRBV20-1*01	2.3e-05	0.8278154945748055
CASSGPWTDPPFF	TRBV19*01	2.3e-05	0.9604991307684858
CASSSGNTGELFF	TRBV6-4*01	2.3e-05	0.10056368006881633
CASSLAGAGELFF	TRBV11-2*01	2.3e-05	0.18695087212634182
CASSLQQGGEAFF	TRBV11-3*01	2.3e-05	0.27083172053235144
CSVATGDATEAFF	TRBV29-1*01	2.3e-05	0.7411029726257853
CATSSLLGEAFF	TRBV15*02	2.3e-05	0.4595096454423406
CASSSPRYEQYF	TRBV28*01	2.3e-05	0.15136388597744896
CASSNPQNIQYF	TRBV6-6*05	2.3e-05	0.4940321448445694
CASRYFSQPQHF	TRBV7-3*01	2.3e-05	0.82105309758588
CASSLDYLGYTF	TRBV4-1*01	2.3e-05	0.30292142536239464
CSALGTLVGAFF	TRBV20-1*01	2.3e-05	0.9679825995758252
CSASEGGQEQYF	TRBV20-1*02	2.3e-05	0.8322472380093185
CSASAGQGEQYF	TRBV20-1*01	2.3e-05	0.7413891889233071
CSGTVMNTEAFF	TRBV20-1*01	2.3e-05	0.6986507553347051
CASSSYYEQYF	TRBV11-1*01	2.3e-05	0.1216355771859579
CASSVRTGGTIAGGNYEQYF	TRBV6-1*01	2.3e-05	0.6534517114999447
CASSPIHTGGLADTEAFF	TRBV28*01	2.3e-05	0.5032295694330383
CASSIDFVTGGTEKLFF	TRBV19*01	2.3e-05	0.5620261054768482
CASSLVPTGQVGNTIYF	TRBV7-9*01	2.3e-05	0.5621009561647811
CASSLVGGQRRGNTIYF	TRBV5-1*01	2.3e-05	0.2412509353559738
CATSDHERTAKNEQFF	TRBV24-1*01	2.3e-05	0.93464038861804
CATSSLPGQGYDEQYF	TRBV15*01	2.3e-05	0.3807875338378837
CASSINAPGGSYGYTF	TRBV19*01	2.3e-05	0.697889788829299
CASSPLYRRQDTEAFF	TRBV18*01	2.3e-05	0.8040562546890848
CASSPRGGARIYGYTF	TRBV6-6*05	2.3e-05	0.5778963137832172
CASSPNVEVTNYGYTF	TRBV11-2*01	2.3e-05	0.4528874676766415
CASSQEAGHNTGELFF	TRBV4-2*01	2.3e-05	0.33542777167997023
CASRDGGRGDLYGYTF	TRBV28*01	2.3e-05	0.4503225302885708
CASKGGRESNTGELFF	TRBV6-1*01	2.3e-05	0.7018460295280589
CASSLVGNKFTDTQYF	TRBV5-1*01	2.3e-05	0.8464815489030455
CASRSLTFEGADTQYF	TRBV5-1*01	2.3e-05	0.7236333632093299
CSARDPGGPSSYEQYF	TRBV20-1*01	2.3e-05	0.8672786581464432
CAISEDVPTNEKLFF	TRBV10-3*01	2.3e-05	0.5903026253599091
CASSRGTKNTGELFF	TRBV19*01	2.3e-05	0.4270750238001072
CASKRPGQGDEKLFF	TRBV19*01	2.3e-05	0.6729315568643093
CASSYSGQLNTEAFF	TRBV6-5*01	2.3e-05	0.450193859717756
CASSYSMEDGETQYF	TRBV6-5*01	2.3e-05	0.7395056067580471
CASSLVMGRADTQYF	TRBV7-2*04	2.3e-05	0.6406554225688281
CASSPFRGAEETQYF	TRBV14*01	2.3e-05	0.6389098824679603
CASSPEGGASYGYTF	TRBV9*01	2.3e-05	0.24405624469086046
CASSPDLTRRTEAFF	TRBV14*01	2.3e-05	0.8484660791327177
CASSVEIGRDSPLHF	TRBV9*01	2.3e-05	0.6782187607810751
CASNLSGSRQETQYF	TRBV6-6*04	2.3e-05	0.5192356345409608
CASNTRGARTGELFF	TRBV7-2*01	2.3e-05	0.6112493972975932
CASSPGQGAGYGYTF	TRBV5-1*01	2.3e-05	0.17211547896830034
CASSQGAGKAGELFF	TRBV4-1*01	2.3e-05	0.6336370904516603
CASSQEPREASPLHF	TRBV4-1*01	2.3e-05	0.6803219152071982
CSARAQRGGLYEQYF	TRBV20-1*01	2.3e-05	0.8955967793884958
CASSAPGRKDGYTF	TRBV19*01	2.3e-05	0.6569492729779923
CASSIGQGASPLHF	TRBV19*01	2.3e-05	0.4845459582801902
CASSAGTANTEAFF	TRBV19*03	2.3e-05	0.16634319450549237
CASFTSGSQETQYF	TRBV6-5*01	2.3e-05	0.5117096496808268
CASSPESVSGEAFF	TRBV18*01	2.3e-05	0.6884853487919671
CASSFGLRRGEQFF	TRBV27*01	2.3e-05	0.7932070042174626
CASSLGGIAYEQYF	TRBV28*01	2.3e-05	0.40310464007968
CASSYRTGYQPQHF	TRBV6-5*01	2.3e-05	0.30978777883949954
CASSYLGTAYGYTF	TRBV6-5*01	2.3e-05	0.6671918549720823
CASSYRQGRTEAFF	TRBV6-2*01	2.3e-05	0.5622215175227725
CASSPGPYYSPLHF	TRBV6-6*04	2.3e-05	0.7296948317158504
CASSSWVSNQPQHF	TRBV5-6*01	2.3e-05	0.5531977681659254
CASSVDPGAYEQFF	TRBV9*01	2.3e-05	0.5348052129138038
CASSGQGWGTEAFF	TRBV5-6*01	2.3e-05	0.3177067023309187
CASRQREDTGELFF	TRBV4-1*01	2.3e-05	0.28855151050988387
CSARPPGRAYEQYF	TRBV20-1*01	2.3e-05	0.9412468779784452
CASNLGGRAEAFF	TRBV6-1*01	2.3e-05	0.6728027185365089
CACSTGTGNEQFF	TRBV30*01	2.3e-05	0.8408966440154177
CAWSHSIDTEAFF	TRBV30*01	2.3e-05	0.8193985728201716
CATSDWTGLDAFF	TRBV24-1*01	2.3e-05	0.9871008672820601
CASSPEKHTEAFF	TRBV19*03	2.3e-05	0.5473089434749436
CASSLGQGAEAFF	TRBV27*01	2.3e-05	0.2764350640928005
CASSSLSQETQYF	TRBV6-5*01	2.3e-05	0.3341537314619921
CASSLAGGPGRFF	TRBV5-1*01	2.3e-05	0.8387774128200346
CSAFGTGNTKAFF	TRBV20-1*01	2.3e-05	0.9176032920434345
CSAVLALTDTQYF	TRBV20-1*04	2.3e-05	0.9419835384501951
CATGRGQNEQYF	TRBV10-3*01	2.3e-05	0.6488292665395665
CASRIYGQPQHF	TRBV19*01	2.3e-05	0.6091287221208865
CASMGGYNEQFF	TRBV2*01	2.3e-05	0.48078665439944346
CASSNHLGRQFF	TRBV6-6*03	2.3e-05	0.9359720981850238
CASSLEQGGQYF	TRBV7-9*01	2.3e-05	0.4629119769797959
CASSLGTGYTF	TRBV28*01	2.3e-05	0.08631606790639543
CASSLDTEAFF	TRBV7-2*01	2.3e-05	0.08433380428393676
CSLSGIYEQYF	TRBV20-1*01	2.3e-05	0.5060610484319201
CSARSGRVAGAASSYEQYF	TRBV20-1*05	2.3e-05	0.8988108936732541
CASSLGSRLAGGWETQYF	TRBV7-2*01	2.3e-05	0.6620761702468193
CASSLGTGGRATNEKLFF	TRBV7-9*01	2.3e-05	0.4222750289345834
CASSDGVPGLAGRYEQYF	TRBV10-2*01	2.3e-05	0.6192271314890911
CASSFGGGGKFREKLFF	TRBV27*01	2.3e-05	0.9134898003039592
CASSSGLAGFGTGELFF	TRBV27*01	2.3e-05	0.452916274502216
CASSWTSGRARTDTQYF	TRBV27*01	2.3e-05	0.7431945609273184
CSAARAGSGRGNNEQFF	TRBV20-1*01	2.3e-05	0.8947172357679765
CAISESGQGTKNIQYF	TRBV10-3*01	2.3e-05	0.786720632067643
CAIRAGVRSGANVLTF	TRBV10-3*01	2.3e-05	0.666242266313523
CATSRESSGRVREQYF	TRBV15*01	2.3e-05	0.8116387358384285
CASSPPQDGGPPEAFF	TRBV18*01	2.3e-05	0.8475046879261877
CASSPPSGGIAQPQHF	TRBV18*01	2.3e-05	0.6556826853900419
CASTRTSPSGANVLTF	TRBV28*01	2.3e-05	0.787576255019806
CASTSPRLDGWNTQYF	TRBV27*01	2.3e-05	0.9205213617925159
CASSLVDSRGRNEQFF	TRBV7-2*01	2.3e-05	0.7324606850475538
CASSLEQGLTTDTQYF	TRBV11-1*01	2.3e-05	0.39338453503170706
CASSSQASQSYNEQFF	TRBV5-6*01	2.3e-05	0.4085438865322474
CASSVDGTGGVYEQYF	TRBV9*01	2.3e-05	0.31609282637755187
CASKNLGTGGNQPQHF	TRBV2*01	2.3e-05	0.570598816850849
CAWSLGYSGANVLTF	TRBV30*01	2.3e-05	0.5613288285886041
CATSVGLAGGVEQFF	TRBV24-1*01	2.3e-05	0.6968992176075745
CASSIKGHLNTEAFF	TRBV19*01	2.3e-05	0.6041809890759341
CASSISSVNTGELFF	TRBV19*01	2.3e-05	0.24917781936029273
CASSPTTGVDQPQHF	TRBV18*01	2.3e-05	0.3377540106752952
CASSQTQGPGAEAFF	TRBV18*01	2.3e-05	0.8011624837298175
CASAPTPGGGQPQHF	TRBV7-2*01	2.3e-05	0.5154441102732196
CASGSLAGVADTQYF	TRBV28*01	2.3e-05	0.5442813921257371
CASIRASGANNEQFF	TRBV27*01	2.3e-05	0.7020233867565567
CASSLRTSGYNEQFF	TRBV28*01	2.3e-05	0.2497652424170555
CASSYDRKGGTEAFF	TRBV6-5*01	2.3e-05	0.7341699926324106
CASSDPGLAKHEQFF	TRBV6-1*01	2.3e-05	0.8839821259824675
CASSTILAGQETQYF	TRBV28*01	2.3e-05	0.5345261655856739
CASSFQREAGNTIYF	TRBV7-9*01	2.3e-05	0.3203698654143474
CASSLRAGNTGELFF	TRBV11-3*01	2.3e-05	0.2357116235960249
CASSLVSGNTGELFF	TRBV7-9*01	2.3e-05	0.23291447834896978
CASSLGGGTSYEQYF	TRBV11-3*01	2.3e-05	0.1507967491832486
CASSLETLLGYGYTF	TRBV7-9*01	2.3e-05	0.6164985316025403
CASSYGTNSYNEQFF	TRBV27*01	2.3e-05	0.49745800301095316
CASSLGTAKNTEAFF	TRBV4-2*01	2.3e-05	0.3919814317777468
CASSPGQANYYEQYF	TRBV3-1*01	2.3e-05	0.4713423338051617
CASSVGTSGTYEQYF	TRBV9*01	2.3e-05	0.17047627095902113
CATEPQTGSGGEQFF	TRBV5-1*02	2.3e-05	0.815518702974927
CSAIPPRGVGETQYF	TRBV20-1*01	2.3e-05	0.9926634339180278
CAYEPGGKDDTQYF	TRBV30*01	2.3e-05	0.9088677343728462
CATSGMGEGPGYTF	TRBV24-1*01	2.3e-05	0.7353401528299064
CATSDPRQGRKLFF	TRBV24-1*01	2.3e-05	0.953722496241242
CATKVGQGNEKLFF	TRBV15*02	2.3e-05	0.7341198526552538
CASSSQQGGYGYTF	TRBV19*01	2.3e-05	0.15003808234571456
CASSRGDSNQPQHF	TRBV19*01	2.3e-05	0.10693463579054006
CASRPQTGGDIQYF	TRBV19*01	2.3e-05	0.665243862652005
CASSLSTAHRALHF	TRBV28*01	2.3e-05	0.9192320907618451
CASSYTDVNYGYTF	TRBV6-5*01	2.3e-05	0.20421127829204772
CASSTPLGAGEAFF	TRBV2*02	2.3e-05	0.7620808076186516
CASSLFGEAYEQYF	TRBV7-3*01	2.3e-05	0.31827471062046236
CASSQRQEYQPQHF	TRBV28*01	2.3e-05	0.5362935922109491
CASSVRDRSYGYTF	TRBV7-2*01	2.3e-05	0.238010243672459
CASSVVAGNYGYTF	TRBV9*01	2.3e-05	0.2780220911236814
CASSVAYRGTEAFF	TRBV9*01	2.3e-05	0.7503918036365251
CASISSGSQETQYF	TRBV5-1*01	2.3e-05	0.3396095018869311
CASSPGSGFDEQYF	TRBV5-1*01	2.3e-05	0.393874219785479
CASSESNPNTEAFF	TRBV10-2*01	2.3e-05	0.2417220613807771
CASSLDNGPYEQYF	TRBV5-1*01	2.3e-05	0.4070501481346797
CASSSGGAGNTIYF	TRBV5-1*01	2.3e-05	0.20638538016809854
CSVSQGHANTEAFF	TRBV29-1*01	2.3e-05	0.6056450074420158
CAISGDSNSPLHF	TRBV10-3*01	2.3e-05	0.29240043454286274
CASTGGGDQPQHF	TRBV19*01	2.3e-05	0.15084520858302028
CASSTGTGNTIYF	TRBV18*01	2.3e-05	0.1515363885153718
CASSNDRDNEQFF	TRBV6-6*03	2.3e-05	0.31916214283733674
CASSFTMNTEAFF	TRBV11-3*01	2.3e-05	0.34615570665555945
CASSPRGREKLFF	TRBV9*01	2.3e-05	0.3328696245673876
CASSQAPGAEQYF	TRBV3-1*01	2.3e-05	0.5268388969699653
CSALAGRWVEQYF	TRBV20-1*01	2.3e-05	0.9881442095763022
CAVKSYNSPLHF	TRBV10-3*01	2.3e-05	0.5079655463917641
CATRTEGQPQHF	TRBV10-3*01	2.3e-05	0.5052311597799768
CATADRNYGYTF	TRBV19*01	2.3e-05	0.4295701459711848
CSAREPTSEQFF	TRBV20-1*01	2.3e-05	0.9884765713401794
CSARNPEYEQYF	TRBV20-1*01	2.3e-05	0.9039914597583739
CASSSYNEQFF	TRBV5-1*01	2.3e-05	0.09661704518329779
CSASSNGELFF	TRBV20-1*04	2.3e-05	0.48609947143566945
CSARDQPGYTF	TRBV20-1*01	2.3e-05	0.8891504679596275
CAPALTGTGKVRNTEAFF	TRBV27*01	2.3e-05	0.9616446412640446
CSAFLSTSGSLYTGELFF	TRBV20-1*01	2.3e-05	0.9672082633129815
CASSLRKEGVGSYEQYF	TRBV11-1*01	2.3e-05	0.40250751579941196
CATSDSSGSAYNEQFF	TRBV24-1*01	2.3e-05	0.24680998062375242
CASSSGARAHRETQYF	TRBV27*01	2.3e-05	0.8881108147557037
CASSFKYRGINSPLHF	TRBV5-7*01	2.3e-05	0.9363939236098032
CASSSRWGISKQPQHF	TRBV7-8*01	2.3e-05	0.7490966683488414
CASSPRGAQGNEKLFF	TRBV28*01	2.3e-05	0.4351237968715566
CASSHRDSANTGELFF	TRBV6-6*05	2.3e-05	0.3605227378450136
CASSHVSGSSSYEQYF	TRBV4-2*01	2.3e-05	0.40416429991325575
CASSESAREGYNEQFF	TRBV10-1*01	2.3e-05	0.5457975009344637
CASSFGTASGANVLTF	TRBV4-1*01	2.3e-05	0.4389625378061739
CATQPSGSSYNEQFF	TRBV19*01	2.3e-05	0.427787356494356
CASRRGVGTTDTQYF	TRBV19*01	2.3e-05	0.43209623964835475
CASSPRRLGGETQYF	TRBV27*01	2.3e-05	0.7396184596052792
CASSVERARTYEQYF	TRBV2*01	2.3e-05	0.42955559895357465
CASSLLTVNTGELFF	TRBV7-8*03	2.3e-05	0.36339409927714145
CASSPRRGDNYGYTF	TRBV11-3*01	2.3e-05	0.37984763729198456
CASRQTGGNTDTQYF	TRBV2*01	2.3e-05	0.3266795018840716
CSAPQGGRAYNEQFF	TRBV20-1*01	2.3e-05	0.8565090406829539
CASRGQVDTGELFF	TRBV6-2*01	2.3e-05	0.3252271097240202
CATSSGGVSYGYTF	TRBV15*02	2.3e-05	0.2471926681597551
CASTQGGGNQPQHF	TRBV2*01	2.3e-05	0.1288046189502717
CASSLRPSTDTQYF	TRBV18*01	2.3e-05	0.37521011353250183
CASSPDRAKAEAFF	TRBV18*01	2.3e-05	0.8609833624025705
CASSQTSDYNEQFF	TRBV7-3*01	2.3e-05	0.2736212654476324
CASSLSSGNQPQHF	TRBV7-2*04	2.3e-05	0.0994505889290063
CASSGSQSNEKLFF	TRBV5-1*01	2.3e-05	0.27276028494216753
CASRLGQGQNIQYF	TRBV5-1*01	2.3e-05	0.6283327053422695
CSATLRRNTGELFF	TRBV20-1*01	2.3e-05	0.8965752180135982
CSASVGQGSQPQHF	TRBV20-1*04	2.3e-05	0.7448381763384757
CSASDPRGADTQYF	TRBV20-1*01	2.3e-05	0.8183300297954369
CSARVVKANYGYTF	TRBV20-1*01	2.3e-05	0.9755222588468027
CSARLRAYNSPLHF	TRBV20-1*01	2.3e-05	0.952527553039137
CASRRQGDTEAFF	TRBV19*01	2.3e-05	0.16353016783878635
CASSPGSHYEQYF	TRBV7-9*01	2.3e-05	0.21278982231557908
CASSQEGFGEAFF	TRBV4-2*01	2.3e-05	0.4081568874388476
CASSATGRDSLHF	TRBV7-9*04	2.3e-05	0.46916443797531726
CASSAGGNNEQFF	TRBV10-1*01	2.3e-05	0.2748444288704397
CSAFGRYGEPQHF	TRBV20-1*01	2.3e-05	0.9799093184442658
CSALDNAKMKAFF	TRBV20-1*01	2.3e-05	0.9894527659230149
CASSRGEAEQYF	TRBV7-9*01	2.3e-05	0.2831758568663824
CASREGTGELFF	TRBV2*01	2.3e-05	0.09207941064448753
CASNQTGVQYF	TRBV19*01	2.3e-05	0.6923124993337264
CASGVSYEQYF	TRBV11-2*01	2.3e-05	0.2945795337341582
CSAWVKSEQYF	TRBV20-1*01	2.3e-05	0.9950899648420058
CASSLSTGLDSNQPQHF	TRBV7-9*01	2.3e-05	0.44737277271901277
CATSDFGGQGRNEQFF	TRBV24-1*01	2.3e-05	0.8169607050137927
CASSLPRLAGGDEQFF	TRBV28*01	2.3e-05	0.6887886483485568
CASSDHRVSTNEKLFF	TRBV6-1*01	2.3e-05	0.38809241008924655
CASSESGTGWRETQYF	TRBV2*03	2.3e-05	0.9337462180709913
CASSTRMGTRHNEQFF	TRBV27*01	2.3e-05	0.9184943098388973
CASSQVAGTGSTEAFF	TRBV3-1*01	2.3e-05	0.23011915748169398
CASSLAGGPAETQYF	TRBV7-3*01	2.3e-05	0.6388673356832085
CASSHPTGGYEKLFF	TRBV3-1*01	2.3e-05	0.3316547383186652
CASSVDPRGGNTIYF	TRBV9*01	2.3e-05	0.47799153592307503
CASRATSGRASEQYF	TRBV2*01	2.3e-05	0.5757972356972544
CSARMAGGPRETQYF	TRBV20-1*01	2.3e-05	0.961695209242571
CASSPDRSGNTIYF	TRBV18*01	2.3e-05	0.21009272744822505
CASSYGGVQETQYF	TRBV6-5*01	2.3e-05	0.4386932420334083
CASSLVKGVTEAFF	TRBV5-5*01	2.3e-05	0.3740179032083514
CASSVEGLNTEAFF	TRBV9*01	2.3e-05	0.1602780009801724
CASSLQVATDTQYF	TRBV5-1*01	2.3e-05	0.41501858586707174
CASSSRDTPDTQYF	TRBV5-1*01	2.3e-05	0.317850731086403
CASSLATEKKLFF	TRBV7-6*01	2.3e-05	0.49747686739703395
CASSLSPAHGYTF	TRBV5-1*01	2.3e-05	0.6101559085713913
CSVCCLESYEQYF	TRBV20-1*01	2.3e-05	0.7580259604688313
CSVEEGQDTEAFF	TRBV29-1*01	2.3e-05	0.7302536388747872
CASTRDTDTQYF	TRBV2*01	2.3e-05	0.22996179059320465
CASSLLGQTQYF	TRBV13*01	2.3e-05	0.38479393769474146
CSARDPRQGAVDTEAFF	TRBV20-1*01	2.2e-05	0.9715295895738568
CATSDGRSNTGELFF	TRBV24-1*01	2.2e-05	0.3272639543793174
CASSPRLAGDNEQFF	TRBV18*01	2.2e-05	0.6420491897333339
CSAKRQGAYNSPLHF	TRBV20-1*01	2.2e-05	0.9429366083652958
CASTSPTNYEQYF	TRBV2*01	2.2e-05	0.2922703946034807
CASSPWRTGGGETQYF	TRBV6-2*01	2.2e-05	0.6710394621043677
CAWSVLGPTNEKLFF	TRBV30*01	2.2e-05	0.6700438873677008
CASSEFAGAGNTIYF	TRBV2*03	2.2e-05	0.2675481219508287
CASSLTAGVAEQYF	TRBV28*01	2.2e-05	0.5953498619799089
CASSADSLEAFF	TRBV2*01	2.2e-05	0.3934614520274724
CSARAGDYGYTF	TRBV20-1*01	2.2e-05	0.7356087901343119
CASLSSSGISYNEQFF	TRBV28*01	2.2e-05	0.35719349007183177
CASSVRPTRSSYEQYF	TRBV9*01	2.2e-05	0.787714352302325
CASSQGQAYSNQPQHF	TRBV4-1*01	2.2e-05	0.2817588842824141
CASSWGTGPPYEQYF	TRBV19*01	2.2e-05	0.5126617929802691
CASKGQGAASYGYTF	TRBV10-2*01	2.2e-05	0.48637726248502505
CSASLAASGSYEQYF	TRBV20-1*02	2.2e-05	0.8095499805127487
CASSLAGLYTEAFF	TRBV7-2*01	2.2e-05	0.3122716617892618
CSAPEVGGEEQYF	TRBV20-1*01	2.2e-05	0.8968316335098085
CASSYSFADRGESNQPQHF	TRBV6-5*01	2.2e-05	0.8749062301924255
CASSHNLLGASDSYEQYF	TRBV11-2*01	2.2e-05	0.7903275945375514
CAISEFYGRESKNEQFF	TRBV10-3*01	2.2e-05	0.9650289150822005
CATSREMRTGGAGTIYF	TRBV15*01	2.2e-05	0.834681479398185
CASRSYLSGSRRETQYF	TRBV28*01	2.2e-05	0.7673351115445061
CASSYGTSGSGAYEQYF	TRBV4-2*01	2.2e-05	0.35295305045029507
CSAIISGSGSSTDTQYF	TRBV20-1*04	2.2e-05	0.8853832290175769
CASTPEIDRGRNEQYF	TRBV28*01	2.2e-05	0.8818801552916045
CASTRLRRVADEKLFF	TRBV6-1*01	2.2e-05	0.9184740136625038
CASSHERLAGSGELFF	TRBV4-2*01	2.2e-05	0.6167141970244464
CASREGGLAGSYEQYF	TRBV28*01	2.2e-05	0.25214047723181754
CASSLGSGQTSYGYTF	TRBV5-1*01	2.2e-05	0.22612989144578857
CASSLRRGPGNTIYF	TRBV6-5*01	2.2e-05	0.36451076609124705
CASSLGTVATHGYTF	TRBV7-9*01	2.2e-05	0.7744993244496142
CASKGASYSNQPQHF	TRBV27*01	2.2e-05	0.40166429791706404
CSARGQANPNYGYTF	TRBV20-1*01	2.2e-05	0.922637245133655
CSGAGGDSYNSPLHF	TRBV20-1*01	2.2e-05	0.722398672886035
CATSDPGIYNEQFF	TRBV24-1*01	2.2e-05	0.6982984998954646
CASSGSGGLQPQHF	TRBV19*01	2.2e-05	0.1950328389696169
CASSLRVPAGELFF	TRBV28*01	2.2e-05	0.8923578419502284
CASSLGDRNYGYTF	TRBV11-2*01	2.2e-05	0.1131527369794713
CASSQGTGLYEQYF	TRBV3-1*01	2.2e-05	0.2762825237060949
CASRPQGSYNEQFF	TRBV6-1*01	2.2e-05	0.37417784294738776
CAITTGPGAEAFF	TRBV10-3*01	2.2e-05	0.8488324262849257
CASIWGINTEAFF	TRBV28*01	2.2e-05	0.4411933196940877
CASSSTGGEGQYF	TRBV2*01	2.2e-05	0.31649927645284515
CASSVDAWDEQFF	TRBV9*01	2.2e-05	0.7096307436002532
CASSRDRGYGYTF	TRBV10-1*01	2.2e-05	0.10854588859977365
CSVRILNTEAFF	TRBV29-1*01	2.2e-05	0.77217472203686
CASSRVGELFF	TRBV3-1*01	2.2e-05	0.1815978867434615
CASSPFHYTGGKSQETQYF	TRBV28*01	2.2e-05	0.8391289682884709
CASSSVFLKRQGVGEQYF	TRBV11-2*01	2.2e-05	0.9080067190949206
CASKRLGGEGDNQPQHF	TRBV6-1*01	2.2e-05	0.527857422989811
CASSRYPGTPNNSPLHF	TRBV4-1*01	2.2e-05	0.9037575865378484
CASSINLAGGSGEQYF	TRBV19*01	2.2e-05	0.7255388040659624
CASSLNGAAGGTEAFF	TRBV27*01	2.2e-05	0.44542685001188637
CASSYRQGNGDSPLHF	TRBV7-6*01	2.2e-05	0.48533867878201326
CASSSGLAGGLGEQYF	TRBV10-1*01	2.2e-05	0.40876542450777953
CASMGRGRSGNTIYF	TRBV3-1*01	2.2e-05	0.3743129757695353
CASSLLAGSYNEQFF	TRBV6-5*01	2.2e-05	0.1770654600210317
CASSLVNRGRETQYF	TRBV11-2*01	2.2e-05	0.6578395233285684
CASSLEEVANTEAFF	TRBV11-2*01	2.2e-05	0.2298953234993826
CASSSFRGRAGELFF	TRBV11-2*01	2.2e-05	0.6669764862027884
CASSHGGREGKTQYF	TRBV7-2*01	2.2e-05	0.8034562093393518
CASSGTSGRGGEQFF	TRBV2*01	2.2e-05	0.37576939402250525
CASRVQGAHNEKLFF	TRBV28*01	2.2e-05	0.5019049887569936
CASSDGSISGNTIYF	TRBV10-1*01	2.2e-05	0.27853738289167795
CASSLSLGPTLEAFF	TRBV5-1*01	2.2e-05	0.8448263169269293
CASSLEGQGGETQYF	TRBV5-1*01	2.2e-05	0.25287151360075055
CSAPQAGGNTDTQYF	TRBV20-1*01	2.2e-05	0.8893177641558477
CASSPTGGVYEQYF	TRBV27*01	2.2e-05	0.2082828207777241
CASSEQAGNVDAFF	TRBV6-1*01	2.2e-05	0.7706927725711908
CASSFGDRGNTIYF	TRBV11-2*01	2.2e-05	0.3829020362759937
CASSPQGRGQPQHF	TRBV5-1*01	2.2e-05	0.27498101669132
CSARWGGRNQPQHF	TRBV20-1*02	2.2e-05	0.873019173347571
CSASFSASLETQYF	TRBV20-1*02	2.2e-05	0.9052396236495666
CAWSTYPSETQYF	TRBV30*01	2.2e-05	0.9259795970844359
CAGTGFNTEKLFF	TRBV2*01	2.2e-05	0.6107996126097489
CASSNGGNTEAFF	TRBV6-6*05	2.2e-05	0.13284126092405965
CASTDRDASGYTF	TRBV4-1*01	2.2e-05	0.4973067715468624
CASSRQGTYEQYF	TRBV10-1*01	2.2e-05	0.2308216284342514
CATGGQYNEQFF	TRBV24-1*01	2.2e-05	0.43892374131850376
CASSFGRETQYF	TRBV19*01	2.2e-05	0.3009746630034732
CASSPPRGEQYF	TRBV18*01	2.2e-05	0.3318058343892113
CASSPPSREAFF	TRBV18*01	2.2e-05	0.7333326922398065
CASSLRGHGYTF	TRBV7-9*01	2.2e-05	0.2631291328224798
CASSELYYEQYF	TRBV10-2*01	2.2e-05	0.21334708348104928
CSFREGETQYF	TRBV20-1*01	2.2e-05	0.8714354001294973
CASSQEKGLEGLKNTGELFF	TRBV3-1*01	2.2e-05	0.73918591101051
CASSPMRGAGLAGTGELFF	TRBV14*01	2.2e-05	0.5998731255365524
CASSFNMGAGGSYNEQFF	TRBV28*01	2.2e-05	0.6912095309399058
CASSVARTSGRYYNEQFF	TRBV9*01	2.2e-05	0.8364275126317914
CATSDLGGAGDKNEQFF	TRBV24-1*01	2.2e-05	0.8228920654097673
CASSPAPGRELNQPQHF	TRBV18*01	2.2e-05	0.5512566851985645
CSASTASGSGGRGELFF	TRBV20-1*04	2.2e-05	0.9253091870770402
CATSDSGTALNQPQHF	TRBV24-1*01	2.2e-05	0.7196145545568697
CASTLGTSGGVYTQYF	TRBV19*01	2.2e-05	0.36529608026193044
CASSPAGGGRRDTQYF	TRBV18*01	2.2e-05	0.4763276290937789
CASSRAGTTYNSPLHF	TRBV18*01	2.2e-05	0.5379402163855479
CASSRGLAENTGELFF	TRBV18*01	2.2e-05	0.30101215940147247
CASSPVRGGVGNEQFF	TRBV28*01	2.2e-05	0.7813759982125843
CASSLRGDGPQETQYF	TRBV9*01	2.2e-05	0.5731235718047336
CASSQGDRGLNYGYTF	TRBV4-2*01	2.2e-05	0.30932769530223087
CASSADRGFSGNTIYF	TRBV9*03	2.2e-05	0.33332541216211986
CASRERTGGGGEKLFF	TRBV2*01	2.2e-05	0.32910400959440617
CASSESGGAGNSPLHF	TRBV10-2*01	2.2e-05	0.24182317651734808
CASSLAAGLKGYEQYF	TRBV5-1*01	2.2e-05	0.36737074800795205
CATSRLDREGTEAFF	TRBV15*02	2.2e-05	0.7409647294405022
CATRSTGRRLQPQHF	TRBV15*02	2.2e-05	0.6700832347813364
CASTPQPGQGNGYTF	TRBV19*01	2.2e-05	0.6503388779984117
CASSKFRQGGYEQYF	TRBV19*01	2.2e-05	0.4310531732012885
CASNQGRSNTGELFF	TRBV2*01	2.2e-05	0.3898545193237607
CASFRQGRPNTEAFF	TRBV19*01	2.2e-05	0.778532217227108
CASSRWETGADTQYF	TRBV18*01	2.2e-05	0.5991740941480613
CASSWQVTNTGELFF	TRBV6-5*01	2.2e-05	0.5913786611369501
CASSYRLAATDTQYF	TRBV6-5*01	2.2e-05	0.6273898393090833
CASSLSGRAKGGYTF	TRBV7-9*01	2.2e-05	0.6529956074545619
CASSPRGDSNSPLHF	TRBV6-6*04	2.2e-05	0.34114276716235237
CASSGTGILSNEQFF	TRBV28*01	2.2e-05	0.7456140546774724
CASSDSGVDNSPLHF	TRBV6-4*01	2.2e-05	0.2145471868073726
CASSEGYSFHQPQHF	TRBV6-1*01	2.2e-05	0.5104060046110095
CASSLKTALNEKLFF	TRBV7-2*01	2.2e-05	0.6483408908734053
CASSWEDRSNYEQYF	TRBV5-5*01	2.2e-05	0.5868691334382814
CASSRFSGKGYEQYF	TRBV6-6*05	2.2e-05	0.709873458601161
CASSRGTLSSYEQYF	TRBV11-2*01	2.2e-05	0.36956379019180435
CASSQGTGPNTEAFF	TRBV3-1*01	2.2e-05	0.2204643631949743
CASRQKGAANSPLHF	TRBV3-1*01	2.2e-05	0.6609805718144108
CASRTSTGTNNEQFF	TRBV27*01	2.2e-05	0.4996894076866055
CASSDWGSGNYGYTF	TRBV10-2*01	2.2e-05	0.1827562978100303
CASSLNGAANTEAFF	TRBV5-1*01	2.2e-05	0.3000833724289361
CASSQDGQVHQPQHF	TRBV4-1*01	2.2e-05	0.6873827847253142
CSAQEGWGFTYEQYF	TRBV20-1*01	2.2e-05	0.9570611082321246
CASSPASDPYEQYF	TRBV18*01	2.2e-05	0.3586994342378882
CASSSQQVRDEQFF	TRBV28*01	2.2e-05	0.8711701633958082
CASSPRRGQGKLFF	TRBV6-6*04	2.2e-05	0.6476734357722392
CASSLVSSLYGYTF	TRBV11-2*01	2.2e-05	0.3681962571551776
CASSLALGRGGYTF	TRBV7-2*01	2.2e-05	0.48281450164532563
CASSLGLAGAVQYF	TRBV11-2*01	2.2e-05	0.7058054248110506
CASSPALSTDTQYF	TRBV11-2*01	2.2e-05	0.5604844102606332
CASSPFGPAGEAFF	TRBV7-9*01	2.2e-05	0.8973906242279251
CASSPPGGHEKLFF	TRBV11-2*01	2.2e-05	0.35265207189921316
CASSPRGGANEQFF	TRBV7-6*01	2.2e-05	0.3903851632121677
CASSRDRESYEQYF	TRBV7-8*03	2.2e-05	0.18950223183578407
CASSQDYKDNEQFF	TRBV3-1*01	2.2e-05	0.7223743955965438
CASSLGPSTDTQYF	TRBV5-1*01	2.2e-05	0.21157665672168396
CASSLEVSGNTIYF	TRBV5-1*01	2.2e-05	0.20328105647707118
CASSQGTGGYGYTF	TRBV4-1*01	2.2e-05	0.10922750225246641
CASSVIQGTDTQYF	TRBV5-1*01	2.2e-05	0.3196483612357472
CSARSPSGANVLTF	TRBV20-1*01	2.2e-05	0.9060524274017066
CSAINRQNTDTQYF	TRBV20-1*01	2.2e-05	0.915649145503018
CATSRGPNQPQHF	TRBV15*01	2.2e-05	0.2111170501841425
CASSWDRDSPLHF	TRBV6-5*01	2.2e-05	0.42411799111105053
CASSRGLNTEAFF	TRBV6-6*04	2.2e-05	0.08780621422674173
CASSLGGDYGYTF	TRBV7-2*01	2.2e-05	0.0882991551926524
CASSLTGDYGYTF	TRBV7-2*01	2.2e-05	0.0968358303057694
CASSPGVDQPQHF	TRBV28*01	2.2e-05	0.11157369393316371
CASSQDAFYGYTF	TRBV3-1*01	2.2e-05	0.4751154203577815
CASSSHRANEQYF	TRBV6-6*05	2.2e-05	0.47422568533180015
CASGSSLGNTIYF	TRBV4-1*01	2.2e-05	0.196098099239417
CASSFLAGAEQYF	TRBV5-1*01	2.2e-05	0.5626553395956425
CASSLGRGAEQYF	TRBV5-1*01	2.2e-05	0.2545712180047952
CASSQGQTYEQYF	TRBV4-1*01	2.2e-05	0.32636257898667237
CSARALRGVEQYF	TRBV20-1*01	2.2e-05	0.9851101239656663
CASSRPRTPLHF	TRBV3-1*01	2.2e-05	0.5996936784407525
CASSLSGNTIYF	TRBV3-1*01	2.2e-05	0.15535695948071002
CASSPTHRTIYF	TRBV28*01	2.2e-05	0.9086999983062267
CASSRGQGGAFF	TRBV6-6*05	2.2e-05	0.4590218517916436
CASSTGFGYTF	TRBV19*03	2.2e-05	0.20150749508918922
CASSYGDEQFF	TRBV6-5*01	2.2e-05	0.3668867167412318
CASSPTDTQYF	TRBV2*01	2.2e-05	0.24387893472217606
CASSVGGIYTF	TRBV9*01	2.2e-05	0.26447906655633446
CSASLGQQFF	TRBV20-1*01	2.2e-05	0.8385547753473808
CAWSVPRTRDYRAGELFF	TRBV30*01	2.2e-05	0.9555944139360947
CAIRTRRWTGGAADTQYF	TRBV10-3*01	2.2e-05	0.9622907549562791
CATLPMGKGRGADTEAFF	TRBV10-3*01	2.2e-05	0.9451858688858747
CATSDPTLQIANTGELFF	TRBV24-1*01	2.2e-05	0.8352209402285664
CASSIRATEGMNTEAFF	TRBV19*01	2.2e-05	0.7280496619697261
CASSPRRGGPPHNEQFF	TRBV18*01	2.2e-05	0.7828585412316922
CASSSLLRGAQNTEAFF	TRBV28*01	2.2e-05	0.6398314313524244
CASSYWGGTLETDTQYF	TRBV6-9*01	2.2e-05	0.7630487627284891
CASSAIPGQEGDQPQHF	TRBV5-1*01	2.2e-05	0.50685360008905
CASSLRGPSSYNEQFF	TRBV7-2*01	2.2e-05	0.3889771005632129
CASSLTQGLASNEQYF	TRBV6-6*05	2.2e-05	0.36178217847278626
CASSQSLGEGYNEQFF	TRBV4-2*01	2.2e-05	0.42762743929631036
CATFTITGVNSPLHF	TRBV7-2*01	2.2e-05	0.8175208822361952
CATSRGRGGNQPQHF	TRBV15*02	2.2e-05	0.10466270451984243
CASRASGSGVNEQFF	TRBV19*01	2.2e-05	0.35985696409664414
CASGSPTWRNTEAFF	TRBV28*01	2.2e-05	0.966225342338233
CASTQGPQGASGYTF	TRBV6-6*04	2.2e-05	0.7458052048629219
CASSVQGQAGNTIYF	TRBV2*01	2.2e-05	0.33295454054133844
CASSTPAGMNTEAFF	TRBV2*02	2.2e-05	0.43662729592601995
CASSLPHLAYNEQFF	TRBV11-2*01	2.2e-05	0.5652331383986721
CASSLGLPRAGEQFF	TRBV7-3*01	2.2e-05	0.7574207289642272
CASSLGTGSNYGYTF	TRBV7-9*01	2.2e-05	0.09516810831842333
CASSPQQGPGNTIYF	TRBV9*01	2.2e-05	0.27718170775973255
CASSVVGAPNYGYTF	TRBV9*01	2.2e-05	0.47998931877619017
CASSGSRGLPGAQHF	TRBV2*01	2.2e-05	0.9404020357975661
CASSEVQGPKETQYF	TRBV3-1*01	2.2e-05	0.6269766484605777
CASSFGTGGINEQYF	TRBV5-1*01	2.2e-05	0.43292293984946534
CASSWGTSGPYEQYF	TRBV5-1*01	2.2e-05	0.31091495661949087
CASSLRDPITGELFF	TRBV5-1*01	2.2e-05	0.6583682611255479
CSARGAKNGRPEAFF	TRBV20-1*01	2.2e-05	0.9733599968022183
CAWKSRYAVYEAFF	TRBV30*05	2.2e-05	0.9366186274178193
CATSEQGTSYTQYF	TRBV24-1*01	2.2e-05	0.3775654480543965
CATSEKQGAREQYF	TRBV24-1*01	2.2e-05	0.8339190879503167
CASARDQPPDTQYF	TRBV6-1*01	2.2e-05	0.8497195069357245
CASIPTLSTDTQYF	TRBV28*01	2.2e-05	0.8133923646263728
CASSLPGGGREQYF	TRBV28*01	2.2e-05	0.32873703142921906
CASSPPGIGDTQYF	TRBV28*01	2.2e-05	0.48710513010630535
CASSERLAGDTQYF	TRBV6-1*01	2.2e-05	0.3256293592773696
CASSQDWTAYEQYF	TRBV4-2*01	2.2e-05	0.8684990225233669
CASSQEREARRYTF	TRBV4-2*01	2.2e-05	0.8713644245932494
CASSVGNRDNEQFF	TRBV9*01	2.2e-05	0.5458225426916045
CASTLTPQGAEAFF	TRBV10-2*01	2.2e-05	0.8322977102260734
CASSLLTGGTEAFF	TRBV5-1*01	2.2e-05	0.16783426201965682
CASSQDLRIYEQFF	TRBV4-1*01	2.2e-05	0.8762173056987367
CASRPDRSTDTQYF	TRBV5-1*01	2.2e-05	0.534623746381033
CSATLAGENHEQFF	TRBV20-1*01	2.2e-05	0.8948231934050421
CSATGLNSYNEQFF	TRBV20-1*01	2.2e-05	0.819393245136663
CSASSGGTNYGYTF	TRBV20-1*04	2.2e-05	0.44157423483359354
CAWSVDRVGEQFF	TRBV30*01	2.2e-05	0.6985213840919154
CASSILSGNTIYF	TRBV19*01	2.2e-05	0.17273391216802653
CASSIKGDGELFF	TRBV19*01	2.2e-05	0.5539345473125262
CASSPILNTEAFF	TRBV18*01	2.2e-05	0.3001746811577876
CASSYILRDTQYF	TRBV28*01	2.2e-05	0.8156042186610626
CASSLIENTEAFF	TRBV5-5*01	2.2e-05	0.18153351242434432
CASSAGGRETQYF	TRBV9*03	2.2e-05	0.2673066386139191
CASRRTGNTEAFF	TRBV6-6*03	2.2e-05	0.1163372516605687
CASKAGGADTQYF	TRBV2*01	2.2e-05	0.45132803693240886
CASSLLAKNIQYF	TRBV5-1*01	2.2e-05	0.6496221294048972
CASSPASSYEQYF	TRBV4-1*01	2.2e-05	0.26312557332038283
CASSIDRNTEAFF	TRBV10-1*01	2.2e-05	0.1035624416712899
CSASLSMNTEAFF	TRBV20-1*04	2.2e-05	0.5776748689770048
CSARVRVKGGYTF	TRBV20-1*01	2.2e-05	0.9862293760630564
CSARRQGVYEQYF	TRBV20-1*01	2.2e-05	0.8761623707017868
CSAKASGTLEQYF	TRBV20-1*05	2.2e-05	0.9898905963167498
CASSRRNTEAFF	TRBV19*01	2.2e-05	0.08867718526349462
CASSPETGGVFF	TRBV18*01	2.2e-05	0.5776927186200896
CASSARNSPLHF	TRBV3-1*01	2.2e-05	0.19952412163379157
CSAPDGYEQYF	TRBV20-1*01	2.2e-05	0.7125132510349623
CATSRGGTSGGASYNEQFF	TRBV15*01	2.2e-05	0.39987790775657583
CASSPRSGLAGGQGGELFF	TRBV7-9*01	2.2e-05	0.5441351421552395
CASSQVGLADLSGANVLTF	TRBV4-1*01	2.2e-05	0.7681769261835139
CATSDLGGRENTGELFF	TRBV24-1*01	2.2e-05	0.5797995073174917
CASSEYAIRTSGSRQFF	TRBV25-1*01	2.2e-05	0.9539259071390924
CASSEIPQSILGNEQFF	TRBV6-1*01	2.2e-05	0.9349783132933295
CASSPTYGVRGNYGYTF	TRBV9*01	2.2e-05	0.8802234470326706
CATSDFAGERTGELFF	TRBV24-1*01	2.2e-05	0.8410722749256666
CASSLDPSSGRNEQFF	TRBV11-3*01	2.2e-05	0.6463530233084356
CSASPPTSGSYYEQYF	TRBV20-1*04	2.2e-05	0.8992039982408817
CAIRDSGSSYNEQFF	TRBV10-3*01	2.2e-05	0.42992825121130246
CASSPTRFNSYEQYF	TRBV18*01	2.2e-05	0.6433562638560987
CASSSTGGRNTEAFF	TRBV28*01	2.2e-05	0.14090430587845612
CASSSIGTGNTEAFF	TRBV27*01	2.2e-05	0.16562001316181243
CASSPSRGADYGYTF	TRBV6-2*01	2.2e-05	0.3091284535841627
CASSLGAGDDNEQFF	TRBV11-2*01	2.2e-05	0.2893461548157206
CASSLKMSPYTEAFF	TRBV14*01	2.2e-05	0.8399218095712656
CASSPGTGSRTEAFF	TRBV6-4*01	2.2e-05	0.42932331594159606
CASSPDGGGVYGYTF	TRBV7-2*01	2.2e-05	0.3076785114492861
CASSKRGIPTDTQYF	TRBV2*01	2.2e-05	0.7528866070302485
CASRAQLGTNYGYTF	TRBV6-6*05	2.2e-05	0.4533892321179467
CASSLEDSLVNTQYF	TRBV5-1*01	2.2e-05	0.679410210166165
CASSQASDRYYEQYF	TRBV4-1*01	2.2e-05	0.6520640305970243
CAWSMGQGGNEQFF	TRBV30*01	2.2e-05	0.7626958558124277
CATFEGQGSNEQFF	TRBV6-1*01	2.2e-05	0.767126284622764
CASKVGVGTDTQYF	TRBV19*01	2.2e-05	0.5723166183933399
CASSSRRGLETQYF	TRBV28*01	2.2e-05	0.4002609922585171
CASSYSSGYNEQFF	TRBV6-5*01	2.2e-05	0.1805844570312306
CASSPPLGRKTQYF	TRBV11-2*01	2.2e-05	0.9410104113470783
CASSPGQPHSPLHF	TRBV7-3*01	2.2e-05	0.8633629525056584
CASSQGRGANVLTF	TRBV3-1*01	2.2e-05	0.15472220415964852
CASRAGGREETQYF	TRBV2*01	2.2e-05	0.4304333032526818
CASSDGGGTDTQYF	TRBV5-1*01	2.2e-05	0.22419715776381277
CASSLGSGANVLTF	TRBV5-1*01	2.2e-05	0.08690657370786274
CASSLDRTDGEAFF	TRBV5-1*01	2.2e-05	0.5436218987639441
CASSGSHPNYGYTF	TRBV5-1*01	2.2e-05	0.34249080658416287
CSASGLAGGETQYF	TRBV20-1*01	2.2e-05	0.860061362216349
CSAPSGGGRDEQYF	TRBV20-1*01	2.2e-05	0.8240955796400323
CASSLSGANVLTF	TRBV6-5*01	2.2e-05	0.10710358441895779
CASSLLGEETQYF	TRBV28*01	2.2e-05	0.23045234079423807
CASSGEMNTEAFF	TRBV2*01	2.2e-05	0.12599767808998014
CASSEARHNNAFF	TRBV6-1*01	2.2e-05	0.4188881694945987
CASSLRGPGELFF	TRBV13*01	2.2e-05	0.3726358412036655
CASSRQGNTEAFF	TRBV6-6*04	2.2e-05	0.08479568536011227
CASSQGTGGEQYF	TRBV3-1*01	2.2e-05	0.1833864811088749
CASSRHGTDTQYF	TRBV27*01	2.2e-05	0.3571039227977709
CASRVNRDTEAFF	TRBV2*01	2.2e-05	0.41733199080043637
CASRRTLNTEAFF	TRBV6-6*04	2.2e-05	0.2872231734015281
CASNRGGAEEQYF	TRBV14*01	2.2e-05	0.4886274509405324
CASSEPGAETQYF	TRBV10-1*01	2.2e-05	0.38695099593824106
CASSWKGEETQYF	TRBV5-1*01	2.2e-05	0.6703053066367053
CASSLGTDYEQYF	TRBV4-1*01	2.2e-05	0.09067515770482333
CASSPRAYEQYF	TRBV18*01	2.2e-05	0.19323679189573004
CASSTRVGELFF	TRBV6-5*01	2.2e-05	0.5135239039460127
CASSQGSDRLCF	TRBV3-1*01	2.2e-05	0.8881186327625017
CASSLTGHYTF	TRBV5-1*01	2.2e-05	0.3511823723882161
CASSSWGVGTSGTGTDTQYF	TRBV7-3*01	2.2e-05	0.452351206069801
CASSPRTGFSGANVLTF	TRBV27*01	2.2e-05	0.7153165154836089
CASSPTSGRTSSYEQYF	TRBV7-2*01	2.2e-05	0.31517882995875474
CATSEHSTGGGETQYF	TRBV24-1*01	2.2e-05	0.5513035061104192
CASSSTPGRGANVLTF	TRBV19*03	2.2e-05	0.50676002882866
CASARRAGGFADTQYF	TRBV19*01	2.2e-05	0.5607374798642183
CASSGGGGTGDHEQYF	TRBV9*01	2.2e-05	0.3634584681621893
CASSFLLAGSTDTQYF	TRBV5-1*01	2.2e-05	0.5949544179663241
CASSPPTRVGGEQFF	TRBV18*01	2.2e-05	0.8959100911689436
CASSYSNAGDHEQYF	TRBV6-5*01	2.2e-05	0.5522153473406736
CASSPSGAMNTEAFF	TRBV6-6*04	2.2e-05	0.2581995222404767
CASSVATDSGNTIYF	TRBV9*01	2.2e-05	0.2705806511277789
CASRPTSGGPDTQYF	TRBV2*01	2.2e-05	0.5326356852688935
CASTRDGDRVNTIYF	TRBV10-2*01	2.2e-05	0.5906731000527448
CSAHLPGGSTDTQYF	TRBV20-1*01	2.2e-05	0.946721227016432
CAISGAGGQETQYF	TRBV10-3*01	2.2e-05	0.5546880872015765
CASTETGPGTEAFF	TRBV7-3*01	2.2e-05	0.36803938075823184
CASSFGATNEKLFF	TRBV28*01	2.2e-05	0.17494685684650524
CASSSLTGRYGYTF	TRBV28*01	2.2e-05	0.2966706960475154
CASSPQSGSVEQFF	TRBV7-9*01	2.2e-05	0.6145213908758974
CASSAGTRNTEAFF	TRBV2*01	2.2e-05	0.14879724324966603
CASSLDRGQETQYF	TRBV11-3*01	2.2e-05	0.2934846615236376
CASSSPWGPDTQYF	TRBV11-3*01	2.2e-05	0.7237568038905231
CASSPGQLQETQYF	TRBV4-1*01	2.2e-05	0.49469795953601703
CSAARLAGVLEQFF	TRBV20-1*01	2.2e-05	0.9695128131798249
CSAGLAGSTDTQYF	TRBV20-1*04	2.2e-05	0.8013014932622902
CASSQGLTDTQYF	TRBV2*01	2.2e-05	0.18440474568715254
CASSVGQNTEAFF	TRBV18*01	2.2e-05	0.08864277962460641
CASAFYSNQPQHF	TRBV19*01	2.2e-05	0.5680728547340264
CASSQGAGQTQYF	TRBV3-1*01	2.2e-05	0.47715148559300913
CASSASSDTEAFF	TRBV9*03	2.2e-05	0.09939292986841272
CASNTGGTGELFF	TRBV5-1*01	2.2e-05	0.19192246995505519
CSASLLPGLAFF	TRBV20-1*02	2.2e-05	0.983951557945899
CSARMASRGGTEAFF	TRBV20-1*01	2.1e-05	0.973268507516541
CATSDTDRPRDEQYF	TRBV24-1*01	2.1e-05	0.7885375830000808
CASSPRAYRDGYGYTF	TRBV18*01	2.1e-05	0.8681233875603581
CASSEDGTGQETQYF	TRBV2*01	2.1e-05	0.5490404482354811
CASSPDRALNYGYTF	TRBV9*01	2.1e-05	0.4402550912196464
CASSLTSSGNTIYF	TRBV4-1*01	2.1e-05	0.14761344578954236
CSVATLGRNTEAFF	TRBV29-1*01	2.1e-05	0.9529417572065898
CASRFAGPLPQHF	TRBV19*03	2.1e-05	0.8732277336522417
CASSIDRNTEAFF	TRBV19*01	2.1e-05	0.1035624416712899
CSARGGNNYEQYF	TRBV20-1*01	2.1e-05	0.7752500354769616
CASSAGNTIYF	TRBV9*03	2.1e-05	0.13692339340934526
CAWSLIGLDPERYGEQYF	TRBV30*01	2.1e-05	0.9749557526210635
CASSVHTLGTSGRYEQFF	TRBV6-6*05	2.1e-05	0.879243373602367
CATSRALFGYGTYEQYF	TRBV15*01	2.1e-05	0.7555413402874902
CASSPGERVTSTDTQYF	TRBV6-6*05	2.1e-05	0.6326889411763567
CSARGLAGQSRNSPLHF	TRBV20-1*01	2.1e-05	0.9559564718882607
CATSDRIGLGTDTQYF	TRBV24-1*01	2.1e-05	0.7343992799324638
CASSLSRAGPNQPQHF	TRBV27*01	2.1e-05	0.29097488986342346
CASSLRSGGIYNEQFF	TRBV11-3*01	2.1e-05	0.3664336040712505
CASTGQASPNYGYTF	TRBV19*01	2.1e-05	0.6254321573949537
CASSLIGVLRETQYF	TRBV28*01	2.1e-05	0.8387315281594291
CASSPRGSGAYEQYF	TRBV28*01	2.1e-05	0.25662567235146033
CASSQDRGGEYEQYF	TRBV3-1*01	2.1e-05	0.16325915686561385
CASRGRGTVNTEAFF	TRBV27*01	2.1e-05	0.34677624458576595
CSASPTGRGAYGYTF	TRBV20-1*02	2.1e-05	0.8807638559524055
CASTPRGINQPQHF	TRBV6-1*01	2.1e-05	0.44083469606817743
CASSFRDRAYGYTF	TRBV7-9*01	2.1e-05	0.4597418128808005
CASSGRDGSPLHF	TRBV2*01	2.1e-05	0.34183196256423554
CASSVEAGGGYTF	TRBV9*01	2.1e-05	0.22886195790620928
CSARDRGELEAFF	TRBV20-1*02	2.1e-05	0.9682092797957083
CASRAGNTEAFF	TRBV2*02	2.1e-05	0.10991751012097614
CSVKTGIYEQYF	TRBV29-1*01	2.1e-05	0.8763529240661884
CASSPPTGVSRRNQPQHF	TRBV19*01	2.1e-05	0.6934881965432392
CASGDQPPSRRGRYGYTF	TRBV27*01	2.1e-05	0.8953845390294767
CASSEEGQLSPAMATATF	TRBV6-1*01	2.1e-05	0.9559945314769768
CASSLLTGREGYNSPLHF	TRBV11-3*01	2.1e-05	0.5723886230775622
CASSSHSRGGPVNQPQHF	TRBV7-2*01	2.1e-05	0.48869938282646264
CASRRQGVAGAYNEQFF	TRBV6-6*05	2.1e-05	0.5853640116852887
CASIGATGTTTYNEQFF	TRBV28*01	2.1e-05	0.6409983306891136
CASSSISGRDSYNEQFF	TRBV28*01	2.1e-05	0.4407198662255428
CASSLRPTLTNTGELFF	TRBV7-2*01	2.1e-05	0.7224753690555759
CASSLTGTGSSHTEAFF	TRBV7-2*01	2.1e-05	0.42661731082958293
CATSDQAGGNTGELFF	TRBV24-1*01	2.1e-05	0.535614281131659
CATSPGQVATNEKLFF	TRBV15*02	2.1e-05	0.6451858445243787
CASSSWTGLAKNIQYF	TRBV28*01	2.1e-05	0.7550588951639136
CASSSIGTSNTGELFF	TRBV27*01	2.1e-05	0.35176711294527724
CASSARLGQGSETQYF	TRBV6-1*01	2.1e-05	0.5229482097074801
CASSLALTGVNYGYTF	TRBV13*01	2.1e-05	0.23441443303988418
CASSLERGASGNTIYF	TRBV11-2*01	2.1e-05	0.2541571007242937
CASNLRGSSAYNEQFF	TRBV28*01	2.1e-05	0.4248805856800735
CASSLGSHGGNTEAFF	TRBV5-1*01	2.1e-05	0.3434032931995804
CASSPGQEAGANVLTF	TRBV5-1*01	2.1e-05	0.27480512134445234
CASRRGNAGANVLTF	TRBV19*01	2.1e-05	0.5278864196720003
CASSEGRTGGNEQFF	TRBV6-1*01	2.1e-05	0.24266067137182346
CASSPYRWGVQEQYF	TRBV7-8*03	2.1e-05	0.6499094878401789
CASSQGLAGVNEQFF	TRBV6-6*05	2.1e-05	0.38954456110342606
CASSVESRGGNTIYF	TRBV9*01	2.1e-05	0.329010643437827
CASSAAGAIRTEAFF	TRBV28*01	2.1e-05	0.6302452560636567
CASSESGGRPYEQYF	TRBV10-2*01	2.1e-05	0.4443000338478296
CASSQERRGPYEQYF	TRBV4-1*01	2.1e-05	0.38770599316768534
CASYPSGIGDTQYF	TRBV6-1*01	2.1e-05	0.7316720696569196
CAISVWDRGQPQHF	TRBV10-3*01	2.1e-05	0.904947005413175
CAISEALKNQPQHF	TRBV10-3*01	2.1e-05	0.6608720015379209
CASSIASGSGEQYF	TRBV19*01	2.1e-05	0.3406657672222284
CASSVLRSDTEAFF	TRBV18*01	2.1e-05	0.6307394796780329
CASPRGRSYNEQFF	TRBV28*01	2.1e-05	0.44526238919882105
CASSLGRNQETQYF	TRBV28*01	2.1e-05	0.4752278622477606
CASSYRTDTGELFF	TRBV6-5*01	2.1e-05	0.36284713394181667
CASSHPGQGEKLFF	TRBV3-1*01	2.1e-05	0.4659830175177647
CASRAGESYNEQFF	TRBV6-6*05	2.1e-05	0.34573441326296084
CASRAGTPSYEQYF	TRBV7-8*01	2.1e-05	0.5329066004734742
CASKPYRASTEAFF	TRBV6-1*01	2.1e-05	0.5057714737449657
CTSSSRSSGNTIYF	TRBV28*01	2.1e-05	0.34339860282775814
CSVGTGGTNEKLFF	TRBV29-1*01	2.1e-05	0.7036298663813035
CASSMRQGNEAFF	TRBV19*01	2.1e-05	0.32917106521693945
CASSGAVNTEAFF	TRBV18*01	2.1e-05	0.09380921472583163
CASSFRSHNEQFF	TRBV27*01	2.1e-05	0.5629690013027944
CASSLGTLEGQYF	TRBV28*01	2.1e-05	0.7131438145503705
CASSHGLLAEQYF	TRBV4-2*01	2.1e-05	0.7221712806042138
CASSARTDLEQFF	TRBV11-3*02	2.1e-05	0.6067707123767783
CASSDGGVDGYTF	TRBV7-9*04	2.1e-05	0.253243937019848
CASRGTSKGEQFF	TRBV7-2*01	2.1e-05	0.8707706560970594
CASSWTGGNEQYF	TRBV5-1*01	2.1e-05	0.3415965483493429
CSARASGRVEQYF	TRBV20-1*05	2.1e-05	0.9732777359075676
CSAKDRDNQPQHF	TRBV20-1*01	2.1e-05	0.7709933067677148
CASSFDFEGQYF	TRBV5-1*01	2.1e-05	0.6006985838064797
CASSGGDGYTF	TRBV10-1*01	2.1e-05	0.21756500142787677
CSARDKGLAGGIDTGELFF	TRBV20-1*01	2.1e-05	0.9545512819420416
CASSPEGTDLGSYNEQFF	TRBV3-1*01	2.1e-05	0.6993275184718982
CSASGGYRQKTNTGELFF	TRBV20-1*04	2.1e-05	0.980048068520017
CAWEPPRAGHSNQPQHF	TRBV30*05	2.1e-05	0.8962297338863724
CATSSAPGQGASYEQYF	TRBV15*02	2.1e-05	0.23834625104628668
CASSPPGSTVISYEQYF	TRBV18*01	2.1e-05	0.8661902774889418
CASPGPPRDTTDQPQHF	TRBV6-1*01	2.1e-05	0.9023455856711601
CASSLPHTGLADSPLHF	TRBV28*01	2.1e-05	0.8011951258310528
CASSLGREWGRGNGYTF	TRBV7-3*01	2.1e-05	0.8949899754897809
CASSLATSGNLIYEQYF	TRBV7-2*01	2.1e-05	0.7141289461892617
CASSLVSGNFLAETQYF	TRBV5-1*01	2.1e-05	0.8048691492434423
CASTGWKGASGNTIYF	TRBV19*01	2.1e-05	0.7569043024618903
CASSSPRTGGNEKLFF	TRBV6-5*01	2.1e-05	0.3544177658414348
CASSYSPLAGGNEQFF	TRBV6-5*01	2.1e-05	0.8430954630813491
CASSGGVELAGGVRYF	TRBV2*01	2.1e-05	0.8865221207198286
CASSSPHRSMAGELFF	TRBV28*01	2.1e-05	0.9274603006564953
CASSRGTGGMNQPQHF	TRBV7-9*01	2.1e-05	0.3224721190171385
CASSFLAGGQTGELFF	TRBV5-1*01	2.1e-05	0.4669606845952693
CASSLWTGGVHNEQFF	TRBV5-1*01	2.1e-05	0.5701860492549333
CASSLGLAGATDTQYF	TRBV5-1*01	2.1e-05	0.23122671672182826
CASSPPGLAAAYEQYF	TRBV5-1*01	2.1e-05	0.45526926089183595
CSVEEGLGGDLGEQYF	TRBV29-1*01	2.1e-05	0.9503322275096111
CSVERWREKDTGELFF	TRBV29-1*01	2.1e-05	0.9742276206708828
CAWIPGGQLYTEAFF	TRBV30*01	2.1e-05	0.9711150252641162
CAISERQPSNQPQHF	TRBV10-3*01	2.1e-05	0.4911343509516417
CATSDGQVGAYEQYF	TRBV24-1*01	2.1e-05	0.7493167156384829
CASSIGGAGNTEAFF	TRBV19*01	2.1e-05	0.16764865241829813
CASSLEGGGYGEAFF	TRBV7-2*01	2.1e-05	0.22651862295331507
CASSPPAGGPYEQYF	TRBV11-2*01	2.1e-05	0.3473919527126481
CASSQPSGPTGELFF	TRBV28*01	2.1e-05	0.5423635042431537
CASSISSGRGETQYF	TRBV9*01	2.1e-05	0.40899331001606465
CASRWDASSNQPQHF	TRBV2*01	2.1e-05	0.6668989522541231
CASSETRAPYNEQFF	TRBV10-1*01	2.1e-05	0.7337541022575161
CASSPRSGRVTEAFF	TRBV5-1*01	2.1e-05	0.5280211804684148
CSARDQISGGSPLHF	TRBV20-1*01	2.1e-05	0.9677556588527976
CSARDDRGLTQPQHF	TRBV20-1*01	2.1e-05	0.9591242621630702
CATVRGGSSNEQFF	TRBV6-2*01	2.1e-05	0.32736362902684324
CATSGGGGNYGYTF	TRBV15*02	2.1e-05	0.23478581955893607
CASGPTRGSYEQYF	TRBV7-8*03	2.1e-05	0.41615162621850166
CASSYSTGFTEAFF	TRBV6-5*01	2.1e-05	0.42752034509932135
CASSLAGGGNEQFF	TRBV6-4*01	2.1e-05	0.21884324074909547
CASSPATGIKTQYF	TRBV28*01	2.1e-05	0.7753822134903736
CASSLYSPGTEAFF	TRBV11-3*01	2.1e-05	0.45063235907446847
CASSTGQGNTEAFF	TRBV11-3*01	2.1e-05	0.10491532426962191
CASKFGGRGTEAFF	TRBV27*01	2.1e-05	0.6970491097230406
CASSLGGAGQPQHF	TRBV5-1*01	2.1e-05	0.1272364553975143
CSASHTSLWSEAFF	TRBV20-1*02	2.1e-05	0.9783003794690229
CSARRVGAKETQYF	TRBV20-1*01	2.1e-05	0.9709353595372682
CSARFGGSTDTQYF	TRBV20-1*05	2.1e-05	0.8301870361679274
CSAIRQLRNTEAFF	TRBV20-1*01	2.1e-05	0.9914119327295264
CSVEASGLLYGYTF	TRBV29-1*01	2.1e-05	0.7519130530800323
CASHGGNTGELFF	TRBV10-3*01	2.1e-05	0.3765187650845358
CASHRGMNTEAFF	TRBV10-3*01	2.1e-05	0.34845214080055553
CATSWPGTGELFF	TRBV24-1*01	2.1e-05	0.6854943224947695
CATSRGGLYGYTF	TRBV15*02	2.1e-05	0.19415722346954853
CASSPGGGEPQHF	TRBV18*01	2.1e-05	0.1114209728654788
CASQMDRNTEAFF	TRBV18*01	2.1e-05	0.49420926907892526
CASSLGTSGEQFF	TRBV28*01	2.1e-05	0.22475524032958596
CASSLSTGTVLFF	TRBV27*01	2.1e-05	0.23783816996907908
CASSWQGASGYTF	TRBV6-6*03	2.1e-05	0.5715023321384956
CASSMDRSQPQHF	TRBV7-6*01	2.1e-05	0.2837895196600837
CASSPTPGTTTYF	TRBV7-3*01	2.1e-05	0.7845671614549642
CASSPGGFYEQYF	TRBV7-9*01	2.1e-05	0.2499292149970176
CASSASGANVLTF	TRBV28*01	2.1e-05	0.10968621479554296
CASRGDANYEQYF	TRBV2*01	2.1e-05	0.364088956640404
CASRSRLREKLFF	TRBV6-1*01	2.1e-05	0.7479752708581151
CASSQGTDYGYTF	TRBV4-1*01	2.1e-05	0.09163775590434907
CSVDPGRGTEAFF	TRBV20-1*01	2.1e-05	0.8523328784484011
CSARDSLNYGYTF	TRBV20-1*01	2.1e-05	0.7972144866467578
CSAREPETDTQYF	TRBV20-1*01	2.1e-05	0.9727157224715616
CVTGRAGDIQFF	TRBV30*01	2.1e-05	0.8339759579733173
CASSRGEGEQYF	TRBV19*01	2.1e-05	0.15251338497263467
CASSSLRREQFF	TRBV2*02	2.1e-05	0.3764385364366405
CASSLGGAEAFF	TRBV5-5*01	2.1e-05	0.2626900225259394
CASSLDRGEQYF	TRBV9*01	2.1e-05	0.16276647793185686
CASSSSGNEQFF	TRBV11-3*01	2.1e-05	0.18531006491363716
CASSDRGPEAFF	TRBV27*01	2.1e-05	0.47006979981713987
CASRRGDVPLHF	TRBV27*01	2.1e-05	0.4427734237955634
CARDSYNQPQHF	TRBV6-4*01	2.1e-05	0.4463514728584671
CASRDRAGYTF	TRBV19*01	2.1e-05	0.18621292476399248
CASTPGGGYTF	TRBV7-2*01	2.1e-05	0.29009156899585825
CASSLQETQYF	TRBV2*01	2.1e-05	0.21294330283119758
CASSSTDRGSQPFHTDTQYF	TRBV28*01	2.1e-05	0.7472286057147257
CASSPPTGTDALPNEKLFF	TRBV6-6*05	2.1e-05	0.8988390145333846
CAISEITGTSDSYEQYF	TRBV10-3*01	2.1e-05	0.5735202913105961
CASSYPHGGGSNQPQHF	TRBV6-5*01	2.1e-05	0.45114945138077994
CASRRNPSGRVADTQYF	TRBV6-6*04	2.1e-05	0.9134688653149033
CSASGPGQRGSNQPQHF	TRBV20-1*02	2.1e-05	0.7888383942061326
CASSYSGASGANVLTF	TRBV6-5*01	2.1e-05	0.28463008113213517
CASSYLRLAGGHEQFF	TRBV6-2*01	2.1e-05	0.7581338074925416
CASSLDRGQDTGELFF	TRBV6-6*04	2.1e-05	0.15239208525505749
CASSPLSGRRYNEQFF	TRBV28*01	2.1e-05	0.6650181998214171
CASSGAGNSGANVLTF	TRBV6-1*01	2.1e-05	0.13542460797398342
CASSLAGGTSGNTIYF	TRBV7-9*01	2.1e-05	0.15702125195209893
CASSLEGGRGNQPQHF	TRBV7-2*01	2.1e-05	0.15470879673754728
CASSSDSRSYNSPLHF	TRBV7-2*01	2.1e-05	0.2505199447452822
CASSPSPGQGVEKLFF	TRBV7-9*01	2.1e-05	0.6109455335526406
CASSPGQGALNEKLFF	TRBV7-9*01	2.1e-05	0.505598422858686
CASSPGASVNTGELFF	TRBV9*01	2.1e-05	0.35245410087855483
CASSQGVDSFNQPQHF	TRBV5-8*01	2.1e-05	0.5153396925734982
CASSLAWTVNTGELFF	TRBV5-1*01	2.1e-05	0.6774687292533228
CASSSTTGGQPYEQYF	TRBV5-1*01	2.1e-05	0.2665807356603366
CASSQPTGAPLYGYTF	TRBV4-1*01	2.1e-05	0.7914019490035656
CSARDPGTSGTYEQYF	TRBV20-1*01	2.1e-05	0.8327272059575006
CAISDPGRGPYEQYF	TRBV10-3*01	2.1e-05	0.6626862625373596
CATSRAGTGSYEQYF	TRBV15*02	2.1e-05	0.22017501412654847
CATSRDLRLVYEQFF	TRBV15*01	2.1e-05	0.8838006202983413
CASSPMTGGYTEAFF	TRBV19*01	2.1e-05	0.43174759629126386
CASRTVAQSNQPQHF	TRBV19*01	2.1e-05	0.6116156583611706
CASSRGQGYTGELFF	TRBV18*01	2.1e-05	0.32423041016370424
CASSQGGSGQETQYF	TRBV28*01	2.1e-05	0.336156028089251
CASSEWAGGQETQYF	TRBV6-1*01	2.1e-05	0.5365000951139273
CASSEENLDFEKLFF	TRBV6-1*01	2.1e-05	0.8105930690030443
CASSLAQRYQETQYF	TRBV7-8*01	2.1e-05	0.5073848993774056
CASSLTGGQNTEAFF	TRBV7-3*01	2.1e-05	0.09030862779187644
CASSSDRLGNEKLFF	TRBV7-8*03	2.1e-05	0.38575118544880144
CASSPPGARRNTIYF	TRBV14*01	2.1e-05	0.5755393583287186
CASSPSRGAPGELFF	TRBV11-1*01	2.1e-05	0.7037050726529339
CASSQSDRGVTEAFF	TRBV3-1*01	2.1e-05	0.39336667027782
CASSQETRGNQPQHF	TRBV4-2*01	2.1e-05	0.35107768272690104
CASSTGQGNTGELFF	TRBV7-2*01	2.1e-05	0.16149634223571566
CASSLLKGTDTEAFF	TRBV5-1*01	2.1e-05	0.3666783325905247
CASSPDRETTYEQYF	TRBV5-1*01	2.1e-05	0.4718770014850936
CASSPGPGGYYEQYF	TRBV5-1*01	2.1e-05	0.24302446126937316
CSAHESRTGVNEQFF	TRBV20-1*01	2.1e-05	0.9704920314112702
CSARGGSEHSGELFF	TRBV20-1*01	2.1e-05	0.9584407983397885
CSAETGEWGNQPQHF	TRBV20-1*01	2.1e-05	0.8332704285584297
CASSIVRRNNEQFF	TRBV19*01	2.1e-05	0.7956152823426873
CASSQGIDTGELFF	TRBV18*01	2.1e-05	0.24001727712636498
CASRRDRRADTQYF	TRBV28*01	2.1e-05	0.6254496254297572
CASGRTLSTDTQYF	TRBV27*01	2.1e-05	0.6555179723725316
CASTPAGPTDTQYF	TRBV6-2*01	2.1e-05	0.6517015831511143
CASSSDWGADTQYF	TRBV27*01	2.1e-05	0.3276923966776018
CASSPPPGNGELFF	TRBV28*01	2.1e-05	0.6150793179112769
CASSSGTVSYEQYF	TRBV5-5*01	2.1e-05	0.19171002211408933
CASSLRRETETQYF	TRBV3-1*01	2.1e-05	0.7228622005000568
CASSPGNTGNTIYF	TRBV9*01	2.1e-05	0.18743479089309303
CASSPTANQETQYF	TRBV7-9*01	2.1e-05	0.5674505141527
CASSPQGGIEKLFF	TRBV6-6*05	2.1e-05	0.3266092983021259
CASSVTGSTDTQYF	TRBV7-3*01	2.1e-05	0.22923383716542253
CASSQKGLKNEQFF	TRBV4-1*01	2.1e-05	0.731814108894169
CSAGEGLSTDTQYF	TRBV20-1*01	2.1e-05	0.9225203883264623
CSARETSGQPEQYF	TRBV20-1*01	2.1e-05	0.962798659137009
CASSLAQRDTQYF	TRBV7-3*01	2.1e-05	0.2732764759036639
CAWSRTGSSEAFF	TRBV30*01	2.1e-05	0.26018832910413997
CAGKTATGNTIYF	TRBV11-2*01	2.1e-05	0.47122719357255466
CATDRDRNNEQFF	TRBV27*01	2.1e-05	0.5368443202781648
CASSLPGGYEQFF	TRBV19*01	2.1e-05	0.33047852800961874
CASSASKVEPQHF	TRBV18*01	2.1e-05	0.6949900026489573
CASSLAENTEAFF	TRBV18*01	2.1e-05	0.09777734375809612
CASSVGENTEAFF	TRBV2*01	2.1e-05	0.10847261611710858
CASSGEGFAEAFF	TRBV2*01	2.1e-05	0.518938754263948
CASSGQGSRPQHF	TRBV6-1*01	2.1e-05	0.23388607739884973
CASSMQGEGEQYF	TRBV2*02	2.1e-05	0.31984700410842987
CASSLPMGEKLFF	TRBV7-9*01	2.1e-05	0.45864000825717177
CASSLEAIGGYTF	TRBV7-9*01	2.1e-05	0.5820118148368414
CASSLEGSNEQYF	TRBV7-6*01	2.1e-05	0.17351843367128558
CASSVVEETEAFF	TRBV9*01	2.1e-05	0.3826956865001055
CASSIQENTEAFF	TRBV7-3*01	2.1e-05	0.19232701528590873
CASSLASTYEQYF	TRBV5-1*01	2.1e-05	0.16246096069949464
CATSDGRGPAFF	TRBV24-1*01	2.1e-05	0.7979025807680039
CASSNSNTEAFF	TRBV19*01	2.1e-05	0.10652283173543368
CASSEGGGQAFF	TRBV9*01	2.1e-05	0.3811738505303614
CASSTPTGGRNF	TRBV5-6*01	2.1e-05	0.7230267615733279
CASRAGNTEAFF	TRBV6-6*05	2.1e-05	0.10991751012097614
CASQNTGELFF	TRBV3-1*01	2.1e-05	0.17426552091901104
CASSSDNRAFF	TRBV28*01	2.1e-05	0.5420142222246334
CASSEEGNRGAQLHSYEQYF	TRBV2*01	2.1e-05	0.7311958326653525
CASSYSPGGSSYNSPLHF	TRBV6-5*01	2.1e-05	0.44976396732998003
CASSQEAGGSPGTDTQYF	TRBV3-1*01	2.1e-05	0.5912801810229121
CATSDFQGASSYNEQFF	TRBV24-1*01	2.1e-05	0.4295611636116056
CASSLSRWESSYNEQFF	TRBV27*01	2.1e-05	0.6802962478081866
CASSLTLTSGIYNEQFF	TRBV11-2*01	2.1e-05	0.6002353146525553
CASSQGGSRSRTDTQYF	TRBV4-1*01	2.1e-05	0.6250201885986396
CATSDSIVSSYNEQFF	TRBV24-1*01	2.1e-05	0.6065609373020631
CASSIFPGRSNQPQHF	TRBV19*01	2.1e-05	0.8607564700688549
CASCPGLAGGRDTQYF	TRBV12-3*01	2.1e-05	0.9127044142689374
CASLTSGGVNTGELFF	TRBV6-2*01	2.1e-05	0.3488163275765931
CASGRLAGEGRAEQFF	TRBV6-4*01	2.1e-05	0.9135222395336975
CASSFYGGQGPNEQYF	TRBV12-4*02	2.1e-05	0.8393479114915608
CASSYGLATRPDTQYF	TRBV6-5*01	2.1e-05	0.8156750610019352
CASSLTSGRAGETQYF	TRBV11-1*01	2.1e-05	0.5464078159163919
CASSFSSTGSSYEQYF	TRBV5-1*01	2.1e-05	0.29101249535403806
CASSQPPAGDAGELFF	TRBV4-1*01	2.1e-05	0.8330063318786048
CASSQIPRAAPREQYF	TRBV4-1*01	2.1e-05	0.863684643361022
CASSQDNPLAIGELFF	TRBV4-1*01	2.1e-05	0.8195635292134573
CSARDEGRSSYNEQFF	TRBV20-1*01	2.1e-05	0.8894805736565996
CAIGEQGSMNTEAFF	TRBV10-3*01	2.1e-05	0.6937024373970642
CASSPEEVAGEEQFF	TRBV19*01	2.1e-05	0.6036250038086967
CASSPETPSSYEQYF	TRBV18*01	2.1e-05	0.6102576798218592
CASSYRTGGDYEQYF	TRBV6-5*01	2.1e-05	0.22520579413054592
CASSISRGLYNEQFF	TRBV28*01	2.1e-05	0.6647311732688364
CASSLRTGDAAEAFF	TRBV11-1*01	2.1e-05	0.5636567333102528
CASSRDRTNTGELFF	TRBV7-9*01	2.1e-05	0.25758562317393846
CASSRSGSSYNEQFF	TRBV27*01	2.1e-05	0.14357498849370373
CASSVGLAGVYEQFF	TRBV9*01	2.1e-05	0.4042606027332056
CASSGPGTGNEKLFF	TRBV5-5*02	2.1e-05	0.23580032998692957
CASRPPGTGRYEQYF	TRBV7-2*01	2.1e-05	0.6188359700266781
CASNPGLAGSGELFF	TRBV28*01	2.1e-05	0.4405170498319185
CASNPQGSGANVLTF	TRBV6-1*01	2.1e-05	0.4099691991213753
CASSSPGQGSYEQYF	TRBV5-1*01	2.1e-05	0.22514206746544763
CASSPDSGRSGGYTF	TRBV5-1*01	2.1e-05	0.39277502623446375
CASSQPGRLTYEQYF	TRBV4-1*01	2.1e-05	0.5922297674977536
CASSQELRGRETQYF	TRBV4-1*01	2.1e-05	0.6636195855911969
CAWCRAGGSGTQYF	TRBV30*01	2.1e-05	0.8580099997039378
CAWSVWASENIQYF	TRBV30*01	2.1e-05	0.9592545682103273
CAISGAELQETQYF	TRBV10-3*01	2.1e-05	0.7961566896850085
CATSDDRGEAEAFF	TRBV24-1*01	2.1e-05	0.686393298838993
CASADRVGNQPQHF	TRBV2*01	2.1e-05	0.2671823077100219
CASSLRAPNTEAFF	TRBV7-8*01	2.1e-05	0.4839059373428969
CASSQIKRESEQFF	TRBV7-3*01	2.1e-05	0.9216831236055741
CASSVATGRDEQYF	TRBV9*01	2.1e-05	0.5027830089818547
CASKTGAWNTEAFF	TRBV6-1*01	2.1e-05	0.6042156477165666
CTSSEQGTLYEQYF	TRBV6-1*01	2.1e-05	0.515261735713992
CASSLRNVGNEQFF	TRBV5-1*01	2.1e-05	0.37994179154745295
CASSLAQGNTEAFF	TRBV5-1*01	2.1e-05	0.10617730129711504
CASSRSGPYNEQFF	TRBV5-1*01	2.1e-05	0.23747239014923294
CASSQSGYGYEQYF	TRBV4-1*01	2.1e-05	0.33539468828661967
CASSQVTGWKPQHF	TRBV4-1*01	2.1e-05	0.881058043926045
CSARVSSSSYEQYF	TRBV20-1*01	2.1e-05	0.8184299625550345
CSARDQRGVDIQYF	TRBV20-1*01	2.1e-05	0.97139958613234
CAWTSGGSREQFF	TRBV30*01	2.1e-05	0.7165664727703265
CAIGGTVSETQYF	TRBV10-3*01	2.1e-05	0.8329842921470847
CATRIGSNQPQHF	TRBV2*01	2.1e-05	0.3344008828930118
CASSLEGYGGYTF	TRBV13*01	2.1e-05	0.12844335216060318
CASSSGALYEQYF	TRBV6-6*05	2.1e-05	0.1942541550692106
CASSSQGGTEAFF	TRBV7-2*01	2.1e-05	0.1342663517431044
CASSQDQAGEQYF	TRBV4-2*01	2.1e-05	0.4109721442791018
CASSVSASAAQYF	TRBV11-3*02	2.1e-05	0.7428604898667533
CASSVSGLRGYTF	TRBV9*01	2.1e-05	0.6745941197537461
CASSASRGNEQFF	TRBV9*03	2.1e-05	0.34102193653600354
CASSGISGNTIYF	TRBV9*01	2.1e-05	0.2594893190523182
CASSNPAEETQYF	TRBV6-6*05	2.1e-05	0.6404850057091644
CASSPNLNTEAFF	TRBV10-1*01	2.1e-05	0.3295860828942495
CASSAGTAETQYF	TRBV10-1*01	2.1e-05	0.40521943834534885
CASSLLSSNEQFF	TRBV5-1*01	2.1e-05	0.25236317219162585
CASSLEGQGGYTF	TRBV5-1*01	2.1e-05	0.19453213205006625
CSARETGAYGYTF	TRBV20-1*01	2.1e-05	0.8455433041300214
CSARNDRTGELFF	TRBV20-1*01	2.1e-05	0.9009556341770583
CSAIGQVGEQYF	TRBV20-1*01	2.1e-05	0.9674322646927165
CASGRADIQYF	TRBV28*01	2.1e-05	0.6409516257281588
CSASQGDTQYF	TRBV20-1*01	2.1e-05	0.6786042225278015
CASRPAGVAGGTPTNTDTQYF	TRBV27*01	2.1e-05	0.7911484995280962
CSALITGTGAGASYNEQFF	TRBV20-1*01	2.1e-05	0.9286591854755734
CASSATSGGREYYNEQFF	TRBV18*01	2.1e-05	0.5949238874583237
CASSEALPGVVFDGELFF	TRBV2*01	2.1e-05	0.946563757592233
CASSLPGLGLAGTGELFF	TRBV7-3*01	2.1e-05	0.5162428663503976
CASSLVRGRAVTGELFF	TRBV7-2*01	2.1e-05	0.6720766047135069
CASSPRSSGGSGDTQYF	TRBV11-2*01	2.1e-05	0.23959824361465487
CASSEVPSDNTGELFF	TRBV6-1*01	2.1e-05	0.45176333421584774
CASSSQGGAGNSPLHF	TRBV7-8*01	2.1e-05	0.25612845124443506
CASSYDLTSGRNEQYF	TRBV9*01	2.1e-05	0.7668230843384571
CASSRAQGAQTGELFF	TRBV3-1*01	2.1e-05	0.2522203302307779
CASSFSPAGGGNEQFF	TRBV5-1*01	2.1e-05	0.7701760888016643
CSAGIPSGKAYNEQFF	TRBV20-1*01	2.1e-05	0.9776095830166277
CAWSVSGTVGGEAFF	TRBV30*01	2.1e-05	0.8849969523694752
CATSGPTGGIGELFF	TRBV24-1*01	2.1e-05	0.7353782917349021
CASSIDEIRTDTQYF	TRBV19*01	2.1e-05	0.7356843889583268
CASSPTGQTNEKLFF	TRBV18*01	2.1e-05	0.23629858787576635
CASTIVGNRNTEAFF	TRBV2*01	2.1e-05	0.7277006629052809
CASSYSAGGYNEQFF	TRBV6-5*01	2.1e-05	0.18685927549540135
CASSSPGLGAYEQYF	TRBV7-9*01	2.1e-05	0.2861196178824238
CASSSSQLAGFGQYF	TRBV5-5*01	2.1e-05	0.6985480189751389
CASSPRKLEADTQYF	TRBV11-3*02	2.1e-05	0.6863879357281649
CASSPSDRARYGYTF	TRBV5-5*01	2.1e-05	0.6177050136485774
CASSQGTGVGTEAFF	TRBV27*01	2.1e-05	0.27498332203168896
CASSGDKVRGQPQHF	TRBV7-2*01	2.1e-05	0.8099555803750328
CASRTSGLSTDTQYF	TRBV28*01	2.1e-05	0.34652944605597763
CASSGTGVGYYEQYF	TRBV5-1*01	2.1e-05	0.26477488835877094
CSAPSKGGAGEKLFF	TRBV20-1*01	2.1e-05	0.9135991115389899
CSAPNFRSGYNEQFF	TRBV20-1*01	2.1e-05	0.9095290034570117
CASTPNGVDYEQYF	TRBV2*01	2.1e-05	0.5578294691597362
CASSSGPYNSPLHF	TRBV7-9*01	2.1e-05	0.3459811206913533
CASSPADSYNEQFF	TRBV11-3*01	2.1e-05	0.3367971622158799
CASTAGQSNSPLHF	TRBV5-1*01	2.1e-05	0.39473554000074235
CASSLVGKNTEAFF	TRBV5-1*01	2.1e-05	0.1729445618419605
CASSSGQDGSPLHF	TRBV5-1*01	2.1e-05	0.4291164999928415
CSARGGSSYNEQFF	TRBV20-1*01	2.1e-05	0.7357412238451317
CSALGGETNEKLFF	TRBV20-1*01	2.1e-05	0.871872271968035
CASSDRGQVSQYF	TRBV6-1*01	2.1e-05	0.809673166510461
CASSFATGTEAFF	TRBV7-9*01	2.1e-05	0.20217238001303228
CASSLHATGLEFF	TRBV7-3*01	2.1e-05	0.8261685591996546
CASSVGVGGYTF	TRBV19*03	2.1e-05	0.12815660204233167
CASSESSDTQYF	TRBV2*03	2.1e-05	0.1742115100030912
CASSLGTDTQYF	TRBV5-1*01	2.1e-05	0.12029288531537805
CASGVYNEQFF	TRBV7-2*01	2.1e-05	0.26235906162619205
CASGGYYQPQHF	TRBV3-1*01	2e-05	0.646122122435261
CASSIGAHNYGYTF	TRBV19*01	2e-05	0.19209072960447918
CSARGQRIAYGYTF	TRBV20-1*01	2e-05	0.9592132572430349
CASSSYAGKGGANVLTF	TRBV28*01	2e-05	0.7217094126036366
CASSQDSADTLRLGAFF	TRBV14*01	2e-05	0.9664393579446244
CASSESRLLTSTEAFF	TRBV6-1*01	2e-05	0.5004495455603443
CASRSQSGGYNEKLFF	TRBV6-1*01	2e-05	0.31706967851279494
CASSKDPGGPGELFF	TRBV6-6*05	2e-05	0.48214812503862375
CAWSTSLDNYEQYF	TRBV30*01	2e-05	0.9183889767447256
CASTEPFNNEQFF	TRBV2*01	2e-05	0.6890986178418014
CASRSGGLETQYF	TRBV28*01	2e-05	0.34443692600010367
CASRGGNTIYF	TRBV7-9*01	2e-05	0.17246312731729116
CAWSLAGEGRLRVTQYF	TRBV30*01	2e-05	0.9276415869406669
CASSERGSGRDYNEQFF	TRBV6-4*01	2e-05	0.2880050802201083
CASSVRPMTGKETQYF	TRBV9*01	2e-05	0.882032361441892
CASKRVFRETAQPQHF	TRBV6-1*01	2e-05	0.9286762585695812
CASSHWGLAGSYEQYF	TRBV4-1*01	2e-05	0.599457102786125
CASSDDVSSYNEQFF	TRBV2*01	2e-05	0.4056123293343387
CASRQSRTGGTEQYF	TRBV2*01	2e-05	0.4318850185656967
CSASDPGTGNQPQHF	TRBV20-1*02	2e-05	0.6190185992043189
CASSQASGRREQYF	TRBV3-1*01	2e-05	0.5587046795886461
CASSDREADTQYF	TRBV28*01	2e-05	0.24192720633420356
CASSQGTSYEQYF	TRBV3-1*01	2e-05	0.16563172617689098
CSVVTSGSYEQYF	TRBV29-1*01	2e-05	0.6923775535937042
CASRAPSYEQYF	TRBV2*01	2e-05	0.2755627581690826
CATGDNYNEQFF	TRBV5-1*01	2e-05	0.5847937891181286
CASSNPGQGKLGGNTIYF	TRBV6-6*03	2e-05	0.6083266466493171
CASSQEHSSPYSNQPQHF	TRBV3-1*01	2e-05	0.585375838262493
CASSQVVYRDRANYGYTF	TRBV4-1*01	2e-05	0.9335223967564522
CASSPGIAGGYQETQYF	TRBV6-6*05	2e-05	0.5893437073260385
CASRAGQSSGVNEKLFF	TRBV2*01	2e-05	0.36042943752675455
CSARDHSGRTWTGELFF	TRBV20-1*01	2e-05	0.9848179253889471
CASSLQRELVTDTQYF	TRBV28*01	2e-05	0.6944273818966793
CASSSYRDRSTDTQYF	TRBV28*01	2e-05	0.6331023179357839
CASSSFAGRMGNEQFF	TRBV6-5*01	2e-05	0.8323267765856307
CASSRYPGQLQETQYF	TRBV6-6*03	2e-05	0.7912965251648858
CASSNTKGSGYNEQFF	TRBV6-6*03	2e-05	0.6090976710602821
CSAEETGGWNTGELFF	TRBV20-1*01	2e-05	0.9235900788823039
CATSESGLAQETQYF	TRBV24-1*01	2e-05	0.6207307727682261
CASSEPRASSYEQYF	TRBV18*01	2e-05	0.29863933783901786
CASSLTSQGRYEQYF	TRBV7-2*01	2e-05	0.4469181646089383
CASSSSRGSYNEQFF	TRBV11-3*01	2e-05	0.15398188742608124
CASSGIGGRGEKLFF	TRBV5-5*02	2e-05	0.46565304590171225
CSARSRQGRSTEAFF	TRBV20-1*05	2e-05	0.9106884572102031
CSARARKTSTDTQYF	TRBV20-1*04	2e-05	0.9682923569836394
CAISEYRRQCEQYF	TRBV10-3*01	2e-05	0.9588611355799638
CASSSHGSNYGYTF	TRBV3-1*01	2e-05	0.1831952533169977
CASSSQQGAHGYTF	TRBV7-9*01	2e-05	0.4118101196675677
CASSYRQGNQPQHF	TRBV7-2*01	2e-05	0.1202568362352829
CASSVGGGTYEQYF	TRBV9*01	2e-05	0.1750664413467983
CASSNTIGNQPQHF	TRBV7-2*01	2e-05	0.16548831629634714
CSARRGPGNYEQYF	TRBV20-1*01	2e-05	0.8511533019039984
CASSIWGNTEAFF	TRBV19*01	2e-05	0.17006570312061026
CASSSDIFYEQYF	TRBV19*03	2e-05	0.4313097782945536
CASTLPSTDTQYF	TRBV27*01	2e-05	0.5738679782641013
CASSLQAGLPLHF	TRBV7-9*01	2e-05	0.8262089932362248
CASRGTPSGTQYF	TRBV2*01	2e-05	0.7116979950590471
CASRKTSTDTQYF	TRBV6-1*01	2e-05	0.5121814824904621
CASNAGSNEKLFF	TRBV9*01	2e-05	0.3109526807719151
CASSLEGTAEAFF	TRBV5-1*01	2e-05	0.478235963546921
CSARDRAGNEQYF	TRBV20-1*01	2e-05	0.911171332990867
CASSLRWGELFF	TRBV5-1*01	2e-05	0.5445718882446688
CSAEGDSGELFF	TRBV20-1*01	2e-05	0.6416615127171831
CASTSGTEAFF	TRBV28*01	2e-05	0.13932364666086217
CASSDYNEQFF	TRBV2*01	2e-05	0.1195876929498551
CASSSTGGLAGVPYEQYF	TRBV13*01	2e-05	0.601477551636907
CASSLGRGPLGGGYEQYF	TRBV5-1*01	2e-05	0.7235007310897318
CASSFARVDRRNQPQHF	TRBV28*01	2e-05	0.7011091401120276
CASSLYRDRGNRAEAFF	TRBV28*01	2e-05	0.9294467360144714
CASSPRDGSHSSHEQYF	TRBV11-3*01	2e-05	0.7634575003726471
CASSPAAGTGGSYEQYF	TRBV4-2*01	2e-05	0.22778193297002966
CASSAPTTDILGNTIYF	TRBV7-9*04	2e-05	0.6197097992187384
CASSEGEGGRSTDTQYF	TRBV9*01	2e-05	0.24067077351896649
CASSESPGLAGFGELFF	TRBV4-1*01	2e-05	0.7209684553597743
CASSTARGRAGNEQFF	TRBV11-2*01	2e-05	0.7387634577624298
CASSSGPHVNTGELFF	TRBV28*01	2e-05	0.7564315649781208
CASSVVGRSNINEQFF	TRBV9*01	2e-05	0.5944730551911165
CASSRTTYRGNSPLHF	TRBV5-1*01	2e-05	0.8929059686333923
CASSKTSGGKSDEQYF	TRBV4-1*01	2e-05	0.3715741500297502
CSAPETGTGGAKGYTF	TRBV20-1*01	2e-05	0.9515842674729051
CSVKRGRLAGGLEQFF	TRBV29-1*01	2e-05	0.9725192179842824
CAWSVRVGGTDTQYF	TRBV30*01	2e-05	0.8621476229949723
CASSPLGGETDTQYF	TRBV18*01	2e-05	0.34337238300265316
CASSPSGRGGTEAFF	TRBV6-2*01	2e-05	0.2511980339967367
CASSFRGLAVYEQYF	TRBV13*01	2e-05	0.539903401438534
CASSFGTSGGGEQYF	TRBV13*01	2e-05	0.2675263500774769
CASSLVPGGDEKLFF	TRBV7-2*01	2e-05	0.5678931635452817
CASSLEGQGISPLHF	TRBV11-2*01	2e-05	0.5939512684461463
CASRDPGGPNEKLFF	TRBV2*01	2e-05	0.43132884277960115
CASSLASGGEETQYF	TRBV5-1*01	2e-05	0.26051979236906647
CASSLTGEQVSEQYF	TRBV5-1*01	2e-05	0.5737002591264282
CASSLLQGEVREQYF	TRBV5-1*01	2e-05	0.6714556559867861
CASSPEAGSMAEQYF	TRBV5-1*01	2e-05	0.8148525732985493
CASSQRGFSDYEQYF	TRBV4-1*01	2e-05	0.3754942408548761
CSASATSRLHNEQFF	TRBV20-1*01	2e-05	0.9531735303165004
CSARDHTGIVDEQFF	TRBV20-1*01	2e-05	0.963816030932073
CSARKVETTPEKLFF	TRBV20-1*01	2e-05	0.988118289319781
CATSRGDNTDTQYF	TRBV15*02	2e-05	0.4662481116955405
CASSPDRGNEKLFF	TRBV18*01	2e-05	0.2971170526516146
CASTPWAPNTEAFF	TRBV2*01	2e-05	0.905983078358777
CASSFTGVGQPQHF	TRBV6-5*01	2e-05	0.38335427182797377
CASSRTQGDQPQHF	TRBV6-6*04	2e-05	0.2797900803446518
CASSAGGIGEKLFF	TRBV6-1*01	2e-05	0.26062397771917134
CASSAGGNTGELFF	TRBV2*01	2e-05	0.1364180687187616
CASSFGASGSPLHF	TRBV7-9*01	2e-05	0.5336260222376145
CASSLAGAYNEQFF	TRBV11-3*01	2e-05	0.1479110256825441
CASRADGYADTQYF	TRBV27*01	2e-05	0.43856403235677793
CASRALGSGNTIYF	TRBV6-6*05	2e-05	0.19811454446998786
CASSLVGRFYGYTF	TRBV5-1*01	2e-05	0.5938861766127431
CSADDRGRIHEQYF	TRBV20-1*01	2e-05	0.97084207016807
CSKSFPGDSYEQYF	TRBV20-1*01	2e-05	0.754022480947641
CASSRTHKQPQHF	TRBV19*01	2e-05	0.7892717642502416
CASLNPSSIEQFF	TRBV28*01	2e-05	0.8493640795979173
CASGSPSGHEQYF	TRBV2*01	2e-05	0.5981485487101035
CASTTGITSGQFF	TRBV28*01	2e-05	0.8242971731991254
CASSFGTPFEQYF	TRBV11-3*01	2e-05	0.6785435364240476
CASSPEANYGYTF	TRBV7-9*04	2e-05	0.17951419077494624
CASSPEQGGELFF	TRBV14*01	2e-05	0.2843979193989169
CASSFGSGNTIYF	TRBV5-1*01	2e-05	0.1443385279479027
CSAQTSGTDTQYF	TRBV20-1*04	2e-05	0.8221763730850965
CSARDGGSYGYTF	TRBV20-1*01	2e-05	0.6662205825849693
CASSPSNNEQFF	TRBV6-6*04	2e-05	0.3039695118502304
CASSKGGTEAFF	TRBV6-6*03	2e-05	0.1628171039213735
CASRQGSSTQYF	TRBV6-1*01	2e-05	0.3786686938717202
CASSPLGDEQFF	TRBV5-1*01	2e-05	0.47818460755653214
CASSQANSEQFF	TRBV4-1*01	2e-05	0.3398073068231759
CASSLNYGYTF	TRBV11-2*01	2e-05	0.09370707468688617
CASSGAGELFF	TRBV9*01	2e-05	0.12860813238269372
CATSGRQGALFGLPTGELFF	TRBV24-1*01	2e-05	0.938955024271196
CATSDSTTGQGPFHEQYF	TRBV24-1*01	2e-05	0.8669117213843711
CASSLVKRLTGGNYGYTF	TRBV5-1*01	2e-05	0.8321262916730947
CASSPDKSTGGAGYEQYF	TRBV5-1*01	2e-05	0.5039205082930975
CASSGLLGGSYNSSLHF	TRBV19*01	2e-05	0.5413869298631226
CASSIWEFAAGNQPQHF	TRBV19*01	2e-05	0.8454295871954113
CASSPPGQAANTGELFF	TRBV18*01	2e-05	0.5132206700335539
CASSPAVGREGNQPQHF	TRBV28*01	2e-05	0.6468628752752901
CASSLLAGGSVTGELFF	TRBV7-3*01	2e-05	0.3399410623837025
CASSLGGRRTFGETQYF	TRBV4-1*01	2e-05	0.8773003510480083
CASSQYLAGGRSYEQYF	TRBV4-1*01	2e-05	0.5049644120286814
CASSQHGTSSLNSPLHF	TRBV4-1*01	2e-05	0.7106792393752758
CASISADRDSNSPLHF	TRBV19*01	2e-05	0.7319617136737145
CASSLTGNVMNTEAFF	TRBV19*01	2e-05	0.4934126597586752
CASSPGAGGLGYGYTF	TRBV18*01	2e-05	0.3476690887563771
CASSPRDRPSTDTQYF	TRBV18*01	2e-05	0.6040832935436866
CASLSPRGTRYNEQFF	TRBV28*01	2e-05	0.7781614883107717
CASSFEDRGLAGELFF	TRBV27*01	2e-05	0.8081482550346921
CASSLSARWEGSPQHF	TRBV28*01	2e-05	0.8902266539153472
CASSLKGFSSYNEQFF	TRBV28*01	2e-05	0.6721703381054794
CASSHLAGGPGGEQYF	TRBV7-9*01	2e-05	0.5139504515409566
CASSQPGQGFAGELFF	TRBV6-6*04	2e-05	0.41277436797029715
CASSEGPAYSNQPQHF	TRBV2*01	2e-05	0.40791055413759897
CASSLVGGTMAGEQYF	TRBV7-2*01	2e-05	0.8429683808307092
CASSLGWGAGVEKLFF	TRBV7-9*01	2e-05	0.5991185080394084
CASSSPGQGINYGYTF	TRBV7-9*01	2e-05	0.30132365779989556
CASSPGGAGGANVLTF	TRBV6-6*05	2e-05	0.2454708655271298
CASSQVLAGHQETQYF	TRBV3-1*01	2e-05	0.6332769437012099
CASSQDLRTARYGYTF	TRBV14*01	2e-05	0.9436616411536008
CASSVAPDRRSYEQYF	TRBV9*01	2e-05	0.5332024607153069
CASSSPGTGILPEAFF	TRBV28*01	2e-05	0.9518544013215666
CASSESKAGVSDTQYF	TRBV10-1*01	2e-05	0.6924558269427612
CASSHLGRQAAGELFF	TRBV4-1*01	2e-05	0.7476360180979581
CAISESRLRDQPQHF	TRBV10-3*01	2e-05	0.8582576419521367
CAIRPSGDGSYEQYF	TRBV10-3*01	2e-05	0.6806459045155131
CATSTYRGGTDTQYF	TRBV15*02	2e-05	0.3575844321197215
CASSADRVRNSPLHF	TRBV18*01	2e-05	0.6248459303655448
CASSLSLGYNSPLHF	TRBV28*01	2e-05	0.5087965739190079
CASSYAGQLNYGYTF	TRBV6-5*01	2e-05	0.41763626207181714
CASSDGGTSTDTQYF	TRBV6-4*01	2e-05	0.3885482259252561
CASSLRAGRGDTQYF	TRBV11-3*01	2e-05	0.5626203434120876
CASSSPREGSYEQYF	TRBV11-2*01	2e-05	0.23802756169346712
CASSPAGGREREQYF	TRBV7-2*01	2e-05	0.6412671236930372
CASSPPGLEAGTQYF	TRBV27*01	2e-05	0.7024575318796843
CASSRTSGSSDTQYF	TRBV6-6*05	2e-05	0.19820173146458347
CASSQEQRRLYEQYF	TRBV3-1*01	2e-05	0.7959093283156317
CASSVGTGRNQPQHF	TRBV7-2*01	2e-05	0.14652219003384756
CASSASRQGLSPLHF	TRBV9*03	2e-05	0.4216780133887894
CASRSHLSNTGELFF	TRBV9*01	2e-05	0.6848082661690826
CASRGDSLAQETQYF	TRBV6-2*01	2e-05	0.5706713830072225
CASSLGTGGAGELFF	TRBV5-1*01	2e-05	0.18308281243592456
CASSHGDRDGEKLFF	TRBV5-1*01	2e-05	0.6535328277671216
CASRPSTGANYGYTF	TRBV5-1*01	2e-05	0.35265771884977737
CSASGATGGMYEQYF	TRBV20-1*02	2e-05	0.716023778063879
CSARGPTEPQETQYF	TRBV20-1*01	2e-05	0.9600104549936768
CSARDRGSSYNEQFF	TRBV20-1*01	2e-05	0.7064492623404187
CSARDRTSGSDEQFF	TRBV20-1*01	2e-05	0.8987227352728523
CATNRGSLARTQYF	TRBV28*01	2e-05	0.9071707302846646
CASSPGRGIWEQFF	TRBV19*01	2e-05	0.797325180583428
CASSGTQKHNEQFF	TRBV19*01	2e-05	0.7671113345173174
CASSYSSPGGAAFF	TRBV19*03	2e-05	0.9038865386443101
CASMSAGYPGEQFF	TRBV3-1*01	2e-05	0.9152884079370245
CASSLQGSSYEQYF	TRBV27*01	2e-05	0.16682376336374655
CASSYPDRANEQFF	TRBV6-5*01	2e-05	0.8400394526248038
CASSPVTVNTEAFF	TRBV6-6*04	2e-05	0.3167640264169746
CASSRLSGRNEQFF	TRBV6-6*04	2e-05	0.4633645664505668
CASSVAGAGHEQFF	TRBV2*01	2e-05	0.3925336811034162
CASSTRTGGGGYTF	TRBV6-6*03	2e-05	0.2415062473812401
CASSFPYSNQPQHF	TRBV7-3*01	2e-05	0.3127062014695665
CASSLPSSGNTIYF	TRBV13*01	2e-05	0.17977581625235614
CASSSHRGQDEQYF	TRBV7-9*01	2e-05	0.5127447984383657
CASSLQGAQQPQHF	TRBV3-1*01	2e-05	0.21366885115512
CASSQMTGTDTQYF	TRBV11-2*01	2e-05	0.49891859089075347
CASSQARGRYEQYF	TRBV3-1*01	2e-05	0.3366258778091316
CASRDRDYAGELFF	TRBV2*01	2e-05	0.437648279623928
CASRITGSGEKLFF	TRBV6-1*01	2e-05	0.37884681126554126
CASKWQGTTDTQYF	TRBV2*01	2e-05	0.6980911247103386
CASSQDNRGDEQYF	TRBV4-1*01	2e-05	0.5057822197728209
CSANPPWRGSEQFF	TRBV20-1*01	2e-05	0.9983324519057205
CAWSRNPTDTQYF	TRBV30*01	2e-05	0.7097978954612649
CASRVAGYNEQFF	TRBV19*01	2e-05	0.37672133966031296
CASSLGENTEAFF	TRBV27*01	2e-05	0.09911031714588332
CASSPEVVSEQYF	TRBV3-1*01	2e-05	0.548327453396254
CASSFPSRETQYF	TRBV7-2*01	2e-05	0.7680676216882107
CASSFQGAAGYTF	TRBV7-9*01	2e-05	0.3727765742499559
CASSSPNADTQYF	TRBV5-1*01	2e-05	0.3772000574696853
CASSQEWGGEQYF	TRBV4-1*01	2e-05	0.6253558583275962
CSARGIGNQPQHF	TRBV20-1*01	2e-05	0.6767044038781572
CASGDGNEKLFF	TRBV2*01	2e-05	0.3422912430588678
CASSPDSLGQYF	TRBV2*01	2e-05	0.7691244816453102
CASSATGNEQFF	TRBV6-6*05	2e-05	0.18531006491363716
CASRGDSYEQYF	TRBV7-2*01	2e-05	0.2177054214713813
CASSSCCNEQFF	TRBV5-1*01	2e-05	0.73441667251651
CSAPSGSDTQYF	TRBV20-1*01	2e-05	0.8189961117849907
CASSRDRLQYF	TRBV5-1*01	2e-05	0.6103899106834026
CATSDPPGTSGRPHNNEQFF	TRBV24-1*01	2e-05	0.939564402470254
CASSPRSSGTVVGSTDTQYF	TRBV5-1*01	2e-05	0.7051035830103471
CASSQDGGSGTGYLQETQYF	TRBV4-1*01	2e-05	0.8607280634901949
CASSPDRPLALPTSYEQYF	TRBV27*01	2e-05	0.9267855316219206
CASSQEGTVRDRDYEKLFF	TRBV4-1*01	2e-05	0.8788531730942954
CASSLPGLAGDLQETQYF	TRBV11-2*01	2e-05	0.6384926264528582
CASSPRRGLAGVSNEQFF	TRBV27*01	2e-05	0.7869133705160862
CASSPHGTGTSSGNTIYF	TRBV3-1*01	2e-05	0.2538979949484339
CASSPPRRAGWQETQYF	TRBV18*01	2e-05	0.8583096960942165
CASSLGSDRVGNQPQHF	TRBV28*01	2e-05	0.38630225464580115
CASSEARYQSSYNEQFF	TRBV6-1*01	2e-05	0.6808295937614852
CASSPKMEEYPPRTQYF	TRBV3-1*01	2e-05	0.9896191244975482
CASSRGRGAASTDTQYF	TRBV7-9*01	2e-05	0.40085926723172854
CASSQGILAGEYNEQFF	TRBV4-1*01	2e-05	0.5843695994840901
CASSPRTGGDNTEAFF	TRBV18*01	2e-05	0.3184172209113792
CASSPPGAGSTDTQYF	TRBV18*01	2e-05	0.382056718651187
CASIPSSGSSYNEQFF	TRBV2*01	2e-05	0.35736594714491304
CASSFPRGASNQPQHF	TRBV28*01	2e-05	0.5844256601163542
CASSYVRGGSNQPQHF	TRBV6-5*01	2e-05	0.4469844465998291
CASSLSDSSYNSPLHF	TRBV13*01	2e-05	0.3543728166443115
CASSSRAEGSYNEQFF	TRBV9*01	2e-05	0.33180044269580744
CASSSARLAGNYEQYF	TRBV11-2*01	2e-05	0.2807686578478568
CASSQAGAGGLGEQFF	TRBV13*01	2e-05	0.5515267315134912
CASRVPGQGRNSPLHF	TRBV11-2*01	2e-05	0.8232780378846898
CAIKGRGNGGDEQFF	TRBV10-3*01	2e-05	0.9301711514013885
CATSDPARNTGELFF	TRBV24-1*01	2e-05	0.7289128943525032
CASSSFLSGANVLTF	TRBV28*01	2e-05	0.255963048075665
CASSIYSSGSGEQFF	TRBV19*01	2e-05	0.6955391419792543
CASSLMSSGANVLTF	TRBV18*01	2e-05	0.24568503186736673
CASRPESSGANVLTF	TRBV27*01	2e-05	0.3974152268545937
CASSHSGTSKNEQFF	TRBV6-5*01	2e-05	0.5134880704664885
CASSQGLGGSYEQYF	TRBV11-2*01	2e-05	0.11173137773425519
CASSGELAATYEQYF	TRBV6-1*01	2e-05	0.3001276789063462
CASSEALDRYNEQFF	TRBV6-1*01	2e-05	0.6648475683856931
CASSLASGSPNEQFF	TRBV7-3*01	2e-05	0.4033848195029779
CASSLDTASNYEQYF	TRBV11-3*01	2e-05	0.2461726260563753
CASSWDSKLYNEQFF	TRBV11-3*01	2e-05	0.828544200612412
CASSPGQGGNTEAFF	TRBV7-9*04	2e-05	0.10318722897114642
CASSPLEVIRYEQYF	TRBV11-2*01	2e-05	0.8955634022090159
CASSPRGDRGDEQYF	TRBV7-2*01	2e-05	0.5470657699943672
CASSQLSETAYEQYF	TRBV3-1*01	2e-05	0.4099022794881664
CASSVSGTGNSPLHF	TRBV9*01	2e-05	0.16379247869107436
CASSVSGRDTDTQYF	TRBV9*01	2e-05	0.23548942206070786
CASKEIGRRKHGYTF	TRBV19*01	2e-05	0.950110333950083
CASRTGTSGSYEQFF	TRBV5-1*01	2e-05	0.23555258983341787
CASSLASGSFYEQYF	TRBV5-1*01	2e-05	0.2420287735374627
CSARDGGVKITEAFF	TRBV20-1*01	2e-05	0.9755277919277447
CSAPPDWGKDQPQHF	TRBV20-1*01	2e-05	0.9664628195153536
CATWIVSYNSPLHF	TRBV24-1*01	2e-05	0.8548286971373106
CASSPFQGQETQYF	TRBV18*01	2e-05	0.520285414130537
CASSEDRGGYEQYF	TRBV2*01	2e-05	0.11220524223375501
CASSEGTGMPEAFF	TRBV6-1*01	2e-05	0.7646997320711477
CASSSGLSTDTQYF	TRBV7-2*01	2e-05	0.17393242136462664
CASSPRGGEYEQYF	TRBV7-3*01	2e-05	0.18948439903525502
CASSPGRETDTQYF	TRBV6-6*05	2e-05	0.2801632634332916
CASSVSAGSYEQYF	TRBV9*01	2e-05	0.21580681633863402
CASSGWDRGGEQYF	TRBV5-6*01	2e-05	0.5408634081234054
CASSIRDRGLGYTF	TRBV7-9*01	2e-05	0.6092407284952293
CASRRGGTAYEQYF	TRBV11-2*01	2e-05	0.41606579330914883
CANLGPVGGYGYTF	TRBV6-1*01	2e-05	0.7474547346148045
CASRVRDSSYEQYF	TRBV5-1*01	2e-05	0.3365907795880005
CASSLAQGPGELFF	TRBV5-1*01	2e-05	0.4307829979538499
CASSLTAGKGELFF	TRBV5-1*01	2e-05	0.5391957750381055
CSAPAWETNSPLHF	TRBV20-1*01	2e-05	0.9729926411289553
CSASRDRNTGELFF	TRBV20-1*04	2e-05	0.504047536351392
CSARDARGDNEQFF	TRBV20-1*01	2e-05	0.8805593155463985
CSAGTSGTTGELFF	TRBV20-1*04	2e-05	0.8388006413335973
CSVEGGGTHYGYTF	TRBV29-1*01	2e-05	0.6509341243237285
CSAPGRGLQETQYF	TRBV29-1*01	2e-05	0.9239436552824124
CATATGGLSEQYF	TRBV2*01	2e-05	0.7103374591686593
CASSIGSTLGAFF	TRBV19*01	2e-05	0.8744316233167471
CASSIEGTDTQYF	TRBV19*01	2e-05	0.1981367409815328
CASSRPGANVLTF	TRBV19*01	2e-05	0.20576773692937594
CASSLDGNYGYTF	TRBV18*01	2e-05	0.16558741460847412
CASGPSGADTQYF	TRBV2*02	2e-05	0.44547311953890956
CASTQLGNTEAFF	TRBV27*01	2e-05	0.38072470002887976
CASSLATNSPLHF	TRBV12-3*01	2e-05	0.31307146216838877
CASSLQGFTEAFF	TRBV6-6*04	2e-05	0.15190598818252757
CASSLAGGPEAFF	TRBV7-9*01	2e-05	0.45378331390461524
CASSYTQGDGYTF	TRBV7-9*01	2e-05	0.42593673038462293
CASSPEISYEQYF	TRBV11-3*01	2e-05	0.32536910156167576
CASSQPGDETQYF	TRBV11-3*01	2e-05	0.4033280871823585
CASSVEPGNTIYF	TRBV9*01	2e-05	0.2760825847895629
CASSAGTTNEQFF	TRBV9*03	2e-05	0.36215397151510237
CASRWASGNTIYF	TRBV28*01	2e-05	0.30247226428591545
CASSLAGMETQYF	TRBV5-1*01	2e-05	0.3484205166326563
CASSQRGTGELFF	TRBV4-1*01	2e-05	0.11238912840649964
CASSRAYQETQYF	TRBV5-1*01	2e-05	0.500729873258016
CSALGGGNQPQHF	TRBV20-1*01	2e-05	0.6459366029092976
CSARQGGVYEQYF	TRBV20-1*01	2e-05	0.8463556242541506
CSVAAGAQSPLHF	TRBV29-1*01	2e-05	0.8136103197736714
CASSPLLEQYF	TRBV28*01	2e-05	0.5938919125318656
CASSPGNEQFF	TRBV28*01	2e-05	0.22684269320834183
CASNAGNTIYF	TRBV6-6*05	2e-05	0.3947190565037538
CATSDLWAGGEDTGELFF	TRBV24-1*01	2e-05	0.9168006541250038
CASSPRAVGQIYTGELFF	TRBV18*01	2e-05	0.8455814124948153
CASSYGSGGRRPPNIQYF	TRBV6-2*01	2e-05	0.8957656833035775
CASSMDWGQGIWVTQYF	TRBV19*01	2e-05	0.969633811421601
CASSLALAGPGLYEQYF	TRBV27*01	2e-05	0.49559624332235414
CASSALALHLFNSPLHF	TRBV6-4*01	2e-05	0.6691986092713592
CASSLESTTPGLDIQYF	TRBV5-4*01	2e-05	0.8449732075793168
CASSLFPVKGALWEQYF	TRBV11-3*01	2e-05	0.9363904586504812
CASSGRETFATNEKLFF	TRBV6-6*05	2e-05	0.5398820137314183
CASSERTSGSKNNEQFF	TRBV2*01	2e-05	0.5553860981088901
CATSDRTSGAYNEQFF	TRBV24-1*01	2e-05	0.4283292260815857
CATSRALAHSYNEQFF	TRBV15*02	2e-05	0.7667967589463336
CASSHVGAAGSYEQYF	TRBV19*03	2e-05	0.5081802422154009
CASQSQGRNSWETQYF	TRBV28*01	2e-05	0.8306570775963565
CASSSSYRVTTDTQYF	TRBV27*01	2e-05	0.6722712674165331
CASSSGRDSGANVLTF	TRBV11-1*01	2e-05	0.14974829763947564
CASSAPLGGGYTEAFF	TRBV9*03	2e-05	0.5966337998849351
CASSTKREGVYNEQFF	TRBV11-3*01	2e-05	0.7757473313497758
CASNLGLAGLQETQYF	TRBV6-5*01	2e-05	0.5413707988381289
CASSIQESSYNEQFF	TRBV19*01	2e-05	0.4128896651624243
CASSFSGQGWEKLFF	TRBV28*01	2e-05	0.6654484444987093
CASSLAGGGGHTQYF	TRBV6-5*01	2e-05	0.48925373068361977
CASSSRDRGPDTQYF	TRBV28*01	2e-05	0.5106292294935939
CASSFSGTGANVLTF	TRBV6-6*05	2e-05	0.18389252695989558
CASSLTSGILETQYF	TRBV5-5*01	2e-05	0.5906984489630009
CASATRGTGDEKLFF	TRBV5-1*02	2e-05	0.6428057982765496
CAWSPGQLNEKLFF	TRBV30*01	2e-05	0.7115737109414956
CASSILGSYNEQFF	TRBV19*01	2e-05	0.23463274180060473
CASSIDSPNQPQHF	TRBV19*01	2e-05	0.3378344215172981
CASSLGLVGYEQYF	TRBV19*03	2e-05	0.18755662948673527
CASSPKQPPYEQYF	TRBV18*01	2e-05	0.6341811029396519
CASSRPDRYNEQFF	TRBV7-2*01	2e-05	0.5699788873979778
CASSLSGLANEQFF	TRBV11-2*01	2e-05	0.2618424330591069
CSATDREEDNEQFF	TRBV20-1*01	2e-05	0.9212236138492503
CSARLSGRAGEQFF	TRBV20-1*05	2e-05	0.9595985655633069
CSARDSYMNTEAFF	TRBV20-1*01	2e-05	0.8649964140650764
CASSPSSGDIQYF	TRBV18*01	2e-05	0.4833606294447758
CASGQGQGYGYTF	TRBV7-2*01	2e-05	0.23668560473041947
CASSYLGEGTQYF	TRBV6-5*01	2e-05	0.624479020403337
CASSRGSYNEQFF	TRBV6-6*04	2e-05	0.12669418946232383
CASSPGLGYEQYF	TRBV7-2*01	2e-05	0.1575809611828182
CASSQVPLYEQYF	TRBV3-1*01	2e-05	0.7379140439048113
CSASDSQSYEQYF	TRBV20-1*04	2e-05	0.747677670967322
CSDAPAGAETQYF	TRBV20-1*01	2e-05	0.893818105374729
CAIRDSLGEQFF	TRBV10-3*01	2e-05	0.8970734642997066
CASSYSRGEQYF	TRBV6-5*01	2e-05	0.20872967941286863
CASSPGSYGYTF	TRBV7-9*01	2e-05	0.13688705145257432
CSVEDPPGGQFF	TRBV29-1*01	2e-05	0.9866208981661481
CSVETGGTEAFF	TRBV29-1*01	2e-05	0.5409646458998316
CASRSNREAFF	TRBV19*01	2e-05	0.25251954569016727
CASSGQTGGSSYEQYF	TRBV9*01	1.9e-05	0.19177542273497333
CASSAAGALNNEQFF	TRBV11-2*01	1.9e-05	0.5622815845663516
CASTADREDYEQYF	TRBV7-6*02	1.9e-05	0.44046571165842735
CASSQSMDGQAFF	TRBV5-1*01	1.9e-05	0.8045234894862529
CASGSPGLAGKSSYNEQFF	TRBV6-1*01	1.9e-05	0.7954685195499724
CASSEANDLVRLGKPQHF	TRBV2*01	1.9e-05	0.9692518045536114
CASSVVPGINTGELFF	TRBV9*01	1.9e-05	0.5319331868654273
CASSQGQGINYGYTF	TRBV3-1*01	1.9e-05	0.24779157588879144
CASSARDTSTYEQYF	TRBV9*03	1.9e-05	0.2495221750478714
CASRKTGGEEKLFF	TRBV27*01	1.9e-05	0.3714446931784807
CASSPGQGSYGYTF	TRBV5-1*01	1.9e-05	0.1502883176386814
CASSTGPGNEQYF	TRBV7-7*02	1.9e-05	0.29899073066997944
CASSYSGDTQYF	TRBV27*01	1.9e-05	0.16486007418624618
CASSDSSLFIEEGENQPQHF	TRBV6-4*01	1.9e-05	0.8334715743936455
CASSTPRTSGRPTDTQYF	TRBV11-2*01	1.9e-05	0.7387677829501088
CASSYSPGRSGTDTQYF	TRBV6-2*01	1.9e-05	0.6505170106560701
CASSLGTSGRAGETQYF	TRBV5-1*01	1.9e-05	0.48749369149102545
CASSRTSGVNTEELFF	TRBV5-1*01	1.9e-05	0.15379565585644242
CASSLLDTYTGELFF	TRBV28*01	1.9e-05	0.3842128312991725
CASSPLKGGRTEAFF	TRBV28*01	1.9e-05	0.5055643630488564
CASSELGGEAYEQYF	TRBV2*01	1.9e-05	0.18898395819776537
CASSQVGQVSDGYTF	TRBV4-2*01	1.9e-05	0.8242883677523235
CASNLGTSQSSQLFF	TRBV28*01	1.9e-05	0.6351537137755883
CASSQAPPGFYEQYF	TRBV4-1*01	1.9e-05	0.6770247277259768
CAWNIKATNEKLFF	TRBV30*01	1.9e-05	0.8353099092956381
CAAKQRLANQPQHF	TRBV28*01	1.9e-05	0.8737698326173003
CASSRASSGNTIYF	TRBV19*01	1.9e-05	0.14072782897397218
CASSQGERAYGYTF	TRBV3-1*01	1.9e-05	0.3239568960756982
CASSAGQRNTEAFF	TRBV5-1*01	1.9e-05	0.10672682002775803
CASSHPRGSPLHF	TRBV3-1*01	1.9e-05	0.6283174076662335
CASSTRGGLGYTF	TRBV9*01	1.9e-05	0.4068487570168311
CASSGGTGQEQYF	TRBV5-1*01	1.9e-05	0.4506156370123401
CSARVLANTEAFF	TRBV20-1*01	1.9e-05	0.9085736625247699
CASWDRSNEQFF	TRBV28*01	1.9e-05	0.5645163945301118
CAISDRSYEQYF	TRBV10-3*01	1.9e-05	0.4750858331526054
CASSPALEQYF	TRBV18*01	1.9e-05	0.5897068102872178
CAISVKPGQGTSHNTEAFF	TRBV10-3*01	1.9e-05	0.7156477375325455
CASSQGGAGLGANTGELFF	TRBV4-2*01	1.9e-05	0.5968463969019273
CASSSAPGTGGPSYEQYF	TRBV7-2*01	1.9e-05	0.2860293155553876
CASSPSRTEQYSNQPQHF	TRBV6-2*01	1.9e-05	0.4384225258570424
CATSPGTGRPGANVLTF	TRBV24-1*01	1.9e-05	0.6989222719443151
CASSYGTSLSYQETQYF	TRBV6-2*01	1.9e-05	0.8909260160384107
CASSQGGRGISNQPQHF	TRBV4-1*01	1.9e-05	0.4014884522981918
CSADLIGVAGESGELFF	TRBV20-1*01	1.9e-05	0.978564089286966
CASSSRTSGSTDTQYF	TRBV18*01	1.9e-05	0.2616529199572025
CASSFRASNIQETQYF	TRBV27*01	1.9e-05	0.628639690172571
CASSLDRDSGANVLTF	TRBV11-1*01	1.9e-05	0.18145612378793904
CASSQGPGIGANVLTF	TRBV6-4*01	1.9e-05	0.3368653844078146
CASSAPGTGGSYEQYF	TRBV28*01	1.9e-05	0.16967518468317347
CASSLGGGASSGTQYF	TRBV7-3*01	1.9e-05	0.4234782238451178
CASSRYGTESSYEQYF	TRBV6-2*01	1.9e-05	0.7829137772130887
CASSETPGQGNQPQHF	TRBV5-1*01	1.9e-05	0.19649609285082523
CSASVGGPGSNQPQHF	TRBV20-1*01	1.9e-05	0.7580798771413922
CAIGGPGGSGNTIYF	TRBV10-3*01	1.9e-05	0.4875598338106141
CAISESVGGNQPQHF	TRBV10-3*01	1.9e-05	0.5161522209565473
CATSRDTSSYNEQFF	TRBV15*01	1.9e-05	0.16989114150356413
CASSRTGETYTEAFF	TRBV18*01	1.9e-05	0.4217855218524075
CASSYTGGRTGELFF	TRBV27*01	1.9e-05	0.4304748841895982
CASSVRTDSVNEQFF	TRBV6-1*01	1.9e-05	0.45153899501725464
CASSLVGDSYNEQFF	TRBV7-8*01	1.9e-05	0.2618413270980135
CASSLGQNSGNTIYF	TRBV13*01	1.9e-05	0.25196585722873827
CASSPGASSGNTIYF	TRBV7-9*01	1.9e-05	0.15613659109012565
CASSPGGFSGNTIYF	TRBV27*01	1.9e-05	0.32953146842343406
CASSHRDRTNEKLFF	TRBV11-3*01	1.9e-05	0.46875057641988194
CASRPWGDRGQTQYF	TRBV2*01	1.9e-05	0.9121300591537764
CASKISAGGEETQYF	TRBV6-2*01	1.9e-05	0.6885603963759745
CASSGGTGFNSPLHF	TRBV5-1*01	1.9e-05	0.5562792574467538
CSALDAGRSSYEQYF	TRBV20-1*01	1.9e-05	0.8533759323875901
CSARDEGRPPYEQYF	TRBV20-1*01	1.9e-05	0.9311291716585802
CATSTDGGHQPQHF	TRBV15*02	1.9e-05	0.4435964265351416
CASSLPGQGKTQYF	TRBV28*01	1.9e-05	0.6863721925290115
CASSETATDQPQHF	TRBV2*01	1.9e-05	0.30949974773256145
CASSNREINSPLHF	TRBV3-1*01	1.9e-05	0.5835995715542469
CASSLEVDWLEQYF	TRBV7-9*01	1.9e-05	0.8988242503205535
CASSLLDRNTEAFF	TRBV14*01	1.9e-05	0.42026821567109085
CASSLAEGTDTQYF	TRBV27*01	1.9e-05	0.18896676570079246
CASSPYGASYEQYF	TRBV7-2*01	1.9e-05	0.29902957239303735
CASNLAVLRNEQFF	TRBV6-6*04	1.9e-05	0.9365922118149428
CASSQDSGGTEAFF	TRBV4-1*01	1.9e-05	0.15114040922287514
CASSGGDFNYEQYF	TRBV5-1*01	1.9e-05	0.3575395227960779
CAISGTLNTEAFF	TRBV10-3*01	1.9e-05	0.5209175229675012
CATSGRSGNTIYF	TRBV15*02	1.9e-05	0.31567329173414227
CATSRDLNTEAFF	TRBV15*01	1.9e-05	0.2632652954534616
CASSLDPLSGYTF	TRBV28*01	1.9e-05	0.7605062953080017
CASSTGGTDTQYF	TRBV28*01	1.9e-05	0.14580252205398922
CASSSPKGHEQFF	TRBV7-2*01	1.9e-05	0.4608125553672468
CASSSRGGQVAFF	TRBV7-2*01	1.9e-05	0.5146347119748509
CASSSRGGFGYTF	TRBV11-2*01	1.9e-05	0.251666964699467
CASSLGPNEKLFF	TRBV11-2*01	1.9e-05	0.19238755675256874
CASSPHRGAEQYF	TRBV7-2*01	1.9e-05	0.70270315807438
CASKQGGTDTQYF	TRBV28*01	1.9e-05	0.3719958962531474
CASSGDVGDEQYF	TRBV10-1*01	1.9e-05	0.2696376874111331
CASSLVGTDTQYF	TRBV5-1*01	1.9e-05	0.1688874370175243
CSSHRGPLTEAFF	TRBV20-1*01	1.9e-05	0.8864286893593809
CSASQGARDEQYF	TRBV20-1*02	1.9e-05	0.8925281096243611
CSAPGGPGETQYF	TRBV20-1*01	1.9e-05	0.923086438387216
CATSDPGGEQFF	TRBV24-1*01	1.9e-05	0.659898215316908
CASRLAGGELFF	TRBV6-2*01	1.9e-05	0.21339038163072518
CASSLDRTEAFF	TRBV28*01	1.9e-05	0.13331977510766505
CASSPSKNEQFF	TRBV11-2*01	1.9e-05	0.3831372149365747
CASSVLTGELFF	TRBV9*01	1.9e-05	0.1327631438804231
CSAPQAGFGYTF	TRBV20-1*01	1.9e-05	0.8995417242205183
CSMPDYNEQFF	TRBV20-1*01	1.9e-05	0.8954753322096397
CASSYSEQFF	TRBV6-5*01	1.9e-05	0.1307176010699561
CASSLPTRQGGWDNYGYTF	TRBV5-1*01	1.9e-05	0.815885527654217
CASSPTFGTSGISQTQYF	TRBV18*01	1.9e-05	0.7978025258870022
CASSQVPSGGSSYNEQFF	TRBV3-1*01	1.9e-05	0.6758169163150356
CSARALGLAGGFTDTQYF	TRBV20-1*01	1.9e-05	0.9366168440506486
CSVEVRTPAEPINYGYTF	TRBV29-1*02	1.9e-05	0.941882815040552
CASSGAAGGAYNQPQHF	TRBV19*03	1.9e-05	0.27050556822494276
CASSERASGRSWNEQFF	TRBV2*01	1.9e-05	0.6720637573357287
CASSPVGGTGGHGELFF	TRBV7-3*01	1.9e-05	0.4455747501723253
CASSRGSLSMGIYEQYF	TRBV7-2*01	1.9e-05	0.6023280430561676
CASRLKVTPFPGAEAFF	TRBV2*01	1.9e-05	0.9961421743757298
CASSEGTGLRSANVLTF	TRBV10-1*01	1.9e-05	0.7799769230861658
CASSLWRPDVSTDTQYF	TRBV5-1*01	1.9e-05	0.8375352436683005
CASSQAPLAGVSGELFF	TRBV4-1*01	1.9e-05	0.6973359869828066
CATSDSGTSGRETQYF	TRBV24-1*01	1.9e-05	0.6560767464911474
CATSSNLDRSRYEQYF	TRBV15*02	1.9e-05	0.40670282555844434
CASSLDIGVNLDGYTF	TRBV5-8*01	1.9e-05	0.8748103692600274
CASSGRDLGLINEQFF	TRBV9*01	1.9e-05	0.8451047705867704
CASRRTGTAGTDTQYF	TRBV27*01	1.9e-05	0.6316170631149568
CASSLGPAGGPNEQFF	TRBV5-1*01	1.9e-05	0.6387725257991331
CASSSLDGPTNEKLFF	TRBV5-1*01	1.9e-05	0.4702373416669524
CSARDSLRGAKNIQYF	TRBV20-1*01	1.9e-05	0.9819238648689504
CAWSLGLAGPGELFF	TRBV30*01	1.9e-05	0.8170676015494982
CAWSGYPSGANVLTF	TRBV30*01	1.9e-05	0.8468971222222058
CAISDPRVSTGELFF	TRBV10-3*01	1.9e-05	0.8670328050265228
CAISDGGGASYEQYF	TRBV10-3*01	1.9e-05	0.5023721315804823
CATGVLAGFNNEQFF	TRBV2*02	1.9e-05	0.8913704764999848
CATSRDRGAGYGYTF	TRBV15*01	1.9e-05	0.17005204117003464
CASSPPGRGNQPQHF	TRBV18*01	1.9e-05	0.3821733473407154
CASSRLGANQETQYF	TRBV27*01	1.9e-05	0.5360826446190272
CASSDPPLRRTEAFF	TRBV6-1*01	1.9e-05	0.9335195410986573
CASSSGQGYFEGYTF	TRBV5-5*01	1.9e-05	0.6627255394338201
CASSQERDPWYEQYF	TRBV4-2*01	1.9e-05	0.8261135453454079
CASSVRLGGNQPQHF	TRBV28*01	1.9e-05	0.3833073949270715
CASSELGQGGTEAFF	TRBV6-6*05	1.9e-05	0.19744275701742417
CASRRLAGGGDTQYF	TRBV11-2*01	1.9e-05	0.38371594633598577
CASSEQQWGGDEQFF	TRBV10-2*01	1.9e-05	0.8575074561868873
CASSLDRGNNSPLHF	TRBV5-1*01	1.9e-05	0.2909701678591135
CASSQGEPLETEQYF	TRBV4-1*01	1.9e-05	0.6384394503503669
CSARGGNAYNSPLHF	TRBV20-1*01	1.9e-05	0.9346698900002562
CSAREFHQVGDTQYF	TRBV20-1*01	1.9e-05	0.986498624897579
CSAKYGGSDTGELFF	TRBV20-1*01	1.9e-05	0.9170414091394207
CSAAPGKGATYEQYF	TRBV20-1*02	1.9e-05	0.9311046895884696
CSVAVGQPNNQPQHF	TRBV29-1*01	1.9e-05	0.7979015042789258
CAIRPGGKDYEQYF	TRBV10-3*01	1.9e-05	0.72567366512552
CASQFSSNTGELFF	TRBV19*01	1.9e-05	0.4829746132737192
CASTGTPNTGELFF	TRBV19*01	1.9e-05	0.3528239072964636
CASSTIQRVTEAFF	TRBV19*01	1.9e-05	0.6675827156982177
CASSPIQGANEQYF	TRBV18*01	1.9e-05	0.4660953990331531
CASSPTQGANERYF	TRBV18*01	1.9e-05	0.7202244764993079
CASHYQGYQETQYF	TRBV6-1*01	1.9e-05	0.7178714538352423
CASTGVGGTDTQYF	TRBV6-2*01	1.9e-05	0.2320637908818838
CASTPGRTSYEQYF	TRBV2*01	1.9e-05	0.39290689339656804
CASSLGLAIGELFF	TRBV27*01	1.9e-05	0.6065325665034564
CASSPPRREVEQYF	TRBV11-3*01	1.9e-05	0.7696331002688398
CASSPPGQGNEQFF	TRBV6-6*04	1.9e-05	0.43050289762461724
CASSQDGWTGELFF	TRBV11-3*01	1.9e-05	0.6591431206110249
CASSESETGGEQYF	TRBV2*03	1.9e-05	0.23531442509860415
CASSFFDRNTEAFF	TRBV7-9*01	1.9e-05	0.5668056641224113
CASSLGRFNQPQHF	TRBV5-8*01	1.9e-05	0.19234686699073633
CASSLEQGGGEQFF	TRBV7-8*01	1.9e-05	0.30530919888668384
CASSLESRNTEAFF	TRBV11-1*01	1.9e-05	0.2802708842560241
CASSLSVGADTQYF	TRBV7-8*01	1.9e-05	0.27455135176386364
CASSWQGQGNEQYF	TRBV5-4*01	1.9e-05	0.3835333454826588
CASSQDRLGEKLFF	TRBV4-2*01	1.9e-05	0.5309831357933802
CASSAANLNTEAFF	TRBV9*03	1.9e-05	0.18699662903625347
CASSAGDINEKLFF	TRBV9*03	1.9e-05	0.22162454702411183
CASSARGITGELFF	TRBV9*03	1.9e-05	0.3347985877362211
CASNKIDRVDTQYF	TRBV2*02	1.9e-05	0.9012383831008408
CASNRDRVREKLFF	TRBV6-1*01	1.9e-05	0.8235659359438703
CASSQGTENYEQYF	TRBV4-1*01	1.9e-05	0.23993600431113565
CSARGLILANEQYF	TRBV20-1*01	1.9e-05	0.9536264544966572
CSVVGQGTYNEQFF	TRBV29-1*01	1.9e-05	0.8519907482465482
CATRGTASYEQYF	TRBV19*01	1.9e-05	0.5730156581828137
CASSIRVPYEQYF	TRBV19*01	1.9e-05	0.45987035983787294
CASSTRSALEQYF	TRBV19*01	1.9e-05	0.7215699016435833
CASEGGRHTEAFF	TRBV28*01	1.9e-05	0.5162713570214224
CASSQDRGYGYTF	TRBV3-1*01	1.9e-05	0.1283132016249342
CASSTSGNNEQFF	TRBV2*02	1.9e-05	0.28591907201066596
CASSRQGNQPQHF	TRBV6-6*03	1.9e-05	0.07940023181651414
CASSYETRRGYTF	TRBV7-9*01	1.9e-05	0.8644813740782523
CASSQGTDQPQHF	TRBV14*01	1.9e-05	0.13415194999442304
CASRDGTHNEQFF	TRBV9*01	1.9e-05	0.6145128274016636
CSVAVSGANVLTF	TRBV29-1*01	1.9e-05	0.43363192017401353
CAISPSLHEQYF	TRBV10-3*01	1.9e-05	0.6509600863844182
CASTRQGAGYTF	TRBV19*01	1.9e-05	0.26608395685466807
CASSFSLGEQFF	TRBV28*01	1.9e-05	0.7257573925737695
CASSPDSYEQYF	TRBV11-1*01	1.9e-05	0.18412412451299418
CASSEPGLGPFF	TRBV4-2*01	1.9e-05	0.9197742767405132
CASSLSYEQYF	TRBV5-6*01	1.9e-05	0.09393227163999693
CASRQTGELFF	TRBV3-1*01	1.9e-05	0.15724800601321376
CASRLAETQYF	TRBV5-1*01	1.9e-05	0.3363219793174139
CSAFQRDEQFF	TRBV20-1*01	1.9e-05	0.9419441501344776
CSARETGELFF	TRBV20-1*01	1.9e-05	0.7387180174881733
CASSLVSTRDRQGIGNTEAFF	TRBV7-9*01	1.9e-05	0.8702143320082667
CASSVESLAGARGQLYNEQFF	TRBV9*01	1.9e-05	0.840790347394186
CASSSVGLAGGGPYNEQFF	TRBV28*01	1.9e-05	0.42786273188112395
CASRRSGTSGRVVDTQYF	TRBV19*01	1.9e-05	0.6687641455012282
CASSPLTVGTEVAGELFF	TRBV14*01	1.9e-05	0.7132728633272224
CASSQDTPGTSLTYEQYF	TRBV4-2*01	1.9e-05	0.5759777755315906
CASSQDSRGVTYNSPLHF	TRBV4-1*01	1.9e-05	0.7095850162120584
CASSQEGPRGGSTDTQYF	TRBV4-1*01	1.9e-05	0.6201292795692563
CASRASSGAGGVATEAFF	TRBV5-1*01	1.9e-05	0.415192114634394
CATSDLTSGDSYNEQFF	TRBV24-1*01	1.9e-05	0.510368023048392
CASSNSLGRLNTGELFF	TRBV18*01	1.9e-05	0.6348928685520784
CASSLAWGGRHSYEQYF	TRBV5-5*01	1.9e-05	0.6895549541835259
CASSPLGGVTSTDTQYF	TRBV7-2*01	1.9e-05	0.5342555133714886
CASSPRDVTKSSYEQYF	TRBV9*01	1.9e-05	0.8811545521553387
CATPRPEGGMNTEAFF	TRBV24-1*01	1.9e-05	0.8676393986213432
CASSIEGGTRNQPQHF	TRBV19*01	1.9e-05	0.22062072094635116
CASSPTESSYNSPLHF	TRBV18*01	1.9e-05	0.4261324007101155
CASSPVSTGGPNEQFF	TRBV18*01	1.9e-05	0.734834851941232
CASTSSSEGGGETQYF	TRBV3-1*01	1.9e-05	0.24271947691596502
CASSLAGARSNEKLFF	TRBV28*01	1.9e-05	0.4845865271160742
CASSALQGARTDTQYF	TRBV6-1*01	1.9e-05	0.4229443080437775
CASSGGLEDYTDTQYF	TRBV2*01	1.9e-05	0.2987208924914173
CASSFRREGFTGELFF	TRBV28*01	1.9e-05	0.6893811302671474
CASSFNTGDQNTEAFF	TRBV7-6*01	1.9e-05	0.3461119180087166
CASSLGHGGSRYEQYF	TRBV7-2*01	1.9e-05	0.3404493975595386
CASSPLGQARNYGYTF	TRBV7-9*01	1.9e-05	0.768138605761452
CASSPLRGAQGETQYF	TRBV7-9*01	1.9e-05	0.5836190966517352
CASSFWTSGGGETQYF	TRBV5-1*01	1.9e-05	0.7935533230438192
CASSLMDRSSNYGYTF	TRBV4-1*01	1.9e-05	0.3770178484666496
CASSLTGLAGVDEQFF	TRBV5-1*01	1.9e-05	0.566292989505163
CASSQPSGRIYNEQFF	TRBV4-1*01	1.9e-05	0.764596585736325
CASRGDPRGQWAEAFF	TRBV5-1*01	1.9e-05	0.9580578569823781
CSARFRDAFGYYEQYF	TRBV20-1*01	1.9e-05	0.978345162400388
CAISFDASSTDTQYF	TRBV10-3*01	1.9e-05	0.7230698020614515
CASSWGLAGYNEQFF	TRBV19*01	1.9e-05	0.4109149932525028
CASSRGPDSTDTQYF	TRBV2*01	1.9e-05	0.3922193033270559
CASGLGASLTGELFF	TRBV11-3*02	1.9e-05	0.6163411446212043
CASIPWTSDAYEQYF	TRBV7-2*01	1.9e-05	0.7949379785391165
CASSSHGLALNEQFF	TRBV28*01	1.9e-05	0.8056540096103388
CASSYTLAGLETQYF	TRBV6-5*01	1.9e-05	0.5919343447723586
CASSYSPVSNTEAFF	TRBV6-5*01	1.9e-05	0.814184388001044
CASSPDRTNTGELFF	TRBV2*01	1.9e-05	0.2343607816186881
CASSLNSGGEGEQYF	TRBV7-9*01	1.9e-05	0.2656411118005126
CASSWSGRNSYEQYF	TRBV2*01	1.9e-05	0.5696601790338516
CASSWKDPGVGEQYF	TRBV7-9*01	1.9e-05	0.8794776858075636
CASSPSGASTDTQYF	TRBV4-2*01	1.9e-05	0.3255417746200791
CASSQVGGSANEQFF	TRBV3-1*01	1.9e-05	0.4708723871458683
CASSVGDGRGNEQFF	TRBV9*01	1.9e-05	0.3936911676311203
CASSGLAGQTGELFF	TRBV9*01	1.9e-05	0.4194623717591557
CASRRDGGPNEKLFF	TRBV16*03	1.9e-05	0.3417301609488781
CASKSDFRGRDTQYF	TRBV6-6*04	1.9e-05	0.8201454024431427
CASSSDGTIIGELFF	TRBV5-1*01	1.9e-05	0.8521157156564577
CASSDPSYYNEKLFF	TRBV10-1*01	1.9e-05	0.558666183720539
CASSESRGSLAGYTF	TRBV10-2*01	1.9e-05	0.39913101818564467
CASSLYGDRDYGYTF	TRBV5-1*01	1.9e-05	0.563003470665363
CASSSGLAERVEQFF	TRBV5-1*01	1.9e-05	0.7419613910419512
CASSLEADAGAPQHF	TRBV4-1*01	1.9e-05	0.6767573832898527
CASSHGGLLTREQYF	TRBV4-1*01	1.9e-05	0.8854702768146582
CASSQDQVRAYEQYF	TRBV4-1*01	1.9e-05	0.7991555432084002
CASSVSGLPTGELFF	TRBV5-1*01	1.9e-05	0.5178081845066926
CAWSRRRTNEKLFF	TRBV30*01	1.9e-05	0.5184785940794784
CAISAGTSPYEQYF	TRBV10-3*01	1.9e-05	0.6499517177199897
CATLGLFAPYEQYF	TRBV2*01	1.9e-05	0.8798406815923323
CATSGLSSYNEQFF	TRBV24-1*01	1.9e-05	0.26793043407799494
CASTRGLAHNEQFF	TRBV7-9*05	1.9e-05	0.6911707276414645
CASSLGGFTGELFF	TRBV28*01	1.9e-05	0.1735523885123521
CASSQGVGSTEAFF	TRBV27*01	1.9e-05	0.10127802426124749
CASSLQPNTGELFF	TRBV11-2*01	1.9e-05	0.21484420771729745
CASSLVHQNTEAFF	TRBV7-8*01	1.9e-05	0.2592176245385192
CASSLILLHTEAFF	TRBV13*01	1.9e-05	0.4572393838045194
CASSLTGGTDTQYF	TRBV7-3*01	1.9e-05	0.15498355763603383
CASSPPDGTDTQYF	TRBV9*03	1.9e-05	0.38803999647875753
CASSPDRVMHGYTF	TRBV2*01	1.9e-05	0.7406200908587435
CASSPNPTGYEQYF	TRBV5-5*01	1.9e-05	0.40825814798970894
CASSQQGSYNEQFF	TRBV4-2*01	1.9e-05	0.181610785000042
CASSQAGHRDTQYF	TRBV4-2*01	1.9e-05	0.6354535973534599
CASSVGSSGNTIYF	TRBV9*01	1.9e-05	0.1011847912647273
CASRLGSSYNEQFF	TRBV6-6*03	1.9e-05	0.18567851325365503
CASRRTGGAYGYTF	TRBV6-1*01	1.9e-05	0.1871691874509116
CASSLEPVNTEAFF	TRBV5-1*01	1.9e-05	0.4042403913046851
CASSQGWGLNEQFF	TRBV4-1*01	1.9e-05	0.7445096126358591
CASSPMGGWEQYF	TRBV7-7*01	1.9e-05	0.6352903488702881
CARGTSGYNEQFF	TRBV30*05	1.9e-05	0.28912694061407346
CAGRDSNNEKLFF	TRBV2*01	1.9e-05	0.3056131184572424
CAISVKQEYGYTF	TRBV10-3*01	1.9e-05	0.6993627851031391
CATSGQGGSPLHF	TRBV18*01	1.9e-05	0.2873549553543506
CASLAGSNTEAFF	TRBV18*01	1.9e-05	0.1654277741401182
CASSSGAGETQYF	TRBV6-6*03	1.9e-05	0.18370941720124245
CASSYPLTGELFF	TRBV28*01	1.9e-05	0.3428797463769787
CASSDWHNGELFF	TRBV2*01	1.9e-05	0.5429108675254343
CASSLETNTEAFF	TRBV5-6*01	1.9e-05	0.11659630409122844
CASSPGGGPGYTF	TRBV9*01	1.9e-05	0.39176457478546167
CASSHVGTSPLHF	TRBV16*01	1.9e-05	0.5900367915580023
CASSLLGGHGYTF	TRBV5-1*01	1.9e-05	0.28532263190725127
CASSLTRGGEQYF	TRBV4-1*01	1.9e-05	0.24496429918742774
CSARRTSQETQYF	TRBV20-1*01	1.9e-05	0.943382884578159
CSARVINREPQHF	TRBV20-1*01	1.9e-05	0.9577994732295623
CSARGGWEYEQYF	TRBV20-1*01	1.9e-05	0.9601965034516868
CSVGFLAGGEQYF	TRBV29-1*02	1.9e-05	0.910396783548637
CSAESYSENEQFF	TRBV29-1*01	1.9e-05	0.8632884869383751
CASSIQSGTGTF	TRBV19*01	1.9e-05	0.7245495399636953
CASSRDNYEQFF	TRBV5-4*01	1.9e-05	0.2617429547041373
CASSPRTDTQYF	TRBV18*01	1.9e-05	0.18803254400738018
CASGREGETQYF	TRBV2*01	1.9e-05	0.44082285760934276
CASSPEGEKLFF	TRBV6-4*01	1.9e-05	0.3440024736072628
CASSFPGLEQFF	TRBV7-2*01	1.9e-05	0.7422425182613066
CASRVPYTEAFF	TRBV28*01	1.9e-05	0.38751097377439436
CASSFQLGPLHF	TRBV5-1*01	1.9e-05	0.8168265435328341
CSVEAPDSGYTF	TRBV29-1*01	1.9e-05	0.9301001149251006
CASSPQETQYF	TRBV18*01	1.9e-05	0.2306735929068277
CASSDRDEQYF	TRBV2*01	1.9e-05	0.20909878898476708
CASSNNEKLFF	TRBV28*01	1.9e-05	0.23243139290235498
CASSLRRLAGGSYGTGELFF	TRBV7-3*01	1.9e-05	0.6527942197867018
CAISAPGTSGTSTDTQYF	TRBV10-3*01	1.9e-05	0.5997320324630645
CASSLSTGALKNTGELFF	TRBV7-2*01	1.9e-05	0.6538005695469417
CASSSARAGGGGPDEQYF	TRBV11-3*01	1.9e-05	0.6685414168060534
CAISGTVILADTGELFF	TRBV10-3*01	1.9e-05	0.8911922638852287
CASSIEGPGGKADTQYF	TRBV19*01	1.9e-05	0.7396638902893141
CASSQGISVSSYNEQFF	TRBV4-1*01	1.9e-05	0.6954417155061834
CATSDFAGRDHNEQFF	TRBV24-1*01	1.9e-05	0.8875383333884554
CASTRGGYSSGNTIYF	TRBV19*01	1.9e-05	0.19142105922011649
CASSPHQTSFNEKLFF	TRBV28*01	1.9e-05	0.8057980836114222
CASSFGGLAYNSPLHF	TRBV13*01	1.9e-05	0.6017629073590367
CASSLAASGSLKTQYF	TRBV7-8*01	1.9e-05	0.7657356753745791
CASSLGPTGITGELFF	TRBV7-3*01	1.9e-05	0.502952455685812
CASSLEELAGGETQYF	TRBV7-2*01	1.9e-05	0.4177272468917598
CASSLSGGSSSYEQYF	TRBV7-9*01	1.9e-05	0.17633542123826418
CASSSDRATLNTEAFF	TRBV11-3*01	1.9e-05	0.5164482974914768
CASSPRGLAQNNEQFF	TRBV9*01	1.9e-05	0.7630272514855383
CASSPYGGGYTGELFF	TRBV7-8*03	1.9e-05	0.3757344554798558
CASSRPRDGASYEQYF	TRBV11-2*01	1.9e-05	0.4944648172798764
CSARDQTASGKGEQFF	TRBV20-1*01	1.9e-05	0.9865110418889493
CASSLLAGSYNEQFF	TRBV7-7*01	1.9e-05	0.1770654600210317
CAIRLAGGSYNEQFF	TRBV10-3*01	1.9e-05	0.5206114194418419
CASTPLAGANNEQFF	TRBV19*01	1.9e-05	0.6310302257711666
CASGVASGPYNEQFF	TRBV27*01	1.9e-05	0.4156480117501843
CASSLYSSGTETQYF	TRBV27*01	1.9e-05	0.32625633999149783
CASSPQGAGTGELFF	TRBV6-6*04	1.9e-05	0.26486289627296056
CASSAGTSGTAEQFF	TRBV27*01	1.9e-05	0.5957149220552937
CASSAGTSTNQPQHF	TRBV2*01	1.9e-05	0.1309008494783044
CASSQGPTGEVEQYF	TRBV4-2*01	1.9e-05	0.5450948266348007
CASSQGTRSSYEQYF	TRBV14*01	1.9e-05	0.24450265393777562
CASSDRSTQNTEAFF	TRBV7-9*04	1.9e-05	0.3588147253604378
CASNIRQAGSPGAFF	TRBV28*01	1.9e-05	0.9532645481108823
CASSEVAGGPNEQFF	TRBV10-2*01	1.9e-05	0.46599829470472137
CASSLSGGANSPLHF	TRBV5-1*01	1.9e-05	0.23614786012357367
CASSSDKGRRTEAFF	TRBV4-1*01	1.9e-05	0.5848353104185345
CASSLSGRWAGELFF	TRBV4-1*01	1.9e-05	0.7337093391519878
CSARDIGSSYNEQFF	TRBV20-1*01	1.9e-05	0.7674159758792547
CALYRGPSTDTQYF	TRBV6-1*01	1.9e-05	0.7407693044711492
CAGGTSGRGEEQFF	TRBV2*01	1.9e-05	0.45712561201613094
CASSLDRGTGELFF	TRBV19*03	1.9e-05	0.1476952560141946
CASSLGTGLQPQHF	TRBV5-8*01	1.9e-05	0.27301901997678
CASSLLAGVETQYF	TRBV3-1*01	1.9e-05	0.44575006809304624
CASSPSAGVQTQYF	TRBV11-2*01	1.9e-05	0.6598359549595854
CASSVEQGGSGQYF	TRBV9*01	1.9e-05	0.5095120366615589
CASSRGQGAPEAFF	TRBV5-1*01	1.9e-05	0.5293623088586029
CASSQPGGEETQYF	TRBV4-1*01	1.9e-05	0.3838761648619883
CAISEVKEETQYF	TRBV10-3*01	1.9e-05	0.7961344014717926
CASSLTGYNEQFF	TRBV18*01	1.9e-05	0.1531247815749735
CASWGQLYTEAFF	TRBV6-1*01	1.9e-05	0.7500859139700904
CASGAENTGELFF	TRBV2*01	1.9e-05	0.23588587940729133
CASSSGRGDEQYF	TRBV5-6*01	1.9e-05	0.20227454003000692
CASSWRMNTEAFF	TRBV7-9*01	1.9e-05	0.46888546405950055
CASRLAGGGEQFF	TRBV2*01	1.9e-05	0.30298594569241677
CASSLLGETEAFF	TRBV5-1*01	1.9e-05	0.13741435255699538
CSARSGGGETQYF	TRBV20-1*05	1.9e-05	0.8411841043860395
CSVVPGHSYEQYF	TRBV29-1*01	1.9e-05	0.8711396424023663
CAWSKGEHEQFF	TRBV30*01	1.9e-05	0.3627037107171276
CASGGTPKTQYF	TRBV6-4*01	1.9e-05	0.9561098727676264
CASSFDRAPLHF	TRBV6-5*01	1.9e-05	0.5563540980061243
CASSLSTDTQYF	TRBV2*01	1.9e-05	0.14566739372767729
CSAPEGAREQYF	TRBV20-1*01	1.9e-05	0.951928404721741
CSAMGTNYGYTF	TRBV29-1*01	1.9e-05	0.8299244368507499
CASATYNEQFF	TRBV6-2*01	1.9e-05	0.24155261009853438
CSVSGNTEAFF	TRBV29-1*01	1.9e-05	0.3483816952932335
CASSLPYGTGNTEAFF	TRBV28*01	1.8e-05	0.3444229155906054
CASSLGQGPHNEQFF	TRBV28*01	1.8e-05	0.5988576000641128
CASSPNPGLASAIF	TRBV6-4*01	1.8e-05	0.85456933828934
CASSVDGFANEQYF	TRBV9*01	1.8e-05	0.5210932025247309
CASSSPTGTGDDYGYTF	TRBV28*01	1.8e-05	0.38495249058220565
CASSVGVRGWYNEQFF	TRBV9*01	1.8e-05	0.699226279865994
CSARDRNRGLSYEQYF	TRBV20-1*01	1.8e-05	0.9488567980074113
CASSRDRGDFQPQHF	TRBV2*01	1.8e-05	0.322564065810329
CSASPQTGGRDTQYF	TRBV20-1*04	1.8e-05	0.9347536378121477
CACPHPTRATEQFF	TRBV30*01	1.8e-05	0.9857171933723178
CASSSESGGTEAFF	TRBV18*01	1.8e-05	0.20025198372386066
CASSDWFDTEAFF	TRBV2*01	1.8e-05	0.4876334858771725
CASSPGPNEKLFF	TRBV5-1*01	1.8e-05	0.1976282071219958
CASSLAPLSASGSMQETQYF	TRBV5-1*01	1.8e-05	0.940103019570921
CASSYSKGTRSDTQYF	TRBV6-5*01	1.8e-05	0.7749277176861701
CASSPLSSSYNSPLHF	TRBV7-2*01	1.8e-05	0.2974453046859352
CASSIPNSAGANVLTF	TRBV28*01	1.8e-05	0.5213978868008596
CASSSYRIGTGELFF	TRBV19*01	1.8e-05	0.6344664381797297
CASSYSGDRVISYTF	TRBV6-5*01	1.8e-05	0.8511015674424421
CASSVDPSGRNEQFF	TRBV9*01	1.8e-05	0.6928951756801052
CASSVKPGHKETQYF	TRBV5-1*01	1.8e-05	0.6316142616478887
CSARWPTVIKGEQYF	TRBV20-1*01	1.8e-05	0.9870416706066987
CATEGGAGANVLTF	TRBV28*01	1.8e-05	0.29130824955594153
CASRLGWSSYEQYF	TRBV5-1*01	1.8e-05	0.5058728735716624
CSVESGSGRAEQYF	TRBV29-1*01	1.8e-05	0.8613195241449226
CSVLGDRGDYGYTF	TRBV29-1*01	1.8e-05	0.70049669838175
CASSSTSAYEQFF	TRBV6-5*01	1.8e-05	0.3407836714061627
CASSYVLTGEAFF	TRBV6-5*01	1.8e-05	0.3133112169082773
CASSQGLNSPLHF	TRBV2*01	1.8e-05	0.22327481389270384
CSVGGLMNTEAFF	TRBV29-1*01	1.8e-05	0.5762700915930166
CASRQGYNEQFF	TRBV6-2*01	1.8e-05	0.23332596384675522
CASRPHSGTGGTGYGYTF	TRBV28*01	1.8e-05	0.5052911601121071
CASSFPQGLRQEFYGYTF	TRBV5-1*01	1.8e-05	0.8275313262105335
CASSSRPDRGNTGELFF	TRBV28*01	1.8e-05	0.7435838338879472
CASSYISGREGRNEQFF	TRBV6-2*01	1.8e-05	0.8987650008024961
CASSTIHRADNQPQHF	TRBV19*01	1.8e-05	0.8920716530494993
CASTWLGTSQYNEQFF	TRBV6-5*01	1.8e-05	0.8083430987447177
CASSLAGTLGSYEQYF	TRBV7-8*01	1.8e-05	0.47535940066965365
CASSSSPTVGLDEQFF	TRBV11-3*01	1.8e-05	0.7738928880077109
CASRRFGQRASYEQYF	TRBV28*01	1.8e-05	0.5569687542487975
CASSEGQGARYEQYF	TRBV19*03	1.8e-05	0.30512216916801643
CASSPANRPNEKLFF	TRBV18*01	1.8e-05	0.680096095391047
CASTHLGQGENTIYF	TRBV6-1*01	1.8e-05	0.5805890378920634
CASSFVGSEENRAFF	TRBV27*01	1.8e-05	0.8782749724817371
CASSSQAGGTDTQYF	TRBV28*01	1.8e-05	0.3115623616156134
CASSGTSGSTDTQYF	TRBV6-4*01	1.8e-05	0.20923899302411172
CASSDGEVAPNEQFF	TRBV2*01	1.8e-05	0.8093866063080282
CASSLWTSGTDTQYF	TRBV7-2*01	1.8e-05	0.5148319958114272
CASSVEGQGVQGYTF	TRBV9*01	1.8e-05	0.37684640997743
CASKGGGSANTEAFF	TRBV2*01	1.8e-05	0.36714483986774815
CASSQNSRFNYGYTF	TRBV4-1*01	1.8e-05	0.5327168910098805
CAWRMGDRGREQYF	TRBV30*01	1.8e-05	0.9617622443018875
CAISEWTDNSPLHF	TRBV10-3*01	1.8e-05	0.5909250257494153
CASSYSGPYNEQFF	TRBV19*03	1.8e-05	0.37913130582344096
CASSDGTGNSPLHF	TRBV6-4*01	1.8e-05	0.2006196523565098
CASSLSRDYTEAFF	TRBV7-2*01	1.8e-05	0.28655517845886885
CASSVAGRDTEAFF	TRBV9*01	1.8e-05	0.32466309672034915
CASRRRTGDTEAFF	TRBV10-1*01	1.8e-05	0.3229874063820054
CSARGVFLAGEQFF	TRBV20-1*01	1.8e-05	0.981459683818151
CSTTWAGEETQYF	TRBV10-3*03	1.8e-05	0.8920176742239793
CASSAGGVQPQHF	TRBV19*01	1.8e-05	0.12151252115679806
CASATGAKNIQYF	TRBV28*01	1.8e-05	0.744606991289743
CASASGEQETQYF	TRBV6-1*01	1.8e-05	0.47153337083327557
CASSSGGRETQYF	TRBV7-2*01	1.8e-05	0.26193165718223205
CASSSGQIYGYTF	TRBV11-2*01	1.8e-05	0.3514382561787128
CASSLGQNYEQYF	TRBV5-1*01	1.8e-05	0.2125614090277848
CSAAGGTIYGYTF	TRBV20-1*02	1.8e-05	0.729451169249569
CSARATGYSPLHF	TRBV20-1*01	1.8e-05	0.9525860703822755
CSVGQGHNYGYTF	TRBV29-1*01	1.8e-05	0.7297468390431883
CSEGTGITEAFF	TRBV29-1*01	1.8e-05	0.6963032007343535
CASSKGDEQFF	TRBV7-2*01	1.8e-05	0.35591188749448865
CASSVGNTIYF	TRBV13*02	1.8e-05	0.13443978046238622
CASSQDHARVWGSYNSPLHF	TRBV4-2*01	1.8e-05	0.9547712108712478
CASSVRWTSGSLGGETQYF	TRBV13*01	1.8e-05	0.8925514571645002
CASSSLTLTGEGYNEQFF	TRBV7-6*01	1.8e-05	0.48402170818959755
CASSPTGTVLTNTGELFF	TRBV2*01	1.8e-05	0.7247856077813446
CASRDPRGISNTGELFF	TRBV19*01	1.8e-05	0.8343332131806285
CASSLDLARSSYNEQFF	TRBV7-2*01	1.8e-05	0.7087749146018462
CASSSGRWQGANYGYTF	TRBV5-6*01	1.8e-05	0.5771816225230899
CASSRTDGWSYNSPLHF	TRBV14*01	1.8e-05	0.8165314733821655
CASSQVGYRANGNTIYF	TRBV14*01	1.8e-05	0.6891015421187244
CSARAADRGGISGELFF	TRBV20-1*01	1.8e-05	0.9839443278487144
CASRDLEGLPTGELFF	TRBV19*01	1.8e-05	0.8918326669262069
CASHRGPPRLDYGYTF	TRBV6-1*01	1.8e-05	0.9536963610657098
CASSSRGGLSYNEQFF	TRBV28*01	1.8e-05	0.29341921195786624
CASSDSTGQGLLEQYF	TRBV6-4*01	1.8e-05	0.7499662063627839
CASSSDRVGAGYGYTF	TRBV27*01	1.8e-05	0.3464945429145267
CASSLAAGGGQETQYF	TRBV11-3*01	1.8e-05	0.28532627818105005
CASSLNSGRVGGELFF	TRBV7-3*01	1.8e-05	0.5127858913901381
CASSSRGDRFNYGYTF	TRBV9*03	1.8e-05	0.4480959349966976
CASSPVNPGPNQPQHF	TRBV5-5*01	1.8e-05	0.782640334857659
CASSLWGSGSNQPQHF	TRBV5-1*01	1.8e-05	0.35654467170309906
CASSPQGRGVTDTQYF	TRBV5-1*01	1.8e-05	0.3925482279858392
CSAISGYSGTTDTQYF	TRBV20-1*01	1.8e-05	0.9389213977662872
CSASPGQKSSGNTIYF	TRBV20-1*04	1.8e-05	0.782266722203209
CARSLAGGGTDTQYF	TRBV6-4*01	1.8e-05	0.3416772411328205
CASSPRTSVNTEAFF	TRBV18*01	1.8e-05	0.40036282818132085
CASRSSAPGFTGYTF	TRBV27*01	1.8e-05	0.31322499627537687
CASSSPEAHTDTQYF	TRBV28*01	1.8e-05	0.49886291297604296
CASSYSASGGNEQFF	TRBV6-5*01	1.8e-05	0.5440101021518524
CASSPTWDSGNTIYF	TRBV3-1*01	1.8e-05	0.5959202693780804
CASSETGTGGYEQYF	TRBV6-1*01	1.8e-05	0.11880650409484746
CASSERAGNTDTQYF	TRBV6-4*01	1.8e-05	0.20099737942845544
CASSSPTGGGETQYF	TRBV27*01	1.8e-05	0.27798265887158646
CASSLARTGDGEQYF	TRBV7-2*01	1.8e-05	0.47963912460688995
CASSLGGRINTEAFF	TRBV7-8*01	1.8e-05	0.2337604594212809
CASSVEGTGGHEQYF	TRBV9*01	1.8e-05	0.27812676597513086
CASSDGTGDNYGYTF	TRBV7-9*04	1.8e-05	0.18431298463846743
CATQLLAGARNEQFF	TRBV11-1*01	1.8e-05	0.8794498337504483
CASSRGQGGDSPLHF	TRBV5-1*01	1.8e-05	0.24110670527165357
CSARTLGATNEKLFF	TRBV20-1*01	1.8e-05	0.8832952553747943
CSARGGTSLSETQYF	TRBV20-1*01	1.8e-05	0.986814394826964
CSARDFQGDVYGYTF	TRBV20-1*01	1.8e-05	0.912833538720359
CASSIGQGAGEQFF	TRBV19*01	1.8e-05	0.38140520651282134
CASSHLQGSYGYTF	TRBV6-6*04	1.8e-05	0.27374926272860617
CASSEWTSGNEQFF	TRBV6-1*01	1.8e-05	0.591311676155305
CASSLWGGDQPQHF	TRBV7-8*01	1.8e-05	0.22878841544110937
CASSLGHRNYGYTF	TRBV7-9*01	1.8e-05	0.447223784641301
CASSSLQGNEKLFF	TRBV9*03	1.8e-05	0.19022888315012612
CASSYSARNSPLHF	TRBV7-8*01	1.8e-05	0.7037184572415085
CASSPQAAPTEQYF	TRBV16*01	1.8e-05	0.5947685518631038
CASSPTGEYYEQYF	TRBV3-1*01	1.8e-05	0.30430278874360817
CASSRTGSIQPQHF	TRBV3-1*01	1.8e-05	0.26928302613643995
CASRTSGRNNEQFF	TRBV6-6*03	1.8e-05	0.47165482064401193
CASRLMGANTEAFF	TRBV7-2*01	1.8e-05	0.34794293372641566
CASRADTFADTQYF	TRBV7-2*01	1.8e-05	0.6929399080726739
CASRNRKGGETQYF	TRBV28*01	1.8e-05	0.7325234500218479
CSVATGTKLSPLHF	TRBV20-1*01	1.8e-05	0.9517545145425665
CSAAPVALADTQYF	TRBV20-1*01	1.8e-05	0.9645406040517603
CSASLAGQGTAYTF	TRBV20-1*02	1.8e-05	0.8928099480241652
CSASSGRRYNEQFF	TRBV20-1*04	1.8e-05	0.7130912463330592
CAWSRQGGEKLFF	TRBV30*01	1.8e-05	0.39111389134079166
CALKSGGVSPLHF	TRBV10-3*01	1.8e-05	0.8460878119011074
CASLPGDTDTQYF	TRBV28*01	1.8e-05	0.3577516865731372
CASVLAEYNEQFF	TRBV6-5*01	1.8e-05	0.43679615568896757
CASSFYSNQPQHF	TRBV28*01	1.8e-05	0.34543922863001897
CASSYSKRDTQYF	TRBV6-5*01	1.8e-05	0.5869995943038184
CASSYVTANEQFF	TRBV6-5*01	1.8e-05	0.7337710094462839
CASSVRGRETQYF	TRBV6-1*01	1.8e-05	0.33305464015582176
CASSLMGVNTIYF	TRBV13*01	1.8e-05	0.21260802328997488
CASSSAGANVLTF	TRBV7-9*04	1.8e-05	0.10849037096019036
CASSPGSSYEQYF	TRBV7-2*01	1.8e-05	0.15055488813940554
CASSVQDAYEQYF	TRBV9*01	1.8e-05	0.3868886854124837
CSVKPTDTYEQYF	TRBV20-1*01	1.8e-05	0.8680462179941856
CSAAEPVYNEQFF	TRBV20-1*01	1.8e-05	0.9570989805395298
CSVEGGGGNTIYF	TRBV29-1*01	1.8e-05	0.41151301183321076
CAISDKGDGYTF	TRBV10-3*01	1.8e-05	0.8090077461707907
CASKENTGELFF	TRBV19*01	1.8e-05	0.21899687556376649
CASAGATGELFF	TRBV6-1*01	1.8e-05	0.20290101447583472
CASSYLRGGYTF	TRBV11-2*01	1.8e-05	0.4172111317784166
CASSLVSYEQYF	TRBV7-2*01	1.8e-05	0.1278793454136859
CSARDRGPGAFF	TRBV20-1*01	1.8e-05	0.9835713523019142
CASSFGGTGTGVPNEKLFF	TRBV28*01	1.8e-05	0.616152480667645
CAISEGLAGGLIRNEQYF	TRBV10-3*01	1.8e-05	0.8909841791971094
CATSDSRASGRGGETQYF	TRBV24-1*01	1.8e-05	0.5654609301908223
CASSEWLPVLRSNQPQHF	TRBV25-1*01	1.8e-05	0.976720699532567
CASSGLAGGGWNTGELFF	TRBV6-6*05	1.8e-05	0.4710387318504709
CASSSEIRAGWSTDTQYF	TRBV5-1*01	1.8e-05	0.7693382326781444
CASSGLAGEARNTDTQYF	TRBV5-1*01	1.8e-05	0.4762926379371678
CATSDPRDRSSYNEQFF	TRBV24-1*01	1.8e-05	0.7376789101366076
CASSERQPFSGANVLTF	TRBV6-1*01	1.8e-05	0.8505260681740867
CASSLGARTYIYNEQFF	TRBV7-8*01	1.8e-05	0.7601414243295179
CASSQDLRQGNTGELFF	TRBV3-1*01	1.8e-05	0.6285456072431357
CASSELPTGGLREKLFF	TRBV7-2*01	1.8e-05	0.6981170777256932
CASSLDVAGGYNEKLFF	TRBV5-1*01	1.8e-05	0.35518570784952264
CASSLEWTRGFNYGYTF	TRBV5-1*01	1.8e-05	0.9281997549392355
CSALSFSRGSSYNEQFF	TRBV20-1*01	1.8e-05	0.9547015405240287
CAISEAGLASSYEQYF	TRBV10-3*01	1.8e-05	0.3396971201009553
CATRVVEEATNEKLFF	TRBV15*02	1.8e-05	0.8672913639723981
CASSPWTATLGNTIYF	TRBV18*01	1.8e-05	0.8950970788303966
CASSLAGSGGYNEQFF	TRBV28*01	1.8e-05	0.16290286884010252
CASSLYRGRGWETQYF	TRBV28*01	1.8e-05	0.8317622843559461
CASSLGTARRDTEAFF	TRBV27*01	1.8e-05	0.6526977547803123
CASSYSRGRRAGELFF	TRBV6-5*01	1.8e-05	0.6555584845562255
CASSVALAGGIGELFF	TRBV2*01	1.8e-05	0.4803666703627812
CASSDSAGDSTNEQFF	TRBV6-4*01	1.8e-05	0.2987203805500242
CASSEAPGFGANVLTF	TRBV2*01	1.8e-05	0.3941320657894907
CASSSHHSGTYYEQYF	TRBV7-9*01	1.8e-05	0.4596269390488443
CASSRPQGASTDTQYF	TRBV3-1*01	1.8e-05	0.35811070079037055
CASSQDSKVVAQPQHF	TRBV4-2*01	1.8e-05	0.7955559002486869
CASSTGLAGVNNEQFF	TRBV7-9*01	1.8e-05	0.5744486030447705
CASSLAGGSYGNTIYF	TRBV5-1*01	1.8e-05	0.15876172430365448
CSARGGQGGFLETQYF	TRBV20-1*01	1.8e-05	0.9629906792397658
CASSKGLAENNEQFF	TRBV30*01	1.8e-05	0.77474115988906
CAWKAAGAGTDTQYF	TRBV30*01	1.8e-05	0.861952216193984
CATSRDLDTNTEAFF	TRBV15*01	1.8e-05	0.5121803357820237
CASTRAGPAYNEQFF	TRBV19*01	1.8e-05	0.6766329664225773
CASSPPGQGYQPQHF	TRBV19*01	1.8e-05	0.4685667061358961
CASSADSVSTDTQYF	TRBV19*01	1.8e-05	0.3842342314015823
CASSIVRRSYNEQFF	TRBV19*01	1.8e-05	0.7413313815205291
CASSTSGTHSRAQYF	TRBV18*01	1.8e-05	0.9090949706788962
CASSLWGGRSEKLFF	TRBV27*01	1.8e-05	0.4942493739367514
CASSSRLSPNTEAFF	TRBV6-2*01	1.8e-05	0.5729383571322115
CASSSGQGSYNEQFF	TRBV27*01	1.8e-05	0.17041183297791257
CASSYTNGRTETQYF	TRBV6-2*01	1.8e-05	0.6985642101212411
CASSPQREGNNEQFF	TRBV28*01	1.8e-05	0.6703477730456483
CASSALRGINEKLFF	TRBV28*01	1.8e-05	0.458883616631224
CASSATGTGANVLTF	TRBV6-1*01	1.8e-05	0.13755229197892035
CASSGRDRDQETQYF	TRBV28*01	1.8e-05	0.36726676207755277
CASSFPRGQENEQYF	TRBV7-9*01	1.8e-05	0.7451584032552333
CASSSRLAGTHEQYF	TRBV7-8*01	1.8e-05	0.5602944680982321
CASSPDTGPRRSYTF	TRBV7-2*01	1.8e-05	0.7895043412216137
CASSPDLGGRYGYTF	TRBV7-2*01	1.8e-05	0.45739808599750936
CASSPLAGGTDTQYF	TRBV7-2*04	1.8e-05	0.2364124735158485
CASSQTALSGNTIYF	TRBV9*01	1.8e-05	0.7040494061958964
CASSQDSRGSYEQYF	TRBV14*01	1.8e-05	0.18001788947602176
CASSQDLQAHQPQHF	TRBV4-2*01	1.8e-05	0.6840277540409073
CASSETGATGNEQFF	TRBV9*01	1.8e-05	0.3599770874761912
CASRRDRQTNEKLFF	TRBV2*01	1.8e-05	0.5652306922609377
CASRAGTNNYNEQFF	TRBV5-8*01	1.8e-05	0.4201048781956876
CASRARLGTGSEAFF	TRBV14*01	1.8e-05	0.6688106599284208
CSARDRGGGQGRAFF	TRBV20-1*01	1.8e-05	0.9883828677098973
CSAPGRTPNTGELFF	TRBV20-1*01	1.8e-05	0.9295082170451775
CACGSDGSYNEQFF	TRBV11-3*01	1.8e-05	0.6564538306953587
CAIRESSGANVLTF	TRBV10-3*01	1.8e-05	0.3163291114996039
CASSSSESNQPQHF	TRBV19*01	1.8e-05	0.18489758566371836
CASSIEGRGVGYTF	TRBV19*01	1.8e-05	0.5364785293957994
CASFPSGRYNEQFF	TRBV6-2*01	1.8e-05	0.6932893602907343
CASGKSSGANVLTF	TRBV27*01	1.8e-05	0.2925081815560053
CASSFWGGGETQYF	TRBV28*01	1.8e-05	0.5822016691327908
CASSLLSRQGEAFF	TRBV27*01	1.8e-05	0.5356443138807103
CASSLGLRDQLQHF	TRBV28*01	1.8e-05	0.8014373754757325
CASSLRAGEETQYF	TRBV27*01	1.8e-05	0.3966207913115159
CASSYSQGYNEQFF	TRBV6-2*01	1.8e-05	0.21052436644330458
CASSGDRGGTEAFF	TRBV2*01	1.8e-05	0.11908747080382441
CASSLVLGQLGYTF	TRBV7-2*01	1.8e-05	0.720308673707719
CASSSTGAPHEQFF	TRBV7-9*01	1.8e-05	0.5620233104878445
CASSYVRGRDEQYF	TRBV5-5*01	1.8e-05	0.7083028504318024
CASSQVGGNQPQHF	TRBV3-1*01	1.8e-05	0.11800356492831905
CASSVWWGGGEAFF	TRBV7-9*04	1.8e-05	0.8921280861693748
CASSVAGETGGYTF	TRBV9*01	1.8e-05	0.32960317802427425
CASSESGSSETQYF	TRBV9*01	1.8e-05	0.3055219399769407
CASRSGHLNQPQHF	TRBV5-5*01	1.8e-05	0.4411040382382518
CASRPGQITGEQFF	TRBV5-6*01	1.8e-05	0.6238391472859018
CASSLETGVYEQYF	TRBV5-1*01	1.8e-05	0.22877991789818203
CASSPGQLQETQYF	TRBV5-1*01	1.8e-05	0.49469795953601703
CASSQDHYRQPQHF	TRBV4-1*01	1.8e-05	0.7905512424293748
CASRYISNTGELFF	TRBV5-1*01	1.8e-05	0.8058075973659794
CSARDGRREQPQHF	TRBV20-1*01	1.8e-05	0.9282572374328679
CSAPTGTGGGEQYF	TRBV20-1*01	1.8e-05	0.9065993934160557
CSVRTGPYTGELFF	TRBV29-1*01	1.8e-05	0.855643803633061
CAITGAPGNTIYF	TRBV10-3*01	1.8e-05	0.4561550701924029
CATAFGGQETQYF	TRBV10-3*01	1.8e-05	0.8260026540167948
CASSGGGDPEAFF	TRBV19*03	1.8e-05	0.5139658008042277
CASSPGDRYEQYF	TRBV18*01	1.8e-05	0.2115797191106023
CASGAGGYNEQFF	TRBV6-1*01	1.8e-05	0.24617271454385103
CASTPESGNTIYF	TRBV2*01	1.8e-05	0.3413241188027326
CASSLMPKETQYF	TRBV27*01	1.8e-05	0.8002584926090006
CASSLASDPEQYF	TRBV28*01	1.8e-05	0.6091663284833835
CASSDGGGDTQYF	TRBV6-4*01	1.8e-05	0.237348938450106
CASSLDLGGVTFF	TRBV11-3*01	1.8e-05	0.8890828903362697
CASSPSGTDTQYF	TRBV9*01	1.8e-05	0.2642877489154702
CASSQGPEAEQFF	TRBV7-8*03	1.8e-05	0.654729931893565
CASSVDFQETQYF	TRBV6-6*05	1.8e-05	0.5292441475688902
CASSAYRAGEQYF	TRBV9*03	1.8e-05	0.3354439950911411
CASNPPDSYEQYF	TRBV2*01	1.8e-05	0.45890512908363823
CASSLDRNQPQHF	TRBV5-1*01	1.8e-05	0.1133606930866369
CSATLVYTDTQYF	TRBV20-1*02	1.8e-05	0.9288675000706141
CASSSLGDTQYF	TRBV2*01	1.8e-05	0.210857815270931
CASSSRANEQFF	TRBV28*01	1.8e-05	0.33175791858156456
CASSRSRGQAFF	TRBV6-6*04	1.8e-05	0.5192031236109825
CASSRGDSGLFF	TRBV9*01	1.8e-05	0.3469469134271012
CASSFNRAGYTF	TRBV5-6*01	1.8e-05	0.5115427277667253
CASSLVFGELFF	TRBV7-9*01	1.8e-05	0.3815833986242176
CASSLGVDTQYF	TRBV7-2*01	1.8e-05	0.13472980004170462
CASSPYTGELFF	TRBV7-3*01	1.8e-05	0.21108022353974817
CASRKPAFEAFF	TRBV6-2*01	1.8e-05	0.8428155220666866
CSARDAWDTQYF	TRBV20-1*01	1.8e-05	0.9636216128714459
CSVEDSGTEAFF	TRBV29-1*01	1.8e-05	0.6508761838514485
CASRFEVGYTF	TRBV19*01	1.8e-05	0.485879615515949
CSASGGTLSSF	TRBV20-1*04	1.8e-05	0.9710980936494746
CSARDREVQFF	TRBV20-1*01	1.8e-05	0.9448069427413137
CASTSPPENRGKSYNEQFF	TRBV6-1*01	1.8e-05	0.9241272273436917
CASSEIGRGREKNYEQYF	TRBV2*01	1.8e-05	0.47437438871635396
CASSSVARDTATNEKLFF	TRBV11-1*01	1.8e-05	0.5270727558333287
CASSQTLLAGASYNEQFF	TRBV4-1*01	1.8e-05	0.7265553789202157
CSARDPEQGFGANEKLFF	TRBV20-1*01	1.8e-05	0.9447739991009195
CATSRAPSGRSQETQYF	TRBV15*01	1.8e-05	0.7258405347900513
CASSLVRRRSSGNTIYF	TRBV11-2*01	1.8e-05	0.5518811101177101
CASSPRRDRDPNSPLHF	TRBV3-1*01	1.8e-05	0.8371107695153215
CASSQGVTGTLGNTIYF	TRBV4-2*01	1.8e-05	0.7651485300174339
CASSLVPLGQGVYEQYF	TRBV5-1*01	1.8e-05	0.7832994769758579
CSARDQRWTSGRLEQYF	TRBV20-1*01	1.8e-05	0.9957658318747632
CAWSPQLAGGPDTQYF	TRBV30*01	1.8e-05	0.7368964995240993
CATSKMGLADQETQYF	TRBV24-1*01	1.8e-05	0.8976255103939045
CASSMGAGPGANVLTF	TRBV19*01	1.8e-05	0.49986399337984794
CASSSRGLATNEKLFF	TRBV6-5*01	1.8e-05	0.510452029167019
CASSRVPWTGRETQYF	TRBV28*01	1.8e-05	0.9217559934910867
CASSDGQFATNNEQFF	TRBV2*01	1.8e-05	0.7830037216339223
CASSLRWGRGNTEAFF	TRBV7-8*01	1.8e-05	0.7522132679365766
CASSLAIGYIYNEQFF	TRBV7-2*01	1.8e-05	0.7523618847296397
CASSPTGTGSTDTQYF	TRBV28*01	1.8e-05	0.2279197679652089
CASSHLLAVTYNEQFF	TRBV3-1*01	1.8e-05	0.6396143509030621
CASSQSPGQGSTEAFF	TRBV4-2*01	1.8e-05	0.263358577952099
CASSQGTGGASAEAFF	TRBV4-2*01	1.8e-05	0.4344743001095781
CASSAGTDYGNTEAFF	TRBV6-6*05	1.8e-05	0.11073782014417909
CSASPPQGAIYNEQFF	TRBV20-1*04	1.8e-05	0.9597360935486186
CSARDSGGLWNQPQHF	TRBV20-1*01	1.8e-05	0.8491604410926863
CSVVGTGALSNYGYTF	TRBV29-1*01	1.8e-05	0.9002102208110091
CASSIGPAGSGELFF	TRBV19*01	1.8e-05	0.6253927937751043
CASSPPGTGTDTQYF	TRBV18*01	1.8e-05	0.36650178566162395
CASSWDRGDTGELFF	TRBV28*01	1.8e-05	0.3049081062176735
CASSYLAARYNEQFF	TRBV6-5*01	1.8e-05	0.8178758608560787
CASSLTRRGDQPQHF	TRBV2*01	1.8e-05	0.472729621716212
CASSRGFSGANVLTF	TRBV28*01	1.8e-05	0.22482289891806204
CASSFAGDNTGELFF	TRBV7-3*01	1.8e-05	0.3142992873438367
CASSLGGDSNQPQHF	TRBV13*01	1.8e-05	0.11978333998895116
CASSLAEAGSNEQFF	TRBV7-2*01	1.8e-05	0.38138923125685487
CASSSTRTVSYGYTF	TRBV7-9*01	1.8e-05	0.4933502944275286
CASSSEGATNEKLFF	TRBV6-6*05	1.8e-05	0.32468262171353757
CASSLRDGNNSPLHF	TRBV9*03	1.8e-05	0.41089121590155564
CASSLGTESVYGYTF	TRBV7-6*01	1.8e-05	0.30805748006758155
CASSLLAGGLDEQYF	TRBV7-9*01	1.8e-05	0.31575436472404644
CASSLGGTGVHEQFF	TRBV3-1*01	1.8e-05	0.5892487273007342
CASSPRPGTDNEQFF	TRBV9*01	1.8e-05	0.5760964841822742
CASSQVRDGSYEQYF	TRBV4-2*01	1.8e-05	0.588968739899597
CASSQTGRDHYGYTF	TRBV3-1*01	1.8e-05	0.37160284958414747
CASSVGGGSSYEQYF	TRBV9*01	1.8e-05	0.159139770812534
CASSATGIASSPLHF	TRBV9*03	1.8e-05	0.6479160862829499
CASSGSGEVENEQFF	TRBV7-9*04	1.8e-05	0.38029455536109347
CASRAGPSSGNTIYF	TRBV9*03	1.8e-05	0.2829362373411722
CASRSGTASGQPQHF	TRBV28*01	1.8e-05	0.4235572875872999
CASNLQAGGNDEQYF	TRBV28*01	1.8e-05	0.8254474286916154
CASSLSTDLNTEAFF	TRBV5-1*01	1.8e-05	0.23227443114440355
CASSQGRTGYGELFF	TRBV4-1*01	1.8e-05	0.3718564526835003
CASSVGQGMAYEQYF	TRBV5-1*01	1.8e-05	0.46911781171033984
CSAPSGQGFNSPLHF	TRBV20-1*01	1.8e-05	0.9065723776267474
CSASGRAGSHNEQFF	TRBV20-1*02	1.8e-05	0.8697055017811164
CSARDRKIQGNTIYF	TRBV20-1*01	1.8e-05	0.9311874160566092
CSAPGTGTVGYGYTF	TRBV20-1*01	1.8e-05	0.9190138312761758
CATSDSAFTGELFF	TRBV24-1*01	1.8e-05	0.42119299498992535
CASSSGRAINEQFF	TRBV19*01	1.8e-05	0.5526973515481476
CASSDGERSRTQYF	TRBV2*01	1.8e-05	0.7582296901652648
CASSFRDGNTEAFF	TRBV11-3*01	1.8e-05	0.25250145518530337
CASSQDSGRGEQYF	TRBV4-2*01	1.8e-05	0.2841828100632752
CASSQEGPSYEQYF	TRBV3-1*01	1.8e-05	0.2207420502775523
CASSVSQGNSPLHF	TRBV9*01	1.8e-05	0.3414809346211194
CASRPGEGGDEQFF	TRBV6-4*01	1.8e-05	0.47917183231601024
CASRVDRGTEKLFF	TRBV6-1*01	1.8e-05	0.5228378414222532
CASSLAGGTGELFF	TRBV5-1*01	1.8e-05	0.103993875878721
CASSRGDSENIQYF	TRBV5-1*01	1.8e-05	0.6224364569874427
CSLFIGAVNYGYTF	TRBV20-1*01	1.8e-05	0.8837368464435041
CAWTDGGYQPQHF	TRBV30*01	1.8e-05	0.8324369492946968
CAWSTPGRGTQYF	TRBV30*01	1.8e-05	0.9301659324559817
CASSELEGGELFF	TRBV2*03	1.8e-05	0.21647683047464605
CASSEVKDWGQYF	TRBV2*01	1.8e-05	0.7918600548723976
CASSLRSTDTQYF	TRBV7-2*01	1.8e-05	0.211983681540677
CASSLAKGQPQHF	TRBV5-8*01	1.8e-05	0.21366468517641277
CASSQEKSKELFF	TRBV7-2*01	1.8e-05	0.47858976046315793
CASSFEGANLAFF	TRBV5-1*01	1.8e-05	0.5202369495853753
CSARGGTSNEQFF	TRBV20-1*01	1.8e-05	0.858173741752837
CSARVQENYGYTF	TRBV20-1*01	1.8e-05	0.8705045205081228
CSVVGQGGTEAFF	TRBV29-1*01	1.8e-05	0.6901516426982749
CRFGQGGSDTQYF	TRBV20-1*01	1.8e-05	0.80763485398658
CAWGMGLSTQYF	TRBV30*05	1.8e-05	0.9056369893167241
CASSPGGDGYTF	TRBV18*01	1.8e-05	0.2897936866089074
CASSPDGWSQFF	TRBV7-2*01	1.8e-05	0.7994259205092606
CASSPRYNEQFF	TRBV11-2*01	1.8e-05	0.2640402944199105
CASRGDSYEQYF	TRBV10-2*01	1.8e-05	0.2177054214713813
CASSRTDTQYF	TRBV7-9*01	1.8e-05	0.16944407836574868
CASSRNAEQYF	TRBV5-1*01	1.8e-05	0.565742795691591
CSVAETEAFF	TRBV29-1*01	1.8e-05	0.48222944166473636
CASSLFFSGPNTEAFF	TRBV28*01	1.7e-05	0.710577961136397
CASSLPLKGAVSDYGYTF	TRBV7-3*01	1.7e-05	0.8146842659468514
CASSEALRQGLTNEKLFF	TRBV6-1*01	1.7e-05	0.722046841286027
CAWSVSQVSKVGQYF	TRBV30*01	1.7e-05	0.9223431434771985
CASSLEGTGNGELFF	TRBV27*01	1.7e-05	0.2589382917014863
CSARDQGPATGELFF	TRBV20-1*01	1.7e-05	0.956369137791268
CSATLWGFVTDTQYF	TRBV20-1*01	1.7e-05	0.9555693980213786
CASSLDRVNQPQHF	TRBV11-2*01	1.7e-05	0.28092176247466044
CASSLQAREQYF	TRBV18*01	1.7e-05	0.6679544285731944
CASSWGVEAFF	TRBV28*01	1.7e-05	0.4197906828643798
CARGDRTGSKPNYNSPLHF	TRBV6-2*01	1.7e-05	0.7748349724429748
CASSSLGRPSSYNSPLHF	TRBV6-6*03	1.7e-05	0.4769628735005605
CATSKMGQGSAGYTF	TRBV5-8*01	1.7e-05	0.7424009947479356
CASRDRGFMNTEAFF	TRBV28*01	1.7e-05	0.39560454042942367
CASSDSAGGAEGYTF	TRBV6-4*01	1.7e-05	0.36479148040756104
CASSLGSSGSYEQYF	TRBV7-8*01	1.7e-05	0.08341791005071272
CASSLGGLAGWEQYF	TRBV11-2*01	1.7e-05	0.545159602708449
CASSAEGDPGQPQHF	TRBV5-1*01	1.7e-05	0.46149161212821155
CASATLGTGLHQFF	TRBV3-1*01	1.7e-05	0.8339036668004304
CASSLLGNTGELFF	TRBV5-5*01	1.7e-05	0.15992088947502306
CASSRTGVVDEQYF	TRBV14*01	1.7e-05	0.5494181424670622
CASTQGSRPGYTF	TRBV19*01	1.7e-05	0.5763027368542363
CASSFRGHGELFF	TRBV5-8*01	1.7e-05	0.4447140365274775
CASSLDGNTEAFF	TRBV7-9*01	1.7e-05	0.1720157580763711
CASTDSNQPQHF	TRBV19*01	1.7e-05	0.17963944997081413
CASSLGSNEQYF	TRBV6-6*05	1.7e-05	0.15936958077834235
CATPSTDTQYF	TRBV6-9*01	1.7e-05	0.3051130323079514
CSARDPTLGAGRSYEQYF	TRBV20-1*01	1.7e-05	0.9639876208925566
CATSDLGQGLVHEQFF	TRBV24-1*01	1.7e-05	0.9350715803545167
CASTPSLRGLTNEQFF	TRBV2*01	1.7e-05	0.8777711816716088
CASSVGLATSTDTQYF	TRBV6-6*03	1.7e-05	0.40615215694788465
CASSDRLAGEHNEQFF	TRBV6-4*01	1.7e-05	0.42532762663856544
CASRPLRREGNQPQHF	TRBV28*01	1.7e-05	0.8538142952807428
CSASPSGVRSSYEQYF	TRBV20-1*04	1.7e-05	0.8211238990218483
CASTPGTSGYNEQFF	TRBV27*01	1.7e-05	0.35530379938405043
CATSYGSSYNSPLHF	TRBV19*01	1.7e-05	0.39228604385424104
CASSFGGTGGTEAFF	TRBV28*01	1.7e-05	0.17700859657466483
CASSFGLAGVSEQFF	TRBV2*01	1.7e-05	0.75282130716243
CASSGWGRGNNEQFF	TRBV2*01	1.7e-05	0.6605674122500185
CASSVEDPYYNEQFF	TRBV9*01	1.7e-05	0.777513408823596
CASSIGLGSNTEAFF	TRBV9*01	1.7e-05	0.28655734750975675
CASSTGQGFRQPQHF	TRBV6-6*05	1.7e-05	0.4903721194617405
CASSLRLSPNTEAFF	TRBV5-1*01	1.7e-05	0.6507490730081544
CASSQGSSVIYEQYF	TRBV4-1*01	1.7e-05	0.46221119270793
CSVRKGATINTEAFF	TRBV20-1*01	1.7e-05	0.8761657594828797
CALAGTSGASTQYF	TRBV10-3*01	1.7e-05	0.2868675009702154
CASSYIGRGYEQYF	TRBV6-2*01	1.7e-05	0.5489899796964838
CASSRTSGGVEQYF	TRBV7-9*01	1.7e-05	0.41912075975056035
CASSGGTGNNEQFF	TRBV9*01	1.7e-05	0.2787850916898092
CASRLSSGANVLTF	TRBV27*01	1.7e-05	0.22310517049587117
CASRGSGISYEQYF	TRBV6-1*01	1.7e-05	0.27272841048069446
CASSEKRLAREQYF	TRBV10-2*01	1.7e-05	0.8623491086225779
CSASEIRDNTEAFF	TRBV20-1*01	1.7e-05	0.7736453560590258
CAISEDSYNEQFF	TRBV10-3*01	1.7e-05	0.5461664397720408
CAISELRTYEQYF	TRBV10-3*01	1.7e-05	0.6091546777451852
CASSFDRNTEAFF	TRBV19*01	1.7e-05	0.11175042741992623
CASTSAQPYGYTF	TRBV9*01	1.7e-05	0.3235489376431679
CASSLGTAGEQFF	TRBV28*01	1.7e-05	0.4925631554128923
CASSLEASLEQYF	TRBV7-9*01	1.7e-05	0.5378196986031205
CASSLVGQETQYF	TRBV5-1*01	1.7e-05	0.25771376323611567
CATGAGTNEQFF	TRBV9*03	1.7e-05	0.5726798857480941
CASSPLLDTQYF	TRBV18*01	1.7e-05	0.5134330394125334
CASSFSRNEQFF	TRBV28*01	1.7e-05	0.33301497449363937
CASSLADTQYF	TRBV7-2*01	1.7e-05	0.16021072280444615
CASSDPRTPQLVNYGDEQFF	TRBV7-9*04	1.7e-05	0.8786400357613721
CASISSGGESLSTNEKLFF	TRBV27*01	1.7e-05	0.8204191486364223
CASSYSPTRQGGTDTQYF	TRBV5-1*01	1.7e-05	0.757331638885668
CASSLIPPLRGSYNEQFF	TRBV5-1*01	1.7e-05	0.9555828487811683
CASSLLSGGSSYNEQFF	TRBV5-1*01	1.7e-05	0.34114903698660487
CASSPQVGATRSYEQYF	TRBV5-1*01	1.7e-05	0.7710409557403023
CASSSQDSGNLHEQYF	TRBV19*03	1.7e-05	0.6236568644305424
CASTPLGQGAMGEAFF	TRBV28*01	1.7e-05	0.802081298317686
CASSSPGTKATGELFF	TRBV28*01	1.7e-05	0.8189929308461309
CASSYSQREIPDTQYF	TRBV6-5*01	1.7e-05	0.9217230583480857
CASSGRILAGADTQYF	TRBV10-3*01	1.7e-05	0.643554544540274
CASSERKGPGANVLTF	TRBV6-1*01	1.7e-05	0.5653911712002945
CASSVGAGRSTDTQYF	TRBV9*01	1.7e-05	0.3982603256562915
CASSTQRSLAPDTQYF	TRBV11-3*01	1.7e-05	0.879986886959965
CASSQQDTYSGNTIYF	TRBV4-1*01	1.7e-05	0.42589978518139604
CATSRAQGMNTEAFF	TRBV15*01	1.7e-05	0.33831576237470684
CASSISGLAGYEQYF	TRBV19*01	1.7e-05	0.3398966482125288
CASSIAGRATYEQYF	TRBV19*01	1.7e-05	0.4313980190364154
CASSIGGTENEKLFF	TRBV19*01	1.7e-05	0.514962912848526
CASNGDRGDPMSYTF	TRBV19*01	1.7e-05	0.881127859324733
CASSPGDDPMAEAFF	TRBV18*01	1.7e-05	0.9262930852948097
CASLLEGQGQETQYF	TRBV2*01	1.7e-05	0.6642910871719836
CASSETQTAVAEAFF	TRBV2*01	1.7e-05	0.8372209804823537
CASSERTDSNQPQHF	TRBV2*01	1.7e-05	0.2250315952566575
CASSTLAGAANEQFF	TRBV6-4*01	1.7e-05	0.4008208741681355
CASSFRAAWGDEQYF	TRBV11-2*01	1.7e-05	0.8601854939739176
CASSPPTGAMGGYTF	TRBV11-2*01	1.7e-05	0.5741598864970605
CASRVERPNTGELFF	TRBV6-1*01	1.7e-05	0.7025483927026399
CASKFQTDFQETQYF	TRBV2*01	1.7e-05	0.7239114945874036
CASSRRPGGYQPQHF	TRBV4-1*01	1.7e-05	0.37707729289075154
CASSQVRANTGELFF	TRBV4-1*01	1.7e-05	0.515787284219406
CASSQERRSGTEAFF	TRBV4-1*01	1.7e-05	0.5292024220542378
CSAREGLAVVYEQYF	TRBV20-1*01	1.7e-05	0.9484088298290388
CSANPSGTGGTEAFF	TRBV20-1*01	1.7e-05	0.7173413789260487
CASSAGGGRETQYF	TRBV19*01	1.7e-05	0.3350331351363976
CASSPRGLVGEQYF	TRBV18*01	1.7e-05	0.5292560499764181
CASSSGTAQETQYF	TRBV18*01	1.7e-05	0.488756953991486
CASQGLSSSYEQYF	TRBV11-1*01	1.7e-05	0.1831289949920182
CASSLMGLTDTQYF	TRBV7-3*01	1.7e-05	0.3843961110679907
CASSDPTGGNEQFF	TRBV6-4*01	1.7e-05	0.3084502606692667
CASSLYGGSYEQYF	TRBV5-5*01	1.7e-05	0.17659396575079844
CASSLRQVFGEQYF	TRBV7-2*01	1.7e-05	0.7623233427230667
CASSLAFSQDTQYF	TRBV7-2*01	1.7e-05	0.3908590024522049
CASSLDPPGTELYF	TRBV7-9*01	1.7e-05	0.7516397450853789
CASSPGQVNSPLHF	TRBV4-2*01	1.7e-05	0.39710469661591213
CASSREGARTEAFF	TRBV27*01	1.7e-05	0.4097516486337468
CASSVVGRASEAFF	TRBV9*01	1.7e-05	0.6462674705326615
CASSTGRMNEKLFF	TRBV9*01	1.7e-05	0.4242954186554891
CASRPGKHQETQYF	TRBV28*01	1.7e-05	0.6814670954475516
CASKSGGFLNEQFF	TRBV28*01	1.7e-05	0.8459908096120479
CASSLTRGTDTQYF	TRBV5-1*01	1.7e-05	0.22082268958066595
CSARARAAGSEQYF	TRBV20-1*01	1.7e-05	0.9346923353672157
CSARLGQPTYEQYF	TRBV20-1*01	1.7e-05	0.9462849718589598
CSVGGTGGSQPQHF	TRBV29-1*01	1.7e-05	0.5543237655769151
CATSGGGTGELFF	TRBV15*02	1.7e-05	0.21238633300159276
CASSIRGADTQYF	TRBV19*01	1.7e-05	0.21166460393595113
CASSMSGAGEAFF	TRBV19*01	1.7e-05	0.3610917401554746
CASSSTENTEAFF	TRBV19*03	1.7e-05	0.13155112856890935
CASSPDGWTEAFF	TRBV18*01	1.7e-05	0.557078463690209
CASDLTSTDTQYF	TRBV2*01	1.7e-05	0.5501425075201328
CASSPRGGYEQYF	TRBV27*01	1.7e-05	0.13558113487265172
CASSDGTPREQFF	TRBV6-1*01	1.7e-05	0.8354487806970394
CASSPGQGNEAFF	TRBV7-3*01	1.7e-05	0.14479804853434391
CAQAMGAREKLFF	TRBV10-1*01	1.7e-05	0.7139124244779175
CASSLVDWTEAFF	TRBV5-1*01	1.7e-05	0.4873727146524461
CSANTFPPNEQFF	TRBV20-1*02	1.7e-05	0.9586500179001098
CSAAGGSTDTQYF	TRBV20-1*01	1.7e-05	0.7603203881098664
CASSEGYNEQFF	TRBV6-2*01	1.7e-05	0.1510138474773805
CASTDRVYGYTF	TRBV3-1*01	1.7e-05	0.32661827815890115
CASSPGPGGQYF	TRBV7-9*01	1.7e-05	0.5400179849257464
CSASPWGTEAFF	TRBV20-1*04	1.7e-05	0.683481717303646
CSVQVAVYGYTF	TRBV29-1*01	1.7e-05	0.8722573176050862
CSVDGGQKRAFF	TRBV29-1*01	1.7e-05	0.9919097604068163
CATSDINEQFF	TRBV24-1*01	1.7e-05	0.3902536976263865
CASSSNNEQFF	TRBV7-2*01	1.7e-05	0.21433914067522353
CASSGPGGLAGQSPPANIQYF	TRBV19*01	1.7e-05	0.8926276200600208
CATSSPGGTGKSPDYGYTF	TRBV15*02	1.7e-05	0.873902439544784
CASSPPAAVRVGTGELFF	TRBV11-1*01	1.7e-05	0.9466292504984299
CASRVLDPIGSSYNEQFF	TRBV28*01	1.7e-05	0.933173164442347
CASSQAVTGGRNNQPQHF	TRBV4-1*01	1.7e-05	0.5405589529367311
CASSPRQGERNTGELFF	TRBV18*01	1.7e-05	0.4797321700759746
CASSHGVGRSGANVLTF	TRBV18*01	1.7e-05	0.5703509971453543
CASSLNPRDRGSYEQYF	TRBV28*01	1.7e-05	0.8677999288547483
CASSSPRGMTQRETQYF	TRBV6-5*01	1.7e-05	0.8503077467114402
CASSYYPGQGVAGELFF	TRBV6-5*01	1.7e-05	0.9137290674676452
CASSLGRGFSMNTEAFF	TRBV11-2*01	1.7e-05	0.5715134034929403
CASSPIQGQGLSDEQFF	TRBV7-3*01	1.7e-05	0.7577725563271979
CASSQVFTALRHTEAFF	TRBV4-2*01	1.7e-05	0.9928839570148061
CASSQEPPRDFPNEQFF	TRBV4-1*01	1.7e-05	0.9224635193390431
CAISETWTGGHNEQFF	TRBV10-3*01	1.7e-05	0.8810999873751706
CAINNGSSANSYEQYF	TRBV10-3*01	1.7e-05	0.47187388585555734
CATSDGRALSTDTQYF	TRBV24-1*01	1.7e-05	0.8311447543463432
CATSTDRGSGANVLTF	TRBV15*02	1.7e-05	0.22688206450402099
CASSGGTSGSSYEQYF	TRBV19*01	1.7e-05	0.159746879708512
CASSLYSPAAENIQYF	TRBV18*01	1.7e-05	0.833483652518804
CASTFPGQGATGELFF	TRBV19*01	1.7e-05	0.8272108375086102
CASSPHRGRMSDTQYF	TRBV27*01	1.7e-05	0.8545928783790898
CASSPLLGRDGDTQYF	TRBV28*01	1.7e-05	0.7771805640472239
CASSLGEGRGSQPQHF	TRBV7-9*01	1.7e-05	0.21748651811900732
CASSPTGPGGYNEQFF	TRBV11-1*01	1.7e-05	0.40133448555203816
CASSQEGPTSPYEQYF	TRBV4-2*01	1.7e-05	0.7600011402741791
CASREREGPYQETQYF	TRBV6-1*01	1.7e-05	0.4838492713260679
CASNPPRPSSYNEQFF	TRBV6-6*03	1.7e-05	0.7457520015622042
CATGGQGQYFPYEQYF	TRBV5-1*02	1.7e-05	0.9617780498563646
CASSRTGGVQEEKLFF	TRBV5-1*01	1.7e-05	0.462067476500562
CASSLGGRGELDEQYF	TRBV5-1*01	1.7e-05	0.7001578376019806
CASSLEQGAAGYEQYF	TRBV5-1*01	1.7e-05	0.22530205313018686
CASSPWTSGRADTQYF	TRBV5-1*01	1.7e-05	0.8055630749472777
CSARETGGPNYNEQFF	TRBV20-1*01	1.7e-05	0.9255757519029468
CARSPGLVDLYEQYF	TRBV28*01	1.7e-05	0.7925428137396775
CAAGAPLGGNQPQHF	TRBV19*01	1.7e-05	0.7705550686547384
CATGGREGGRDTQYF	TRBV24-1*01	1.7e-05	0.6897872696498062
CASRASEEVVNEQFF	TRBV19*01	1.7e-05	0.5810563832821414
CASSPPGTSKETQYF	TRBV18*01	1.7e-05	0.7391743736952059
CASSPYQRVDEKLFF	TRBV18*01	1.7e-05	0.8609438060108098
CASSPLQVMNTEAFF	TRBV18*01	1.7e-05	0.4297030903126888
CASSFQGANTGELFF	TRBV28*01	1.7e-05	0.2746772683438424
CASSLDGGSGTEAFF	TRBV28*01	1.7e-05	0.18335072567123223
CASSLSGNSYNEQFF	TRBV6-5*01	1.7e-05	0.20641127197558795
CASSDSASGSDEQFF	TRBV6-4*01	1.7e-05	0.2769948318398892
CASSESGTGHTEAFF	TRBV2*03	1.7e-05	0.32467526382992706
CASSEARQINQPQHF	TRBV6-1*01	1.7e-05	0.6107038797276997
CASSEGPGARTEAFF	TRBV6-1*01	1.7e-05	0.5515944742313599
CASSFAGGPSYEQYF	TRBV11-3*01	1.7e-05	0.2591019271905214
CASSLYGGVAYEQYF	TRBV7-9*01	1.7e-05	0.5060715149567686
CASSLAGQGANEQFF	TRBV11-3*01	1.7e-05	0.33614774156457516
CASSLAGTGFNEQFF	TRBV7-2*01	1.7e-05	0.46272804645061544
CASSLGGRGNQPQHF	TRBV7-9*01	1.7e-05	0.11904780834970129
CASSPTGLRNSPLHF	TRBV7-2*01	1.7e-05	0.8676198341767495
CASSQNRESNQPQHF	TRBV3-1*01	1.7e-05	0.3164024237611479
CASSVGGRGDYGYTF	TRBV9*01	1.7e-05	0.17153450934403716
CASSVDMGRNTEAFF	TRBV9*01	1.7e-05	0.6979107627750009
CASSTLAGGTDTQYF	TRBV6-6*05	1.7e-05	0.3301918780065741
CASRSTAASRETQYF	TRBV7-3*01	1.7e-05	0.7544219676633233
CASRNRDRGFNEQFF	TRBV6-2*01	1.7e-05	0.6056546308840824
CASSGGTGGNTEAFF	TRBV10-1*01	1.7e-05	0.10812244611209378
CASSLEDPTVSPLHF	TRBV5-1*01	1.7e-05	0.9463949885291508
CASSSGTFSHTEAFF	TRBV5-1*01	1.7e-05	0.6824473798826614
CASSSGRGRGETQYF	TRBV5-1*01	1.7e-05	0.3454023827185715
CASSLGGQGPSKLFF	TRBV5-1*01	1.7e-05	0.4159632696964151
CASSQDGTGLSEAFF	TRBV4-1*01	1.7e-05	0.7124536903738752
CSAARTSGSQNTQYF	TRBV20-1*01	1.7e-05	0.9051577850368488
CSAMRAGVAYNEQFF	TRBV20-1*01	1.7e-05	0.9401549003098629
CSARWTSGSPDTQYF	TRBV20-1*05	1.7e-05	0.9821666774242293
CSARPSLGLNTEAFF	TRBV20-1*01	1.7e-05	0.9878519487017304
CSARGGQGPGNTIYF	TRBV20-1*01	1.7e-05	0.8250436620467007
CSARDLNGEYNEQFF	TRBV20-1*01	1.7e-05	0.8295954304613976
CSVRSHAQHPYEQYF	TRBV29-1*02	1.7e-05	0.9844677306371687
CATSSPTGPNEQFF	TRBV24-1*01	1.7e-05	0.6422196764942029
CATSRGTSGNEQFF	TRBV15*01	1.7e-05	0.3318993767166024
CASSPEWSGHEQYF	TRBV18*01	1.7e-05	0.6052855858893311
CASSRQGTREKLFF	TRBV18*01	1.7e-05	0.4452782749114348
CASSYGAGGNEQFF	TRBV6-5*01	1.7e-05	0.4003472453104972
CASSIPSGRRELFF	TRBV6-6*03	1.7e-05	0.5371586097057235
CASSFSGASTPAFF	TRBV7-2*01	1.7e-05	0.8047946608030103
CASSFSSGDYEQYF	TRBV11-2*01	1.7e-05	0.15063412065114526
CASSLTSGRGELFF	TRBV7-2*01	1.7e-05	0.3928541332833179
CASSLGQGNTEAFF	TRBV7-9*01	1.7e-05	0.08014731195843414
CASSQDRGWTEAFF	TRBV14*01	1.7e-05	0.5592459605937112
CASSQWTSPHEQFF	TRBV14*01	1.7e-05	0.7959666400052058
CASSQAAGTGVPYF	TRBV3-1*01	1.7e-05	0.8172225670928258
CASSQGGDTGELFF	TRBV4-2*01	1.7e-05	0.16239560269327774
CASSQDQLYNEQFF	TRBV3-1*01	1.7e-05	0.5162329489224946
CASSQDTGTGTIYF	TRBV3-1*01	1.7e-05	0.7367582183740776
CASSAGPGGQPQHF	TRBV9*03	1.7e-05	0.16501952152300575
CASSGRTGPLEQYF	TRBV7-2*01	1.7e-05	0.8208748500052483
CASRTGGSYNEQFF	TRBV6-6*03	1.7e-05	0.14394616424930382
CASSLAGSYNEQFF	TRBV5-1*01	1.7e-05	0.1042905391887311
CSALLRENPYEQYF	TRBV20-1*01	1.7e-05	0.9748481451092389
CSAPQSQAGNEQFF	TRBV20-1*01	1.7e-05	0.9002233918406501
CATSEGSYYEQYF	TRBV24-1*01	1.7e-05	0.2822676709016972
CASGGGRTDTQYF	TRBV7-3*01	1.7e-05	0.3681826134159894
CASSLRANTEAFF	TRBV28*01	1.7e-05	0.13120262645187883
CASSYSSTNEQFF	TRBV7-3*01	1.7e-05	0.42061654231663953
CASSYRDNQPQHF	TRBV6-5*01	1.7e-05	0.24265773573032723
CASSEATTDTQYF	TRBV6-1*01	1.7e-05	0.31963687664279916
CASSLQGRAPLHF	TRBV7-3*01	1.7e-05	0.7056409507330395
CASSLGTGSGYTF	TRBV7-3*01	1.7e-05	0.12201559295329728
CASSLNGGLGYTF	TRBV7-3*01	1.7e-05	0.59817985276438
CASSLENTGELFF	TRBV6-4*01	1.7e-05	0.15569515919137975
CASSRRYNSPLHF	TRBV3-1*01	1.7e-05	0.3592378002156266
CASSGQSTDTQYF	TRBV28*01	1.7e-05	0.23190381723636588
CASSDTGNTEAFF	TRBV28*01	1.7e-05	0.09939292986841272
CASSLWGPGELFF	TRBV5-1*01	1.7e-05	0.6691590500969933
CASSPRGSYEQYF	TRBV4-1*01	1.7e-05	0.14318489416906796
CSARGRGRSGAFF	TRBV20-1*01	1.7e-05	0.9795358716456962
CASTPGRTEAFF	TRBV19*01	1.7e-05	0.24502308543321888
CASSMNTDTQYF	TRBV19*01	1.7e-05	0.32984295241892614
CASSSRAATQYF	TRBV7-2*01	1.7e-05	0.5418206923017429
CASSYQGNEQFF	TRBV11-2*01	1.7e-05	0.29994146412429645
CASSQTRGGAFF	TRBV14*01	1.7e-05	0.7249651611769462
CASSQDIREQYF	TRBV3-1*01	1.7e-05	0.576552480877478
CASRQGDEKLFF	TRBV5-1*01	1.7e-05	0.2768700245637983
CASSQVTGSKHF	TRBV4-1*01	1.7e-05	0.6766688165884828
CAGGDLYGYTF	TRBV11-2*01	1.7e-05	0.5169743236637684
CASSPPVPTGGRIANYGYTF	TRBV18*01	1.7e-05	0.853033485692996
CASSFPQWTSGKTLYNEQFF	TRBV28*01	1.7e-05	0.8707454078768536
CASSQDLVNAGGNTDTQYF	TRBV3-1*01	1.7e-05	0.6427617020186766
CASSASGITDSWDTGELFF	TRBV7-3*01	1.7e-05	0.7459917878019857
CATSDSASGRGLGDTQYF	TRBV24-1*01	1.7e-05	0.5865442144197592
CATSRGFTGGSFSYEQYF	TRBV15*01	1.7e-05	0.5836982372376095
CATSRDGVGGTAYNEQFF	TRBV15*01	1.7e-05	0.6795597513533322
CASSYPDRESVSNQPQHF	TRBV6-5*01	1.7e-05	0.7477495406919907
CASSTTWTSGINTGELFF	TRBV27*01	1.7e-05	0.8094969314929409
CASSRAGTVGALSYGYTF	TRBV7-8*03	1.7e-05	0.7537838797673698
CASSWEREIRASLNEQFF	TRBV5-1*01	1.7e-05	0.9800666008634472
CATSRPRTSGATGELFF	TRBV15*01	1.7e-05	0.49071239978057635
CASSLVSVEQGNTEAFF	TRBV11-2*01	1.7e-05	0.4418382256245718
CASSQLGTGSSAYEQYF	TRBV6-6*05	1.7e-05	0.18936860867124505
CASSAASRDSVGNEQFF	TRBV5-1*01	1.7e-05	0.54953985105387
CATSDLRGVSGNEQFF	TRBV24-1*01	1.7e-05	0.7616265019473267
CASSIGVTGDRETQYF	TRBV19*01	1.7e-05	0.6296036956557564
CASSPLTSGGSNEQFF	TRBV18*01	1.7e-05	0.5678219022485053
CASGFPGTSDRDTQYF	TRBV6-2*01	1.7e-05	0.9059182759738196
CASSESQGGPPGELFF	TRBV2*01	1.7e-05	0.7180150504397355
CASSLRGVRGAQPQHF	TRBV5-6*01	1.7e-05	0.592595054239924
CASSLFQGGDGNEQFF	TRBV7-3*01	1.7e-05	0.4995969385781754
CASSLNLAGPGVEQFF	TRBV13*01	1.7e-05	0.843241119686745
CASSPPGRKNYNEQFF	TRBV2*01	1.7e-05	0.7138227442839375
CASSPSGGASTDTQYF	TRBV9*01	1.7e-05	0.4019178299936237
CASSPGQGLMNTEAFF	TRBV3-1*01	1.7e-05	0.39193536367563686
CASSHPGGTVNTEAFF	TRBV14*01	1.7e-05	0.3541166444438061
CASSQGAVGGIETQYF	TRBV14*01	1.7e-05	0.5134092445137316
CASSLALGQAVGGYTF	TRBV5-1*01	1.7e-05	0.5037282312356166
CASSQGGWERPYEQYF	TRBV4-1*01	1.7e-05	0.778228258828432
CASSQVGTGNTGELFF	TRBV4-1*01	1.7e-05	0.262771488397026
CASSQGLAMIQETQYF	TRBV5-1*01	1.7e-05	0.7725563857250433
CASSVQRDSGADTQYF	TRBV5-1*01	1.7e-05	0.412123566567471
CSATSWGRGDQETQYF	TRBV20-1*01	1.7e-05	0.9529271182604281
CASSPRGGKSYGYTF	TRBV7-7*01	1.7e-05	0.44615030465266636
CASSPEGRDQSPLHF	TRBV18*01	1.7e-05	0.6849346938112676
CASGHRDRESYEQYF	TRBV5-8*01	1.7e-05	0.6691337008831325
CASTPRASGSREQFF	TRBV7-2*01	1.7e-05	0.7786951267785734
CASSLAGARTDTQYF	TRBV28*01	1.7e-05	0.39742393396828174
CASSPGTETAYGYTF	TRBV7-6*01	1.7e-05	0.4301492917603717
CASSGGTGAVDTQYF	TRBV6-1*01	1.7e-05	0.5174037810363303
CASSLAPGRGNIQYF	TRBV11-3*01	1.7e-05	0.8002190649159666
CASSLGGPRTDTQYF	TRBV7-8*01	1.7e-05	0.4088718171071694
CASSLETRTYGELFF	TRBV7-2*01	1.7e-05	0.4529130843947465
CASSSGQGGTGELFF	TRBV11-2*01	1.7e-05	0.1141257874630142
CASSPWTDTYGELFF	TRBV7-2*01	1.7e-05	0.6387682897700822
CASSPPGTSVNEQFF	TRBV5-8*01	1.7e-05	0.6774521886730772
CASSVGPTGNTEAFF	TRBV9*01	1.7e-05	0.23183638461972722
CASSARQGVTDTQYF	TRBV9*03	1.7e-05	0.4290446174207502
CASSGPSGKDQPQHF	TRBV7-8*03	1.7e-05	0.5539045392741754
CASSGQNIGTDTQYF	TRBV9*01	1.7e-05	0.7335916326344429
CASSGGQAGYNEQFF	TRBV9*01	1.7e-05	0.3586560534615813
CASRRQGAGNTEAFF	TRBV2*01	1.7e-05	0.2094524487260556
CASSFLAGGPHEQYF	TRBV5-1*01	1.7e-05	0.45387365380470407
CASSLRLAGSYEQYF	TRBV5-1*01	1.7e-05	0.1912971169258372
CASSLSGGAGQPQHF	TRBV4-1*01	1.7e-05	0.18799845696896655
CASSRRTSGSPEQYF	TRBV5-1*01	1.7e-05	0.6787368321291296
CASSHRRGVRTEAFF	TRBV4-1*01	1.7e-05	0.8265318392592914
CASSQDGLSNSPLHF	TRBV4-1*01	1.7e-05	0.41063061574248266
CSARGPRGRNTEAFF	TRBV20-1*01	1.7e-05	0.9583192989672261
CSAVGLAGGQETQYF	TRBV20-1*01	1.7e-05	0.9005940508782396
CAISEGLAGVEQYF	TRBV10-3*01	1.7e-05	0.6946203813103783
CAIRGEIGNTEAFF	TRBV10-3*01	1.7e-05	0.713621602700194
CATSRGQGYEKLFF	TRBV15*02	1.7e-05	0.4040186037192471
CASSLDRENTEAFF	TRBV19*01	1.7e-05	0.12665003710566491
CASSISRSTDTQYF	TRBV19*01	1.7e-05	0.4103800748616901
CASSIKRGTGELFF	TRBV19*01	1.7e-05	0.34518806906080485
CASRWGGGNTEAFF	TRBV27*01	1.7e-05	0.24434621033372772
CASEQGRGNQPQHF	TRBV19*01	1.7e-05	0.18336380978477934
CASTGKRSVDEQYF	TRBV7-4*01	1.7e-05	0.7522203335863196
CASSFPGLGETQYF	TRBV28*01	1.7e-05	0.7516867196391521
CASSALGSGNTIYF	TRBV2*01	1.7e-05	0.16357299297267408
CASSFWSSSTEAFF	TRBV5-8*01	1.7e-05	0.8305461070648108
CASSFGHEVYEQYF	TRBV11-2*01	1.7e-05	0.6319783917227073
CASSLLAVYNEQFF	TRBV7-2*04	1.7e-05	0.4212605219457725
CASSLVGTNEKLFF	TRBV7-9*01	1.7e-05	0.2037059450667626
CASSLAGVSNEQFF	TRBV7-3*01	1.7e-05	0.3060745942460961
CASSSPAGANVLTF	TRBV3-1*01	1.7e-05	0.16572911322274514
CASSQPQAADTQYF	TRBV3-1*01	1.7e-05	0.5503918066100689
CASSQETSNEKLFF	TRBV3-1*01	1.7e-05	0.31730045442299204
CASSAGGREEKLFF	TRBV9*03	1.7e-05	0.22566115428489783
CASSRAGSYNEQFF	TRBV7-2*01	1.7e-05	0.18865798030034592
CASRQVRVGTEAFF	TRBV2*01	1.7e-05	0.7306320284282138
CASKGARQAGELFF	TRBV2*01	1.7e-05	0.744588401672397
CASSLAGRNTEAFF	TRBV5-1*01	1.7e-05	0.1766927915400056
CASSYSGTNEKLFF	TRBV5-1*01	1.7e-05	0.23318394977436663
CASSPGQGTDTQYF	TRBV5-1*01	1.7e-05	0.16832627914287418
CASSPAGEGSPLHF	TRBV5-1*01	1.7e-05	0.4985398132887109
CASSPRTRSTEAFF	TRBV5-1*01	1.7e-05	0.5820181949393056
CASSQGEFTDTQYF	TRBV4-1*01	1.7e-05	0.43563058870240334
CSAPRPRGSDTQYF	TRBV20-1*01	1.7e-05	0.9001050756003827
CSASRDLSNQPQHF	TRBV20-1*02	1.7e-05	0.7394972706933409
CSARASGTALEQYF	TRBV20-1*01	1.7e-05	0.9436701710692537
CSARGTSGRETQYF	TRBV20-1*01	1.7e-05	0.8941110935364285
CSARIAGVYNEQFF	TRBV20-1*01	1.7e-05	0.9246422205340815
CAWRPGAKNIQYF	TRBV30*01	1.7e-05	0.8712002100515079
CATGSFGYNEQFF	TRBV19*01	1.7e-05	0.6004997779561885
CATNRDSTDTQYF	TRBV28*01	1.7e-05	0.4751908105498083
CASSPTRPGELFF	TRBV6-6*04	1.7e-05	0.6985758573996617
CASSFGREETQYF	TRBV7-2*01	1.7e-05	0.37345093934246054
CASSLEGRHEQYF	TRBV7-9*01	1.7e-05	0.4127235492187634
CASSLTGYGELFF	TRBV7-3*01	1.7e-05	0.24575975578826598
CASSLPGGWEQYF	TRBV11-2*01	1.7e-05	0.4097629073391314
CASSLGGWDTQYF	TRBV7-8*01	1.7e-05	0.3375678924386139
CASSLRGNQPQHF	TRBV7-6*01	1.7e-05	0.09522152154479091
CASSQGVRNEQYF	TRBV3-1*01	1.7e-05	0.43993481710042254
CASSVGTFDGYTF	TRBV9*01	1.7e-05	0.8595806327744254
CASSRGLNTEAFF	TRBV11-2*01	1.7e-05	0.08780621422674173
CASRRTGDNEQFF	TRBV6-6*04	1.7e-05	0.35869560884891577
CASRGTSRDTQYF	TRBV2*01	1.7e-05	0.4932712728147359
CASSFLGSYEQYF	TRBV5-1*01	1.7e-05	0.227731171989794
CASSLDDNSPLHF	TRBV5-1*01	1.7e-05	0.20250415590106433
CASSPLGNTEAFF	TRBV4-1*01	1.7e-05	0.22893637977023082
CSASGTENTEAFF	TRBV20-1*02	1.7e-05	0.5909817071395407
CATSVSTDTQYF	TRBV24-1*01	1.7e-05	0.2520032915191956
CASDPAANEQFF	TRBV2*01	1.7e-05	0.5893485975207436
CASRGGVTEAFF	TRBV19*01	1.7e-05	0.150943953300503
CASSPRTAEAFF	TRBV18*01	1.7e-05	0.5362294910683029
CASTRTGGGYTF	TRBV2*01	1.7e-05	0.18718275365434558
CASSLLPNEQFF	TRBV11-1*01	1.7e-05	0.5001606568638826
CASSLGSYGYTF	TRBV7-9*04	1.7e-05	0.090304886783511
CASSQAGWGYTF	TRBV3-1*01	1.7e-05	0.38697908425061056
CASKTPRETQYF	TRBV6-1*01	1.7e-05	0.77325060354376
CSAIPQGNEQFF	TRBV20-1*01	1.7e-05	0.9416275363231442
CSASGTTYEQYF	TRBV20-1*02	1.7e-05	0.707329389248053
CSARTGIYGYTF	TRBV20-1*01	1.7e-05	0.9028598291138881
CSVGRDDSEQYF	TRBV29-1*01	1.7e-05	0.8695135063430952
CASSFSGKQFF	TRBV7-3*01	1.7e-05	0.634021651341122
CASSQAYEQYF	TRBV3-1*01	1.7e-05	0.14557957525686122
CSVEGRQGPYF	TRBV20-1*01	1.7e-05	0.9456107132477373
CATGRGQGAGNTEAFF	TRBV11-3*01	1.6e-05	0.4069577776544649
CASSSTLSGNTIYF	TRBV2*02	1.6e-05	0.3273865189930448
CASSPLTSGRLYEQYF	TRBV18*01	1.6e-05	0.5498155233651305
CASSYGRGPVTEAFF	TRBV27*01	1.6e-05	0.6375076110853058
CASTFSGQGSYGYTF	TRBV5-1*01	1.6e-05	0.45438572946663824
CASSLDVGRDQPQHF	TRBV5-1*01	1.6e-05	0.35062519292866046
CASSPLSGRDYEQYF	TRBV5-1*01	1.6e-05	0.3593433699008141
CSARPGPLHF	TRBV20-1*01	1.6e-05	0.90087307714008
CASSYHRRGAEVTEAFF	TRBV6-5*01	1.6e-05	0.930212441133711
CASSFRPRAGGGDEQYF	TRBV11-3*01	1.6e-05	0.7750898111601969
CASSQVGAPGVSDTQYF	TRBV4-2*01	1.6e-05	0.7764263301195323
CASSYSRQLIYNEQFF	TRBV6-5*01	1.6e-05	0.8237542998231387
CASSFHLTGVSHGYTF	TRBV7-4*01	1.6e-05	0.9208642960501241
CSALGQVRSRHEQYF	TRBV20-1*01	1.6e-05	0.9723313913274659
CASSLGTGTEQYF	TRBV7-9*01	1.6e-05	0.16548973212207274
CASSPEQGGEQFF	TRBV5-1*01	1.6e-05	0.3621366095132263
CASSNAYYGYTF	TRBV5-1*01	1.6e-05	0.21191781514283128
CAWSAGAELFF	TRBV30*01	1.6e-05	0.6704663455057961
CASSFQGPGQRDEKLFF	TRBV5-1*01	1.6e-05	0.7646332955163279
CASTNPPGTQNTEAFF	TRBV6-4*01	1.6e-05	0.7993122988878303
CASSPRGAGGNQPQHF	TRBV4-1*01	1.6e-05	0.14170297522686587
CATSRYLSILRPQHF	TRBV15*02	1.6e-05	0.968302837535289
CASSMGRGSNQPQHF	TRBV19*01	1.6e-05	0.17485815670711136
CASTSGDSGNTEAFF	TRBV3-1*01	1.6e-05	0.16870785362673416
CASSRGLAENYEQYF	TRBV7-2*01	1.6e-05	0.30435028670607883
CASSLDSGSTDTQYF	TRBV11-2*01	1.6e-05	0.24089322804763674
CASSFGGSSTDTQYF	TRBV5-1*01	1.6e-05	0.22977882226392557
CASSLGPGIDQPQHF	TRBV5-1*01	1.6e-05	0.2084726603261645
CSARLRDRGKNTIYF	TRBV20-1*01	1.6e-05	0.9852552337508063
CASSPGQGADTQYF	TRBV10-3*01	1.6e-05	0.1824886144516348
CAWSVGGGATEAFF	TRBV30*01	1.6e-05	0.45548927974062015
CAISESLNRYEQYF	TRBV10-3*01	1.6e-05	0.801466189987427
CATRLWAFYNEQFF	TRBV28*01	1.6e-05	0.9827445804164537
CASSPDREGQPQHF	TRBV18*01	1.6e-05	0.23948059067302638
CASILDRNNEKLFF	TRBV2*01	1.6e-05	0.6523887121934372
CASSLTESNEKLFF	TRBV28*01	1.6e-05	0.35586816490018297
CASSLMAPRDTQYF	TRBV7-8*01	1.6e-05	0.8274262228086936
CASSLTGGIYGYTF	TRBV7-3*01	1.6e-05	0.23089835966935773
CASSVGRGNYGYTF	TRBV9*01	1.6e-05	0.20303768598910527
CASSPPGLGDEQYF	TRBV5-1*01	1.6e-05	0.4740445299712757
CASSQPGGPGELFF	TRBV4-1*01	1.6e-05	0.48653255264611384
CSVLGTGSSYEQYF	TRBV29-1*01	1.6e-05	0.4185565446319874
CASSSSSYNEQFF	TRBV6-4*01	1.6e-05	0.09661704518329779
CASSPGPSYEQYF	TRBV4-1*01	1.6e-05	0.14693782231446598
CASNRDLTGGYTF	TRBV5-1*01	1.6e-05	0.5617989576142263
CRDGTPSSYEQYF	TRBV20-1*01	1.6e-05	0.8332798851571228
CASRSAQGQKSSGANVLTF	TRBV11-2*01	1.6e-05	0.5971540831891555
CASSIVYPDGWNTGELFF	TRBV19*01	1.6e-05	0.9263124861284064
CAISDGPTGKSSYEQYF	TRBV10-3*01	1.6e-05	0.7385378166670812
CASSPRWGTNPNYGYTF	TRBV18*01	1.6e-05	0.8616377654744865
CASSEGWGQGSYNEQFF	TRBV2*01	1.6e-05	0.3928790273286407
CASRDASGTLSGNTIYF	TRBV6-1*01	1.6e-05	0.6573721507906762
CASSQDHRGGSGNTIYF	TRBV4-1*01	1.6e-05	0.3737463339075129
CASSPRGTGGRAEQYF	TRBV18*01	1.6e-05	0.5016496270644861
CASSEVGDTLNNEQFF	TRBV2*01	1.6e-05	0.7408375847946167
CASSLYTRQSYNEQFF	TRBV7-9*01	1.6e-05	0.7798516749764932
CASSSIAGGPIREQFF	TRBV28*01	1.6e-05	0.9343362823370835
CASSQGSGWTNNEQFF	TRBV3-1*01	1.6e-05	0.6512284574633433
CASSVVVGGGYNEQFF	TRBV9*01	1.6e-05	0.5121990442397086
CASSSYSDGRNTEAFF	TRBV5-1*01	1.6e-05	0.257106220028476
CASSVRDMGTNEKLFF	TRBV5-1*01	1.6e-05	0.6273268977839637
CSASPRLSSGANVLTF	TRBV20-1*04	1.6e-05	0.9292767729966581
CAISPGTGGPNEQFF	TRBV10-3*01	1.6e-05	0.6593436979979564
CAISVDRDQYYEQYF	TRBV10-3*01	1.6e-05	0.6477507826990613
CATSRDNSMNTEAFF	TRBV15*01	1.6e-05	0.5524845187639846
CATSKRTGDTGELFF	TRBV15*02	1.6e-05	0.44273284307252186
CASSIGTLPNTEAFF	TRBV19*01	1.6e-05	0.8037290453715477
CASSWTAGSNSPLHF	TRBV6-5*01	1.6e-05	0.6029349022386326
CASSYSFLGDGELFF	TRBV6-5*01	1.6e-05	0.8118082232192902
CASSPVEGYNSPLHF	TRBV28*01	1.6e-05	0.4302307609229243
CASSGSGQAGYEQYF	TRBV6-4*01	1.6e-05	0.3342498992038171
CASSSSGRVYNEQFF	TRBV7-2*01	1.6e-05	0.39432017203001757
CASSLTMAGNYEQYF	TRBV7-3*01	1.6e-05	0.6293258339877382
CASSPGVQGMGAQYF	TRBV7-2*01	1.6e-05	0.6664692140376095
CASSGGGRKGEKLFF	TRBV2*01	1.6e-05	0.71996438934056
CASSLAGTSQYEQYF	TRBV5-1*01	1.6e-05	0.16722969197198512
CSARPKQGTKETQYF	TRBV20-1*04	1.6e-05	0.983228834631459
CSARRLDHPTYEQYF	TRBV20-1*01	1.6e-05	0.96740394054911
CSGSPPGLVRGEQYF	TRBV20-1*01	1.6e-05	0.9713084072099344
CATSGEGISYEQYF	TRBV28*01	1.6e-05	0.3700994776929026
CATSSWEVGDTQYF	TRBV24-1*01	1.6e-05	0.7215758411933555
CASSHTETKNIQYF	TRBV27*01	1.6e-05	0.781664381514032
CASSDSPENGELFF	TRBV6-4*01	1.6e-05	0.39080604230992005
CASSFARFSTEAFF	TRBV13*01	1.6e-05	0.6138883290788931
CASSLEPGGETQYF	TRBV7-2*01	1.6e-05	0.3512845635221586
CASSPPGWGNEQFF	TRBV28*01	1.6e-05	0.6286546067299293
CASSPVGSGNTIYF	TRBV4-1*01	1.6e-05	0.21845921845551294
CAISEEGVAEAFF	TRBV10-3*01	1.6e-05	0.8886017566742147
CASGDRSTDTQYF	TRBV7-2*01	1.6e-05	0.38882800178030863
CASSIRSTNEQFF	TRBV19*01	1.6e-05	0.42723421038556286
CASSYPGVYGYTF	TRBV6-2*01	1.6e-05	0.2780631062287725
CASSTYPGYGYTF	TRBV5-8*01	1.6e-05	0.24110450224311164
CASSLGSSYEQYF	TRBV13*01	1.6e-05	0.08341791005071272
CASSLGEDYEQYF	TRBV7-9*01	1.6e-05	0.13586929714025608
CASSLDFNQPQHF	TRBV7-9*01	1.6e-05	0.1762117114507197
CASSLRGLDEQFF	TRBV11-3*01	1.6e-05	0.4618188687686091
CASKAGPAGELFF	TRBV9*01	1.6e-05	0.8042726761915833
CASSPSSQETQYF	TRBV5-1*01	1.6e-05	0.37650513665038693
CSASGRVTNEQFF	TRBV20-1*04	1.6e-05	0.8673789320442881
CAGQTGTEKLFF	TRBV28*01	1.6e-05	0.4639145982001958
CASSTAGTEQFF	TRBV18*01	1.6e-05	0.2445319203294278
CASSRGEYEQYF	TRBV11-3*01	1.6e-05	0.12465361947255714
CASSSTGDGYTF	TRBV5-1*01	1.6e-05	0.2359171225387747
CSARAVPEAFF	TRBV20-1*01	1.6e-05	0.9691311015318719
CSAFYNEQFF	TRBV20-1*01	1.6e-05	0.8503122228366561
CATSDAGDRGKTDPHNSPLHF	TRBV24-1*01	1.6e-05	0.8922158856995603
CASSLEHGGAGLWANEQFF	TRBV7-2*01	1.6e-05	0.8750315831193155
CATSDLTPGLEGSGELFF	TRBV24-1*01	1.6e-05	0.9067658561480644
CASSLFSGQGGIGDTQYF	TRBV28*01	1.6e-05	0.6306184590129831
CASSLVPGGLAGFNEQFF	TRBV7-9*01	1.6e-05	0.7577558167701203
CASSVDWTGLNRSGELFF	TRBV9*01	1.6e-05	0.925161727151638
CASSWGTSGRGSTDTQYF	TRBV5-1*01	1.6e-05	0.5640277255812282
CAISERRAHPRNTEAFF	TRBV10-3*01	1.6e-05	0.9359982974320354
CASSPSVEADKWDIQYF	TRBV18*01	1.6e-05	0.9173877486166876
CASGPGGASSYNSPLHF	TRBV28*01	1.6e-05	0.31637444877757365
CASSLAGLLRDTGELFF	TRBV27*01	1.6e-05	0.682505491065878
CASSPGASGGTKNIQYF	TRBV4-2*01	1.6e-05	0.730657002405759
CASSPIGDTKGSYEQYF	TRBV2*01	1.6e-05	0.6649646605333175
CASSESSPGLAGGPQYF	TRBV10-1*01	1.6e-05	0.29070680325693715
CSARDNRVSGGGTEAFF	TRBV20-1*01	1.6e-05	0.9571355493467658
CASSKGQGVTYNEQFF	TRBV19*01	1.6e-05	0.5903505403324352
CASSPAGLMNTGELFF	TRBV18*01	1.6e-05	0.5504087762021691
CASILHYRGSNTEAFF	TRBV11-2*01	1.6e-05	0.923253495745498
CASSYGQNTFNSPLHF	TRBV6-5*01	1.6e-05	0.8268688540141717
CASSPYSSQGDYEQYF	TRBV27*01	1.6e-05	0.6194752847235582
CASSEALRGDNQPQHF	TRBV2*01	1.6e-05	0.6722081507042591
CASSEEDPPPYNEQFF	TRBV6-1*01	1.6e-05	0.7261046613121072
CASSFYDSATNEKLFF	TRBV5-6*01	1.6e-05	0.8430571074512122
CASRISLGVSGNTIYF	TRBV6-1*01	1.6e-05	0.77801009546335
CASSLALRAGKETQYF	TRBV5-1*01	1.6e-05	0.8273914267764588
CASSLDVVGGLREQFF	TRBV5-1*01	1.6e-05	0.9033735900481564
CASSLDGEKSYNEQFF	TRBV4-1*01	1.6e-05	0.7181634163169585
CSARPISTGNSYEQYF	TRBV20-1*05	1.6e-05	0.9522601178989272
CASSNLPLTSREQFF	TRBV19*01	1.6e-05	0.8997065527248785
CASSPETGGSYEQYF	TRBV18*01	1.6e-05	0.14793897314893842
CASIRVGATNEKLFF	TRBV2*01	1.6e-05	0.7149348700246541
CASSFDGSSYNEQFF	TRBV28*01	1.6e-05	0.3280455083346279
CASSLSGAPYYGYTF	TRBV27*01	1.6e-05	0.273839166293076
CASSYPTGMGTEAFF	TRBV6-2*01	1.6e-05	0.6268587351146704
CASSASFSTLYEQYF	TRBV2*01	1.6e-05	0.4269327538632275
CASSEVRSSGTEAFF	TRBV2*01	1.6e-05	0.2707293970163877
CASSEALQGMHEQYF	TRBV2*01	1.6e-05	0.44543523146228164
CASSTLAGGPYEQYF	TRBV27*01	1.6e-05	0.3082380250418852
CASSTDSEPTDTQYF	TRBV27*01	1.6e-05	0.6523346557348597
CASSFLSGLSYEQYF	TRBV7-9*01	1.6e-05	0.3446484070022984
CASSLGLAVSNEQFF	TRBV11-3*01	1.6e-05	0.5665606042395996
CASSLGEGSNQPQHF	TRBV7-9*01	1.6e-05	0.11067918504864459
CASSYQTGGNSPLHF	TRBV11-2*01	1.6e-05	0.4233892836379047
CASSQDRDRPDTQYF	TRBV4-2*01	1.6e-05	0.6348217239856438
CASNPLGTEGHEQYF	TRBV27*01	1.6e-05	0.800867496885424
CASSRDAGSTDTQYF	TRBV10-1*01	1.6e-05	0.4109167967700101
CASSLEASGIYEQYF	TRBV5-1*01	1.6e-05	0.22545824738959602
CASSLEGYRNQPQHF	TRBV5-1*01	1.6e-05	0.37659028258565924
CASSPEAGVINEQYF	TRBV5-1*01	1.6e-05	0.6444944759181703
CASSQEGTGNYGYTF	TRBV4-1*01	1.6e-05	0.17913384427295634
CSATSTGSGANVLTF	TRBV20-1*01	1.6e-05	0.48210818514023607
CSARRGELRPYEQYF	TRBV20-1*01	1.6e-05	0.9660506941040009
CSARRTGILNQPQHF	TRBV20-1*01	1.6e-05	0.9173330910909421
CAIRTVVSGNTIYF	TRBV10-3*01	1.6e-05	0.6591481022620247
CATSSYANTGELFF	TRBV15*02	1.6e-05	0.32037852173479775
CATSRGGQPYGYTF	TRBV15*01	1.6e-05	0.32166947165520654
CASSLVERPYEQYF	TRBV5-6*01	1.6e-05	0.543799871047425
CASSLLSSYNEQFF	TRBV7-2*01	1.6e-05	0.16481064453542155
CASSPLGEQETQYF	TRBV28*01	1.6e-05	0.4174533018529268
CASSQGSGAGGYTF	TRBV3-1*01	1.6e-05	0.17390133626887117
CASSVRGGYNEQFF	TRBV11-3*02	1.6e-05	0.15593279426380607
CASSESPGSDTQYF	TRBV10-1*01	1.6e-05	0.4273547643822654
CSARGTSGADTQYF	TRBV20-1*01	1.6e-05	0.8621074378636406
CSAKRGAGAYEQYF	TRBV20-1*01	1.6e-05	0.874423036488214
CAWKPQGRTEAFF	TRBV30*01	1.6e-05	0.9518890253951506
CATSDSGRDTQYF	TRBV24-1*01	1.6e-05	0.3357661254651045
CASSIVTTDTQYF	TRBV19*01	1.6e-05	0.44524999282607747
CASALSPLYEQYF	TRBV27*01	1.6e-05	0.6370662960072857
CASASQGGNEQYF	TRBV7-2*01	1.6e-05	0.34765035297084
CASIPDRYNEQFF	TRBV2*01	1.6e-05	0.6541255420708653
CASSLSSGNEQFF	TRBV27*01	1.6e-05	0.18531006491363716
CASSFRQSGELFF	TRBV11-1*01	1.6e-05	0.431101924301262
CASSLSGGGEQYF	TRBV7-3*01	1.6e-05	0.21388808907697615
CASSPEDSYEQYF	TRBV7-9*01	1.6e-05	0.4039066913681729
CASSAREGEKLFF	TRBV9*03	1.6e-05	0.2597646826695179
CASRRLRTGELFF	TRBV28*01	1.6e-05	0.5831902446592364
CASSSGLTDTQYF	TRBV10-1*01	1.6e-05	0.17495528830085744
CASSLGLKDGYTF	TRBV5-1*01	1.6e-05	0.6763783170975376
CASSLGEKETQYF	TRBV4-1*01	1.6e-05	0.3421056735522775
CASNTGVSHEQYF	TRBV5-1*01	1.6e-05	0.5456724881629406
CASRLAGGEQYF	TRBV19*03	1.6e-05	0.231812586892793
CASSPKNTEAFF	TRBV6-6*04	1.6e-05	0.15759533075914187
CASSFRAYGYTF	TRBV7-9*01	1.6e-05	0.3240216208931204
CASSPAWTEAFF	TRBV11-2*01	1.6e-05	0.47247178121665273
CASSQGRGTQYF	TRBV3-1*01	1.6e-05	0.28173765522506494
CASSNIYNEQFF	TRBV28*01	1.6e-05	0.31070458264728845
CSARWPNTEAFF	TRBV20-1*05	1.6e-05	0.9300914651402695
CSTFQGSTEAFF	TRBV29-1*01	1.6e-05	0.5682242678755516
CAWDRGNEQFF	TRBV30*05	1.6e-05	0.5504524681212667
CSARRSETQYF	TRBV20-1*01	1.6e-05	0.9034334273619749
CASSSIPSHVAGGRLYEQYF	TRBV28*01	1.6e-05	0.6582959307426163
CSADGTSVDKLMFNTEAFF	TRBV20-1*05	1.6e-05	0.9657165844711447
CATSDCLGVDRGNTEAFF	TRBV24-1*01	1.6e-05	0.9799472370739722
CASSPLPTSPGTGGGYTF	TRBV18*01	1.6e-05	0.8465161997641598
CASSDTDGLAGDKNEQFF	TRBV6-1*01	1.6e-05	0.5911377341581716
CASSHPLGNRGGGNTIYF	TRBV14*01	1.6e-05	0.6343274461550054
CASSQEGREGATNEKLFF	TRBV3-1*01	1.6e-05	0.5819418639139687
CATSDLQSTFSYNEQFF	TRBV24-1*01	1.6e-05	0.8213325157679658
CASSINRGYSGANVLTF	TRBV19*01	1.6e-05	0.3490439493909538
CASSLAPTGNSGNTIYF	TRBV7-2*01	1.6e-05	0.35553978947363124
CASSPPGLAGFMNEQFF	TRBV11-3*02	1.6e-05	0.779740973726931
CASSPTGLAGGIYEQFF	TRBV4-2*01	1.6e-05	0.5085611022347678
CASSHQAGTGGKEGYTF	TRBV4-2*01	1.6e-05	0.4916100368396447
CASSQGLAGGFAYEQYF	TRBV7-2*01	1.6e-05	0.4840982111500251
CASTKTGQGGPPGGEFF	TRBV5-1*01	1.6e-05	0.963253123882214
CASSQAMWRGPSYEQYF	TRBV4-1*01	1.6e-05	0.9662123464320673
CATSRDWPALGNEQFF	TRBV15*01	1.6e-05	0.9743112598778562
CASSPGGLAGVYEQYF	TRBV19*01	1.6e-05	0.33931664749320767
CASSISAAKYQETQYF	TRBV19*01	1.6e-05	0.7610829116789624
CASSIIGTASTDTQYF	TRBV19*01	1.6e-05	0.6017589221402836
CASSYTWTGMNTEAFF	TRBV6-5*01	1.6e-05	0.6807224571576508
CASSLVTSGSWKTQYF	TRBV11-3*01	1.6e-05	0.8626121109282842
CASSPGLASNTGELFF	TRBV2*01	1.6e-05	0.37128620255818634
CASSVLSQGRVCIQYF	TRBV9*01	1.6e-05	0.9881642865293027
CARGRGDRDTTDTQYF	TRBV27*01	1.6e-05	0.6840896515631364
CASSLGSEFSGNTIYF	TRBV5-1*01	1.6e-05	0.3164999469476155
CASSYGLAGVADTQYF	TRBV5-1*01	1.6e-05	0.5545365761586578
CASSQDRGTAWDEQFF	TRBV4-1*01	1.6e-05	0.8943533690856323
CSARDLREGRGDTQYF	TRBV20-1*01	1.6e-05	0.9761500444219121
CSAALPRGVAGNTIYF	TRBV20-1*02	1.6e-05	0.9469952784849989
CSADASGTGGAEGYTF	TRBV20-1*01	1.6e-05	0.9236428607086458
CATSDSRGIGDTQYF	TRBV24-1*01	1.6e-05	0.598011804367941
CATSKRGVSNQPQHF	TRBV15*02	1.6e-05	0.42205435450452705
CASILTGGGYNEQFF	TRBV19*01	1.6e-05	0.4751269606043086
CASTSTGLNTGELFF	TRBV19*03	1.6e-05	0.3249302656069297
CASSPLPGRGNTIYF	TRBV18*01	1.6e-05	0.5342925986444602
CASGLNRGRKDTQYF	TRBV6-6*05	1.6e-05	0.6318536163430646
CASTPRTGSTDTQYF	TRBV2*01	1.6e-05	0.396745916070364
CASSSTAGRRSEQFF	TRBV6-5*01	1.6e-05	0.7126608022865909
CASSSGQRSNQPQHF	TRBV28*01	1.6e-05	0.15155743383666834
CASSYSTSSYNEQFF	TRBV6-7*01	1.6e-05	0.343144253069977
CASSELGAGAEKLFF	TRBV2*03	1.6e-05	0.3303715007815079
CASSLARGGQETQYF	TRBV5-6*01	1.6e-05	0.3282437895899673
CASSLGTGKNSPLHF	TRBV7-2*01	1.6e-05	0.26391052077280897
CASSLDDRESTEAFF	TRBV5-5*01	1.6e-05	0.45134674156069743
CASSLAGSGTHEQYF	TRBV11-3*01	1.6e-05	0.5429442811244105
CASSLTGDRETEAFF	TRBV7-3*01	1.6e-05	0.3022734692150252
CASSSASGGVYEQFF	TRBV7-3*01	1.6e-05	0.2703049684247657
CASSLSAGAYNEQFF	TRBV7-3*01	1.6e-05	0.25857789958852795
CASSPGLAGAYEQYF	TRBV14*01	1.6e-05	0.20760399115867953
CASSQRDRANSPLHF	TRBV14*01	1.6e-05	0.5997798713294823
CASSAYRSCSYEQYF	TRBV7-3*01	1.6e-05	0.6638259753068326
CASRTGNSYNSPLHF	TRBV11-2*01	1.6e-05	0.46631007816040165
CASSSTGPRQETQYF	TRBV5-1*01	1.6e-05	0.5306589236159035
CASSLRDRGRETQYF	TRBV4-1*01	1.6e-05	0.4725966512681903
CAWGAGHSYNEQFF	TRBV30*05	1.6e-05	0.8386735042758261
CAISDRTPNQPQHF	TRBV10-3*01	1.6e-05	0.5991434097290316
CAINTQGAVDTQYF	TRBV10-3*01	1.6e-05	0.7754361071595692
CATSDPGENEKLFF	TRBV24-1*01	1.6e-05	0.5398227211165356
CASNGGTSTDTQYF	TRBV19*01	1.6e-05	0.48837390775728895
CASSQSGQYEKLFF	TRBV18*01	1.6e-05	0.39177658340148025
CASSPTQPGEKLFF	TRBV18*01	1.6e-05	0.49058844684996367
CASGSSVSGNTIYF	TRBV28*01	1.6e-05	0.23933363442129885
CASTDRGLGDEQFF	TRBV2*01	1.6e-05	0.6159303580449722
CASTEQGAYNEQFF	TRBV6-1*01	1.6e-05	0.32207477006255913
CASSLRESSYEQYF	TRBV27*01	1.6e-05	0.2948459645689929
CASSRLAGSAEAFF	TRBV6-6*04	1.6e-05	0.45274533228949687
CASSEEGTSPKQYF	TRBV2*01	1.6e-05	0.7446974556247643
CASSFPGPKYEQYF	TRBV7-9*01	1.6e-05	0.8454821714800977
CASSLGTGGDEQYF	TRBV7-6*01	1.6e-05	0.20243712923729543
CASSSGLSNQPQHF	TRBV7-9*01	1.6e-05	0.12557518327430758
CASSHPREGSEQYF	TRBV7-2*01	1.6e-05	0.7894217766527524
CASSQERGIQPQHF	TRBV4-2*01	1.6e-05	0.44428625949130357
CASSQESLAGTQYF	TRBV3-1*01	1.6e-05	0.6333709978611972
CASSGQTTNEKLFF	TRBV6-6*05	1.6e-05	0.3683364643382374
CASNPRSSNQPQHF	TRBV6-6*04	1.6e-05	0.4072438727110337
CVIRGGASNTEAFF	TRBV20-1*01	1.6e-05	0.7072377512241267
CASSHGRTNTEAFF	TRBV10-1*01	1.6e-05	0.2546619869846454
CASSPDRVNTEAFF	TRBV5-1*01	1.6e-05	0.17717012343910693
CSALRGGTKNIQYF	TRBV20-1*01	1.6e-05	0.9739173815746738
CSASKSSEDNEQFF	TRBV20-1*02	1.6e-05	0.8909053014352109
CSARDSRSASEQYF	TRBV20-1*01	1.6e-05	0.9281303827011599
CSAFPGLAGSEQFF	TRBV20-1*01	1.6e-05	0.9733320263123022
CATRAASTDTQYF	TRBV19*01	1.6e-05	0.5409983738064922
CATSSGQSYEQYF	TRBV15*02	1.6e-05	0.1793111322062569
CASTPRAYNEQFF	TRBV19*01	1.6e-05	0.4753553611152094
CASSIDRRNEQFF	TRBV19*01	1.6e-05	0.4812667331429716
CASSLPGGTEAFF	TRBV18*01	1.6e-05	0.20510318255170218
CASTPDVNTEAFF	TRBV6-6*04	1.6e-05	0.23742311208073277
CASTAKPLGEAFF	TRBV27*01	1.6e-05	0.9373002022325451
CASSYRGAPGYTF	TRBV6-2*01	1.6e-05	0.7793683535825459
CASSPEPARELFF	TRBV6-6*04	1.6e-05	0.8610502671335426
CASSLVGSQPQHF	TRBV7-9*01	1.6e-05	0.15219081784054678
CASSSQAGDEQFF	TRBV7-9*01	1.6e-05	0.44764959518716935
CASSLQGLYEQYF	TRBV11-2*01	1.6e-05	0.1367325057482794
CASSLLGLNEQFF	TRBV11-2*01	1.6e-05	0.3295990951710477
CASSRQGASGAFF	TRBV2*01	1.6e-05	0.5402396628595703
CASRQGGADTQYF	TRBV27*01	1.6e-05	0.19840123552356545
CASSHQRAPEAFF	TRBV4-1*01	1.6e-05	0.8445764218965449
CSVPGSGRETQYF	TRBV20-1*01	1.6e-05	0.7580357124275581
CSATPGQDYEQYF	TRBV20-1*01	1.6e-05	0.7264775002409914
CASSPRRETQYF	TRBV18*01	1.6e-05	0.5180071649119852
CASSYALGPQHF	TRBV6-5*01	1.6e-05	0.3982150384842876
CASSLSLYEQYF	TRBV5-6*01	1.6e-05	0.21249319723976584
CASSYVGVAFF	TRBV6-5*01	1.6e-05	0.3902120776257704
CASRQFGEQYF	TRBV5-1*01	1.6e-05	0.4081716458679583
CSVETGYEQYF	TRBV29-1*01	1.6e-05	0.531465905904721
CASSNREQYF	TRBV28*01	1.6e-05	0.21111548172977343
CASSFSWDYEQYF	TRBV7-2*01	1.5e-05	0.3579892079621306
CASSPSEGGWYGYTF	TRBV9*01	1.5e-05	0.3991716515950356
CASQIQGKNTEAFF	TRBV27*01	1.5e-05	0.6121378974756545
CASSVGGADGYTF	TRBV9*01	1.5e-05	0.4704483941757102
CASSVLPRTGGDGYTF	TRBV9*01	1.5e-05	0.883354301704207
CSARDRRQGANYGYTF	TRBV20-1*01	1.5e-05	0.8793999161506718
CASSEAPVKATTQYF	TRBV6-1*01	1.5e-05	0.8770348624179951
CASSVEGSPREQYF	TRBV9*01	1.5e-05	0.6746878219983233
CASREGHQNTEAFF	TRBV7-2*01	1.5e-05	0.3066668644697359
CAAGTAYEQYF	TRBV10-3*01	1.5e-05	0.5028140918303154
CAISESSRPRPHRKYNEQFF	TRBV10-3*01	1.5e-05	0.9689538810066036
CASSMALRYLGTETEAFF	TRBV19*01	1.5e-05	0.9266845835698507
CASSLGPDRGSRNQPQHF	TRBV5-1*01	1.5e-05	0.6496443108076693
CASTSLGRQGDQETQYF	TRBV5-1*01	1.5e-05	0.6996314183142595
CASSSIAGSRADTQYF	TRBV28*01	1.5e-05	0.5407403263603487
CASSPRGFATNEKLFF	TRBV9*01	1.5e-05	0.638823947819856
CASSPEATGNAYEQYF	TRBV7-9*01	1.5e-05	0.4890647350127546
CASSQDRAARSYEQYF	TRBV4-1*01	1.5e-05	0.675654262206733
CASSYGAGRGETQYF	TRBV6-2*01	1.5e-05	0.509599493148791
CASSFTSGSIDEQFF	TRBV11-2*01	1.5e-05	0.7226061180532187
CASSLQGQSSYEQYF	TRBV11-2*03	1.5e-05	0.23405860619329072
CASSRETGLNSPLHF	TRBV4-1*01	1.5e-05	0.5598121879222955
CAIIAELYYNEQFF	TRBV10-3*01	1.5e-05	0.9705381513566708
CASSPMDPNNEQFF	TRBV9*01	1.5e-05	0.7703798574300229
CASNPGQGTDTQYF	TRBV28*01	1.5e-05	0.3323657398073851
CASSMGGAQGGYTF	TRBV5-1*01	1.5e-05	0.43111388204639733
CASKGRGHNEQFF	TRBV19*01	1.5e-05	0.5943797311378134
CASSSITDQPQHF	TRBV6-5*01	1.5e-05	0.18034126085590865
CSARRGPGVEQYF	TRBV20-1*01	1.5e-05	0.9610851458394467
CASSPYQRWDLAVNTGELFF	TRBV10-1*01	1.5e-05	0.8579500086063431
CASSLPHRTSGANTGELFF	TRBV6-2*01	1.5e-05	0.8066062524861938
CASSYIHFLREVGNEQFF	TRBV6-2*01	1.5e-05	0.9626879654013116
CAISERIAGANTGELFF	TRBV10-3*01	1.5e-05	0.7031531169299565
CATSDPRQGKDHGELFF	TRBV24-1*01	1.5e-05	0.7897414410598779
CATSRDRGGVTNEKLFF	TRBV15*01	1.5e-05	0.41910821481831506
CASSWGAGNEGNQPQHF	TRBV11-3*01	1.5e-05	0.34486996874293663
CASSAPGQGRNQPQHF	TRBV19*01	1.5e-05	0.34060502869073317
CASIPGASESTDTQYF	TRBV7-8*03	1.5e-05	0.749598552990469
CASSPPGNREGEKLFF	TRBV2*01	1.5e-05	0.632811728245506
CASSPWTSANTGELFF	TRBV27*01	1.5e-05	0.6569346846835001
CASSLLLRGSTDTQYF	TRBV7-3*01	1.5e-05	0.7619461461216842
CASSPRLAGVGETQYF	TRBV7-2*01	1.5e-05	0.5330806930518527
CASSLGTVWGTGEQFF	TRBV5-1*01	1.5e-05	0.8984105323209495
CASSQPGQGVRSPLHF	TRBV4-1*01	1.5e-05	0.7586870435508736
CSARDKKRTTWDTQYF	TRBV20-1*01	1.5e-05	0.9941240476313113
CAWAMTGRGNQPQHF	TRBV30*05	1.5e-05	0.6455490115582403
CATSRDYGGAAEAFF	TRBV15*01	1.5e-05	0.5047799084723178
CASSGGGTSKNIQYF	TRBV28*01	1.5e-05	0.7026599101458318
CASSPPPGLQETQYF	TRBV18*01	1.5e-05	0.6780580908750348
CASSLTTSGANVLTF	TRBV27*01	1.5e-05	0.2444591661220732
CASSYSRGTGSDYTF	TRBV6-5*01	1.5e-05	0.23502039888236956
CASSDRVADDYEQYF	TRBV6-4*01	1.5e-05	0.5496692775029192
CASSLAGQGTQPQHF	TRBV5-6*01	1.5e-05	0.4660870037660571
CASSSYRGPGTEAFF	TRBV11-2*01	1.5e-05	0.5726044363816976
CASSQERTGWGEQYF	TRBV14*01	1.5e-05	0.8630079573155272
CASNAGTSGTYEQYF	TRBV19*01	1.5e-05	0.3254639638102969
CASSPLGQSNTEAFF	TRBV4-1*01	1.5e-05	0.30635320170263136
CASSGGQWAHNEQFF	TRBV5-1*01	1.5e-05	0.8773177248128459
CSARAPGKENSPLHF	TRBV20-1*01	1.5e-05	0.9586714095564517
CASRRSGSLDEQFF	TRBV30*01	1.5e-05	0.8172968787445831
CASSIGGANAEAFF	TRBV19*01	1.5e-05	0.5296824467110772
CASSPRGQGTEAFF	TRBV18*01	1.5e-05	0.1879030094198577
CASSEGGRNTEAFF	TRBV2*01	1.5e-05	0.07542651863806549
CASSFRRGKETQYF	TRBV5-5*01	1.5e-05	0.7250800585754128
CASSLDGKNQPQHF	TRBV7-8*01	1.5e-05	0.27298473708807064
CASSYSGGSYEQYF	TRBV13*01	1.5e-05	0.11042751369458016
CASRLELAGRTQYF	TRBV27*01	1.5e-05	0.8460772864578804
CSSSGAGAEQPQHF	TRBV20-1*04	1.5e-05	0.3824673047900438
CSAALAGGPNEQFF	TRBV20-1*04	1.5e-05	0.8847292747330123
CASRYYRNTEAFF	TRBV19*03	1.5e-05	0.3741091464361804
CASSSTAGETQYF	TRBV28*01	1.5e-05	0.3184839348574429
CASSFTGPYGYTF	TRBV7-6*01	1.5e-05	0.2819904888598866
CASSSRTGYEQYF	TRBV11-2*01	1.5e-05	0.11181244729851117
CASSFGGGTEAFF	TRBV5-1*01	1.5e-05	0.09722256754068394
CSARVRLTYEQYF	TRBV20-1*01	1.5e-05	0.9543267704212792
CSGRQGLSYEQYF	TRBV20-1*01	1.5e-05	0.7888726057448319
CSVGTRSGGGYTF	TRBV29-1*01	1.5e-05	0.8737694118704227
CASSPNSYEQYF	TRBV7-9*01	1.5e-05	0.3376524538952029
CASSARQSAIYF	TRBV9*03	1.5e-05	0.5480233539411303
CSASLQGETQYF	TRBV20-1*04	1.5e-05	0.839060049362394
CSVESGTYEQYF	TRBV29-1*01	1.5e-05	0.5996133320688664
CSAFLWEKLFF	TRBV20-1*01	1.5e-05	0.953863423686999
CASSQILPDRGKSRWDTGELFF	TRBV4-1*01	1.5e-05	0.9802613122927977
CATSRDRDGGRAADTQYF	TRBV15*01	1.5e-05	0.691959887684206
CSARGGGTGGGPGGELFF	TRBV20-1*01	1.5e-05	0.9400094985294765
CATSDFGKRELGETQYF	TRBV24-1*01	1.5e-05	0.9700836930291898
CATSDLGPKSPPDTQYF	TRBV24-1*01	1.5e-05	0.9683424752106304
CASSLPQRGRGNWEQYF	TRBV7-2*01	1.5e-05	0.7030216463243016
CASSFPTSGPPFYTQYF	TRBV5-1*01	1.5e-05	0.7919278512956412
CAWSPRRGTSGYEQYF	TRBV30*01	1.5e-05	0.7898964707035996
CATSDPGTSTRWELFF	TRBV24-1*01	1.5e-05	0.9426666863038552
CASNDLGSLNTGELFF	TRBV19*01	1.5e-05	0.5839277914831544
CASSPPRRQGEETQYF	TRBV18*01	1.5e-05	0.738303596839176
CASSPRPGTGTDTQYF	TRBV18*01	1.5e-05	0.44768410402322556
CASTRGGYWNTGELFF	TRBV28*01	1.5e-05	0.8281296314117932
CASSYSWDRVYNEQFF	TRBV6-5*01	1.5e-05	0.8054367471314797
CASSVDSPPGANVLTF	TRBV28*01	1.5e-05	0.6020989241389011
CASSKTAGVHTGELFF	TRBV6-6*03	1.5e-05	0.6428915067075982
CASSLPGTGGLNEQFF	TRBV7-8*01	1.5e-05	0.4186146705086195
CASSLGAGWGSYEQYF	TRBV7-8*01	1.5e-05	0.4682245955391008
CASSLGTSGSTDTQYF	TRBV11-3*01	1.5e-05	0.1740796341457778
CASSLQGGGLEEKLFF	TRBV9*01	1.5e-05	0.23079100442625472
CASSQGLQGANSPLHF	TRBV3-1*01	1.5e-05	0.4175733617270579
CASSQDRAGGLSEQYF	TRBV4-2*01	1.5e-05	0.3885493871100308
CASSVTGTSTYNEQFF	TRBV7-2*01	1.5e-05	0.37567336157708486
CASRRGLAGFTDTQYF	TRBV9*01	1.5e-05	0.48776987931918053
CASRYRGLSSYNEQFF	TRBV28*01	1.5e-05	0.7840041309053029
CASSFLSGRNNSPLHF	TRBV5-1*01	1.5e-05	0.6427856801720968
CASSFTTGGATDTQYF	TRBV5-1*01	1.5e-05	0.3046507409699601
CSASGLAGGPHNEQFF	TRBV20-1*01	1.5e-05	0.9081713054641485
CSARVPRVTGNQPQHF	TRBV20-1*01	1.5e-05	0.9790236394992369
CSARDRASPEPDTQYF	TRBV20-1*01	1.5e-05	0.9810552260162848
CASKVLQGGTDTQYF	TRBV19*01	1.5e-05	0.4969260372088521
CASKGIGREKTEAFF	TRBV19*01	1.5e-05	0.8050866489731271
CASSPPDRVGETQYF	TRBV18*01	1.5e-05	0.6796771257359356
CASTPRDRGYNEQFF	TRBV4-2*02	1.5e-05	0.7236208229612209
CASTFRDGGYNEQFF	TRBV7-2*01	1.5e-05	0.642307131679345
CASSLWGGRGNEQFF	TRBV28*01	1.5e-05	0.7295679257424774
CASSLVLAGVNEQFF	TRBV27*01	1.5e-05	0.4853494393429875
CASSRSPSGIHEQYF	TRBV28*01	1.5e-05	0.5238577871853026
CASSEGGLYQETQYF	TRBV6-1*01	1.5e-05	0.5535130218011934
CASSEEQSGANVLTF	TRBV2*01	1.5e-05	0.2952509895565442
CASSLQGTSPNEQFF	TRBV7-2*01	1.5e-05	0.6806366019736845
CASSLAVGSGKGYDF	TRBV7-2*01	1.5e-05	0.7712802316266935
CASSLGPSEPYEQYF	TRBV7-2*01	1.5e-05	0.3910680441396459
CASSSVSDDTDTQYF	TRBV11-2*01	1.5e-05	0.35563799144255015
CASSLTPGHQNTIYF	TRBV5-8*01	1.5e-05	0.45836380875181426
CASSPGQILNTEAFF	TRBV14*01	1.5e-05	0.3654985339441028
CASSPRSGSYNEQFF	TRBV7-9*01	1.5e-05	0.24924941775534462
CASSQGDSHQETQYF	TRBV4-2*01	1.5e-05	0.5349414958317298
CASSLSGNRYNEQFF	TRBV5-1*01	1.5e-05	0.42122807318281225
CASSLVPGRKAEQYF	TRBV5-1*01	1.5e-05	0.8737458349798468
CSARDRTGALETQYF	TRBV20-1*01	1.5e-05	0.9560189180569576
CSARMALGGQETQYF	TRBV20-1*01	1.5e-05	0.9589896098149224
CSANGGRSSYNEQFF	TRBV20-1*01	1.5e-05	0.6341217234460094
CAISADGGRQPQHF	TRBV10-3*01	1.5e-05	0.5009265233402158
CATSDPRAADTQYF	TRBV24-1*01	1.5e-05	0.714129201721737
CASGGAFVGTEAFF	TRBV19*01	1.5e-05	0.6845294060242667
CASSMLGQGEGYTF	TRBV19*01	1.5e-05	0.40949357490323735
CASSGTSGNYEQYF	TRBV19*03	1.5e-05	0.12356710109017555
CASSPRTWGETQYF	TRBV6-1*01	1.5e-05	0.8584146403007168
CASILLQGPYEQYF	TRBV6-5*01	1.5e-05	0.6490410858180495
CASSYGEIVTEAFF	TRBV6-5*01	1.5e-05	0.6689843304054996
CASSLPAANTEAFF	TRBV5-6*01	1.5e-05	0.29732071313799713
CASSLNDRSYEQYF	TRBV7-6*01	1.5e-05	0.3910359948233627
CASSSGTSGTEAFF	TRBV9*01	1.5e-05	0.1091520872325224
CASSQVRLTGELFF	TRBV3-1*01	1.5e-05	0.5050560598676573
CASSVGLVEDTQYF	TRBV9*01	1.5e-05	0.5754971889912334
CASSVANRGDGYTF	TRBV9*01	1.5e-05	0.8244206718344194
CASKVVRGSDTQYF	TRBV27*01	1.5e-05	0.8426608195200403
CASSDPQSNTEAFF	TRBV10-1*01	1.5e-05	0.22252783705495457
CASSLGTSGDTQYF	TRBV5-1*01	1.5e-05	0.15511955636143965
CASSLNRMEETQYF	TRBV5-1*01	1.5e-05	0.6731967609655299
CASSPGHEETQYF	TRBV7-7*01	1.5e-05	0.542210602296534
CAWGGQGSEKLFF	TRBV30*05	1.5e-05	0.7042398478043775
CAWSTGEADTQYF	TRBV30*01	1.5e-05	0.4439519486178539
CAISLDSNYGYTF	TRBV10-3*01	1.5e-05	0.2198280733491568
CAISSREDNTQYF	TRBV10-3*01	1.5e-05	0.6483007598556071
CATASQGSYEQYF	TRBV7-9*01	1.5e-05	0.35006379613099914
CASTGGMNTEAFF	TRBV27*01	1.5e-05	0.2259251433180683
CASSRARTGELFF	TRBV6-6*04	1.5e-05	0.29697359994087286
CASSDSVVGVLTF	TRBV6-4*01	1.5e-05	0.6760711040023248
CASSERGRETQYF	TRBV6-1*01	1.5e-05	0.32488504318764516
CASSERDNTEAFF	TRBV6-4*01	1.5e-05	0.1878736876131161
CASSKQGQETQYF	TRBV6-1*01	1.5e-05	0.505987220171572
CASSSQRNWALYF	TRBV7-9*01	1.5e-05	0.9355859123794764
CASSYGQGGELFF	TRBV11-2*01	1.5e-05	0.265635298125913
CASSPSGANVLTF	TRBV27*01	1.5e-05	0.1447806894350507
CASSRQMNTEAFF	TRBV11-3*01	1.5e-05	0.24413309731529254
CASSQGTATEAFF	TRBV3-1*01	1.5e-05	0.3628672391194104
CASSGPSTDTQYF	TRBV11-3*02	1.5e-05	0.2310466867343966
CASRSSGANVLTF	TRBV28*01	1.5e-05	0.11242592769426307
CASSDPSEETQYF	TRBV10-1*01	1.5e-05	0.5145162032491001
CASSDETYNEQFF	TRBV10-1*01	1.5e-05	0.23261038799766628
CASSLGQGNEQFF	TRBV5-1*01	1.5e-05	0.1885700277034205
CASSLDPQETQYF	TRBV5-1*01	1.5e-05	0.5393877311219408
CASRHRDGYEQYF	TRBV10-2*01	1.5e-05	0.42623264243570064
CSAPPESTYEQYF	TRBV20-1*01	1.5e-05	0.9461387170917868
CSARDYGTDTQYF	TRBV20-1*01	1.5e-05	0.897046626353053
CSARYTGATEAFF	TRBV20-1*01	1.5e-05	0.9221826897685413
CAWSDGNTEAFF	TRBV30*01	1.5e-05	0.4225867915143627
CAVQGTNQPQHF	TRBV10-3*01	1.5e-05	0.15575412093756316
CASSGGHYEQYF	TRBV2*01	1.5e-05	0.266014729120652
CASSLGLTEQFF	TRBV28*01	1.5e-05	0.2245365965865985
CASNRGANEQFF	TRBV5-1*01	1.5e-05	0.3240062941581213
CSARTDQETQYF	TRBV20-1*02	1.5e-05	0.9046771640917737
CSAGVRADTQYF	TRBV20-1*01	1.5e-05	0.8989829141483694
CSAGLLNTEAFF	TRBV29-1*01	1.5e-05	0.6801563542540005
CAWSVLGLQFF	TRBV30*01	1.5e-05	0.7787932872428734
CASIQAGEAFF	TRBV6-6*03	1.5e-05	0.44952405456927935
CASSYQVEQYF	TRBV2*01	1.5e-05	0.5832401644852213
CASSATYEQYF	TRBV11-2*01	1.5e-05	0.11978581607769917
CSVENQGGYTF	TRBV29-1*01	1.5e-05	0.729243111958829
CASSRVLGQGLSGANVLTF	TRBV3-1*01	1.5e-05	0.4471812851918045
CASSLGSGRGMAYNEQFF	TRBV7-3*01	1.5e-05	0.6211046355577807
CASSPRGGLLDSYNEQFF	TRBV3-1*01	1.5e-05	0.8382008328202181
CASSQGGDITSGSYEQYF	TRBV3-1*01	1.5e-05	0.4761973333773112
CSASSRRATSPSSYEQYF	TRBV20-1*04	1.5e-05	0.929711762910817
CAISERGGLNLQETQYF	TRBV10-3*01	1.5e-05	0.9383008688398103
CASSPTNRGAPAYEQYF	TRBV18*01	1.5e-05	0.751118153143013
CASSLRIAGGPGNEQFF	TRBV7-3*01	1.5e-05	0.7583734110119835
CASSQDRSQGLDGELFF	TRBV3-1*01	1.5e-05	0.7870903803124496
CASSHGLAGSSYNEQFF	TRBV4-1*01	1.5e-05	0.5567065365582096
CASSQQPGTSDNNEQFF	TRBV4-1*01	1.5e-05	0.5938348828440912
CASSQGGGGGPYNEQFF	TRBV4-1*01	1.5e-05	0.307554391378954
CASSQDPWGISYNEQFF	TRBV4-1*01	1.5e-05	0.8632734039954978
CSATKPGGSGRAGEQFF	TRBV20-1*01	1.5e-05	0.9688361998754684
CATSSVRGLTTDTQYF	TRBV15*02	1.5e-05	0.39203142274575753
CASSEEVGGGYNEQFF	TRBV6-4*01	1.5e-05	0.23759435288018163
CASSFYDTGPDPEAFF	TRBV28*01	1.5e-05	0.9584249359605298
CASSSLAGSSYNEQFF	TRBV11-2*01	1.5e-05	0.1303613530490832
CASSPNTGTTSVHQFF	TRBV7-2*01	1.5e-05	0.6965795924644554
CASSIRTSATNEKLFF	TRBV7-9*01	1.5e-05	0.5145423810924766
CASRASSGSSYNEQFF	TRBV28*01	1.5e-05	0.29024428008964254
CASSLSTAGYTGELFF	TRBV5-1*01	1.5e-05	0.3755900873145978
CASSLYRQGVHNEQFF	TRBV5-1*01	1.5e-05	0.73438421197243
CASSSSLSGSGNTIYF	TRBV5-1*01	1.5e-05	0.22126584356578205
CASSRQGQGAQETQYF	TRBV5-1*01	1.5e-05	0.38881214474614895
CSAPRENRGSNQPQHF	TRBV20-1*01	1.5e-05	0.953808244661127
CSARSLDSGSFNEQFF	TRBV20-1*05	1.5e-05	0.9494048186938212
CSARVLAGYPYNEQFF	TRBV20-1*01	1.5e-05	0.9782267620991713
CSAPPIQGKGRYEQYF	TRBV20-1*01	1.5e-05	0.9676288531374053
CAISERDATNEKLFF	TRBV10-3*01	1.5e-05	0.7377416042376873
CATSRDPGPGNTIYF	TRBV15*01	1.5e-05	0.5113651023308269
CASSIDPDGRSEAFF	TRBV19*01	1.5e-05	0.5721757878988726
CASSPGGGLYSPLHF	TRBV18*01	1.5e-05	0.5469449225434421
CASSISGTRNYEQYF	TRBV18*01	1.5e-05	0.3882948488721983
CASSLPSGANEKLFF	TRBV28*01	1.5e-05	0.2911236930257627
CASSSGTGVEETQYF	TRBV28*01	1.5e-05	0.403727706928658
CASSPPLAGGYEQYF	TRBV28*01	1.5e-05	0.3488326013994272
CASSTRTGGKETQYF	TRBV27*01	1.5e-05	0.4611031668957856
CASSLALLSPYEQYF	TRBV7-9*01	1.5e-05	0.6217998929547084
CASSLGPGPNYEQYF	TRBV7-8*01	1.5e-05	0.2838426461675973
CASSLGDRTWSPLHF	TRBV7-9*01	1.5e-05	0.8951956530889883
CASSLGTGLPYEQYF	TRBV7-9*01	1.5e-05	0.49633054690308237
CASSLSHRETSEQYF	TRBV7-3*01	1.5e-05	0.6008510275221867
CASSPIGTAKYEQYF	TRBV5-5*02	1.5e-05	0.6600609303629972
CASSPQDGRHTEAFF	TRBV7-3*01	1.5e-05	0.6656744805428173
CASSQEHRGSGEQFF	TRBV3-1*01	1.5e-05	0.7656432611455343
CASSQEAIGAYEQYF	TRBV3-1*01	1.5e-05	0.4738728178344168
CASSVAGTGNWEQYF	TRBV9*01	1.5e-05	0.506802381312913
CASSARGWVSYEQYF	TRBV11-2*01	1.5e-05	0.765477339728557
CASSREGVGSYEQYF	TRBV9*01	1.5e-05	0.172371307790471
CASSNRDRGNYGYTF	TRBV5-6*01	1.5e-05	0.12755869551706506
CASSNQGQGPGGQYF	TRBV27*01	1.5e-05	0.6016482019448426
CADPDFGSPDYGYTF	TRBV10-1*01	1.5e-05	0.9034456570627729
CASSLLPGLNTEAFF	TRBV5-1*01	1.5e-05	0.448723546106867
CASSLEGHAGGEQYF	TRBV5-1*01	1.5e-05	0.4238977516480903
CASSPLHGSYYEQYF	TRBV5-1*01	1.5e-05	0.2868091703683392
CASSHPAWGGYEQFF	TRBV4-1*01	1.5e-05	0.9222437139764409
CASSQPRDPLKGAFF	TRBV4-1*01	1.5e-05	0.9799347428396485
CASSQGWTLGDEQYF	TRBV4-1*01	1.5e-05	0.9447066240742206
CASRTRDRSIDEQFF	TRBV5-1*01	1.5e-05	0.8496685041662774
CSAVRLAGERETQYF	TRBV20-1*01	1.5e-05	0.9670206682380335
CSAVAGGPSYNEQFF	TRBV20-1*04	1.5e-05	0.9255623163399629
CSATGEALLQETQYF	TRBV20-1*01	1.5e-05	0.9587514491328716
CAISPTGNTGELFF	TRBV10-3*01	1.5e-05	0.44360452525134514
CASITGGGRTEAFF	TRBV19*01	1.5e-05	0.35322017049604804
CASSQPAGGPSQFF	TRBV6-6*04	1.5e-05	0.7787274190350536
CASSLDSLNYEQYF	TRBV5-5*01	1.5e-05	0.18930482451367048
CASSLAKGARGYTF	TRBV7-2*04	1.5e-05	0.6060924391746658
CASSLGVAADTQYF	TRBV7-8*01	1.5e-05	0.3577003179391597
CASSSTTGNTEAFF	TRBV13*01	1.5e-05	0.09428646953536024
CASSSNLGNSPLHF	TRBV5-5*01	1.5e-05	0.2699998329619968
CASSWDREGEKLFF	TRBV7-9*01	1.5e-05	0.4858883778597476
CASSVEEGNYGYTF	TRBV9*01	1.5e-05	0.16774207744336767
CASSDGLAGETQYF	TRBV11-3*02	1.5e-05	0.36067161419542726
CASNPPTGVDEQFF	TRBV28*01	1.5e-05	0.8315027790288351
CASSLGVMGNEQFF	TRBV5-1*01	1.5e-05	0.5003002285596513
CASSSYSLNEKLFF	TRBV5-1*01	1.5e-05	0.3149214939667351
CSATSGRARETQYF	TRBV20-1*01	1.5e-05	0.9423823882371359
CSVAGAFGSTEAFF	TRBV29-1*01	1.5e-05	0.865269796940653
CSVGGRVYQETQYF	TRBV29-1*02	1.5e-05	0.9042232350078394
CAWSGSSTYGYTF	TRBV30*01	1.5e-05	0.30523475596433075
CAINGQGGYEQYF	TRBV10-3*01	1.5e-05	0.5582822997521363
CATRTGGLETQYF	TRBV19*01	1.5e-05	0.6232864137109553
CATSYHGGDGYTF	TRBV19*03	1.5e-05	0.8533804519130646
CATSDFPADTQYF	TRBV24-1*01	1.5e-05	0.8318820728675186
CASSIMPGGGYTF	TRBV19*01	1.5e-05	0.4308988449516869
CASSEDSHQPQHF	TRBV19*03	1.5e-05	0.38358162806712565
CASREEESTEAFF	TRBV19*01	1.5e-05	0.5653671511288485
CASSPPGADTQYF	TRBV18*01	1.5e-05	0.30398857953032427
CASAPQWNTEAFF	TRBV19*01	1.5e-05	0.6398528175936534
CASSEIIGQPQHF	TRBV6-1*01	1.5e-05	0.33547818378097066
CASSFLGVDEQFF	TRBV11-2*01	1.5e-05	0.5071598202632019
CASSLASSDEQFF	TRBV7-6*01	1.5e-05	0.23010555671918972
CASSLALADTQYF	TRBV7-2*01	1.5e-05	0.30373550845988045
CASSLGGFRGQYF	TRBV11-3*01	1.5e-05	0.7236036331904051
CASSSGQGLGYTF	TRBV7-3*01	1.5e-05	0.20117071406452802
CASSPHELYGYTF	TRBV7-9*04	1.5e-05	0.4674224788682216
CASSHSRGQPQHF	TRBV3-1*01	1.5e-05	0.39933547870623015
CASSQQGHSPLHF	TRBV3-2*01	1.5e-05	0.5564481857464019
CASSDGQGDTQYF	TRBV9*01	1.5e-05	0.24260240121320994
CASKREETNEQFF	TRBV9*01	1.5e-05	0.732476639963218
CASKAGKMQPQHF	TRBV28*01	1.5e-05	0.7307235651659765
CASSELSNNEQFF	TRBV10-2*01	1.5e-05	0.280419180723184
CASSFAANQPQHF	TRBV5-1*01	1.5e-05	0.21692112251626797
CASSLASLSKAFF	TRBV5-1*01	1.5e-05	0.8912099256334705
CSARDIRGNEQFF	TRBV20-1*01	1.5e-05	0.9324250722018459
CSALGTDSYEQYF	TRBV20-1*01	1.5e-05	0.7500622258043029
CSVGTSGAYEQYF	TRBV29-1*01	1.5e-05	0.5544191943254573
CATSDTDRQAFF	TRBV24-1*01	1.5e-05	0.8602287713839251
CASSLVEDEQFF	TRBV11-3*01	1.5e-05	0.38400565778136925
CASSGAVYEQYF	TRBV5-5*02	1.5e-05	0.10762113639390763
CASSDNRGEQFF	TRBV10-1*01	1.5e-05	0.38522294480145036
CASSPPSDEQYF	TRBV5-1*01	1.5e-05	0.4223344012842778
CSVETPRDGYTF	TRBV29-1*01	1.5e-05	0.9819779352375593
CASRRASEAFF	TRBV27*01	1.5e-05	0.14799824823481908
CASQAGTPQFF	TRBV2*01	1.5e-05	0.4726819166688105
CASSFGETQYF	TRBV6-8*01	1.5e-05	0.1674421169646291
CASRLSGELFF	TRBV5-1*01	1.5e-05	0.1901226379041402
CSAKWSYEQYF	TRBV29-1*02	1.5e-05	0.9200542414608426
CASSAIEQFF	TRBV6-1*01	1.5e-05	0.33621382374966585
CASSPSGTNTEAFF	TRBV18*01	1.4e-05	0.17357988449493708
CASSSPGLAGGPLTGELFF	TRBV27*01	1.4e-05	0.5686023318591003
CASSDLPGRKLMNTEAFF	TRBV6-2*01	1.4e-05	0.8070961131788449
CASSQKQGHGNTIYF	TRBV7-6*01	1.4e-05	0.3353105255760591
CASRRMGATNEKLFF	TRBV6-1*01	1.4e-05	0.6668382533920962
CASKRAGLDNEQFF	TRBV6-1*01	1.4e-05	0.8681733710352255
CASSLGTSGNEQFF	TRBV5-1*01	1.4e-05	0.19874385431288577
CAIARELYEQYF	TRBV10-3*01	1.4e-05	0.6290264255495217
CASRDTQGAFF	TRBV6-2*01	1.4e-05	0.4041920029048837
CASSLLVRARAGELFF	TRBV5-1*01	1.4e-05	0.9196376681531915
CSARENGRAGYNEQFF	TRBV20-1*01	1.4e-05	0.9736084533854545
CASSTRGLAGNEQFF	TRBV27*01	1.4e-05	0.4896315561748165
CASSPPGPGINGYTF	TRBV4-1*01	1.4e-05	0.6227493507615636
CASSPTALGEKLFF	TRBV18*01	1.4e-05	0.7018534757120017
CASWTGGGNEKLFF	TRBV27*01	1.4e-05	0.4738136177914725
CASSLQGAGYGYTF	TRBV3-1*01	1.4e-05	0.10471808050446356
CASSWKTGTSGYTF	TRBV7-3*01	1.4e-05	0.6449343315261483
CSVVDRDSYNEQFF	TRBV29-1*01	1.4e-05	0.8914224087995575
CASSDTGGWEAFF	TRBV6-1*01	1.4e-05	0.3674923968729959
CSARHFNTGELFF	TRBV20-1*02	1.4e-05	0.916419358439202
CATSRDRGSGGGETQYF	TRBV15*02	1.4e-05	0.30172193133802677
CASSPRGGPQNTGELFF	TRBV27*01	1.4e-05	0.43129314089649096
CASSTPGGGTNTYEQYF	TRBV7-9*01	1.4e-05	0.44369126651380986
CASSRDHLTGLTYEQYF	TRBV4-1*01	1.4e-05	0.682381059796183
CASNLQGPLGKNIQYF	TRBV2*01	1.4e-05	0.9606206975359273
CASSLRTGASTDTQYF	TRBV5-1*01	1.4e-05	0.3040885067004027
CAWTMGQGANEKLFF	TRBV30*01	1.4e-05	0.7626060672309791
CAIAPTDDSNQPQHF	TRBV10-3*01	1.4e-05	0.6804988738469165
CASSLGGVSGYGHTF	TRBV28*01	1.4e-05	0.718342258631522
CASSLQVGRNTEAFF	TRBV6-2*01	1.4e-05	0.5310036834695411
CASSDTGTGGSPLHF	TRBV6-4*01	1.4e-05	0.24184383141109503
CASRGGTGNTGELFF	TRBV6-1*01	1.4e-05	0.15216261044601928
CASTTGLAAYNEQFF	TRBV5-1*01	1.4e-05	0.5007220836924239
CASSYRDGATGELFF	TRBV5-1*01	1.4e-05	0.5672686836150574
CAISEDLNNEKLFF	TRBV10-3*01	1.4e-05	0.5998323795742941
CASTVPTGNTEAFF	TRBV28*01	1.4e-05	0.34853685738735657
CASSYPSGTGQAFF	TRBV6-5*01	1.4e-05	0.8112006202677782
CASSQGTSGYEQYF	TRBV3-1*01	1.4e-05	0.13859378104842338
CASSKGTANTEAFF	TRBV11-2*01	1.4e-05	0.2622057198869573
CASRSTGQGDEQFF	TRBV28*01	1.4e-05	0.4213694475187413
CASSESGRDTEAFF	TRBV10-1*01	1.4e-05	0.17461534185006045
CAWSSGVGTEAFF	TRBV30*01	1.4e-05	0.27884425027232246
CASSPGLGYEQYF	TRBV19*01	1.4e-05	0.1575809611828182
CASSFGPLKTQYF	TRBV6-5*01	1.4e-05	0.9323130993358255
CASSYSVFAPLHF	TRBV6-5*01	1.4e-05	0.8997788153531978
CASSPYQGSTQYF	TRBV27*01	1.4e-05	0.45521499706130253
CASSDGPGYGYTF	TRBV6-4*01	1.4e-05	0.2172409131806065
CASSLGAYEKLFF	TRBV7-9*01	1.4e-05	0.20476748478839146
CASSLEPAEEQFF	TRBV7-8*01	1.4e-05	0.6294210731611195
CASSDGSTDTQYF	TRBV2*01	1.4e-05	0.21512953045728245
CASTLGGTYEQYF	TRBV5-1*01	1.4e-05	0.19047010914166257
CASSSGTVYEQYF	TRBV4-1*01	1.4e-05	0.21524458628759557
CSATNRGNYGYTF	TRBV20-1*02	1.4e-05	0.6095495413302943
CAISESPGPQHF	TRBV10-3*01	1.4e-05	0.8251169709188603
CSARTANTEAFF	TRBV20-1*01	1.4e-05	0.8421345986736639
CSTETGGGKLFF	TRBV20-1*01	1.4e-05	0.6493955164605494
CAISDSYEQYF	TRBV10-3*01	1.4e-05	0.4406631827374844
CASSLESGSSGLGVADTQYF	TRBV11-3*01	1.4e-05	0.5110548727580334
CATSDLKGRTSGRTDTQYF	TRBV24-1*01	1.4e-05	0.890511509289962
CASAEDGEYFGAMNTEAFF	TRBV7-9*04	1.4e-05	0.9234340779980673
CASSPTRGLAGSLGDTQYF	TRBV28*01	1.4e-05	0.7878454102406328
CASSLAGAKIPYMNEQYF	TRBV7-2*01	1.4e-05	0.9339259066440891
CASSQDRGGGISSYEQYF	TRBV4-2*01	1.4e-05	0.34986996359131356
CASRGVAGGSISTDTQYF	TRBV6-1*01	1.4e-05	0.5669043462599702
CAASGTSGRYSSYEQYF	TRBV10-3*01	1.4e-05	0.37569777070306193
CASSYTRASGSTDTQYF	TRBV11-2*01	1.4e-05	0.6065034339454066
CASSPPGPGGRGQPQHF	TRBV18*01	1.4e-05	0.45916072603384905
CASSLSLRGSSYNEQFF	TRBV27*01	1.4e-05	0.5856326351479817
CASSQEVPGASPYEQYF	TRBV4-2*01	1.4e-05	0.5739485010286578
CASSPWDRESGTDTQYF	TRBV5-1*01	1.4e-05	0.7671199170669734
CASSRIPGAGGYNEQFF	TRBV5-1*01	1.4e-05	0.5083200701587772
CAWSDPQGANTGELFF	TRBV30*01	1.4e-05	0.7899058481555687
CATKTLDRQNTGELFF	TRBV24-1*01	1.4e-05	0.9489463902113587
CASTPSGGSLNTEAFF	TRBV19*01	1.4e-05	0.42009300031671465
CASSLRLGTSDTEAFF	TRBV28*01	1.4e-05	0.5111817325015247
CASSSPRGPREDTQYF	TRBV6-5*01	1.4e-05	0.6801856710569884
CASSSLIRVGYNEQFF	TRBV27*01	1.4e-05	0.8030400736787231
CASSLAHRTSNYGYTF	TRBV5-5*01	1.4e-05	0.5940477572771163
CASSLVAGPSNEKLFF	TRBV7-9*01	1.4e-05	0.5568605689290196
CASSLEAGGSTDTQYF	TRBV11-1*01	1.4e-05	0.18733350185996922
CASSLTPRGAGNTIYF	TRBV7-3*01	1.4e-05	0.4863358048184084
CASSRQGREGEDTQYF	TRBV4-2*01	1.4e-05	0.4388352630192317
CASSGEVGTGRNIQYF	TRBV11-3*02	1.4e-05	0.8281280704264591
CASSIRDRPMNTEAFF	TRBV5-6*01	1.4e-05	0.5489674734801036
CASSTDRWPHPYEQYF	TRBV7-9*01	1.4e-05	0.9482826946257799
CASNQAGGASYNEQFF	TRBV2*01	1.4e-05	0.37131276415587805
CASSQALLAGNYEQYF	TRBV4-1*01	1.4e-05	0.4218814949728427
CASSQDGGLGNQPQHF	TRBV4-1*01	1.4e-05	0.4085770273645222
CSVELAGGASFYEQYF	TRBV29-1*02	1.4e-05	0.8354441100091907
CASSSLTVAPYEQYF	TRBV19*01	1.4e-05	0.616282700525036
CASTTSGGGYNEQFF	TRBV6-6*01	1.4e-05	0.24216121526108075
CASSYSGVTNTEAFF	TRBV6-5*01	1.4e-05	0.22700719397400193
CASSEAPSGYNEQFF	TRBV6-1*01	1.4e-05	0.44198350973868084
CASSSQGPNTGELFF	TRBV7-3*01	1.4e-05	0.2610810256286113
CASSRGQGANYGYTF	TRBV7-9*01	1.4e-05	0.21323782614782064
CASSATSGSTDTQYF	TRBV6-4*01	1.4e-05	0.17926929673361425
CASKLLAGGYNEQFF	TRBV6-6*03	1.4e-05	0.46763786821757675
CARKPRTGIKYGYTF	TRBV19*01	1.4e-05	0.8271081878042053
CASSGGFSYNSPLHF	TRBV5-1*01	1.4e-05	0.6046499214723006
CASSLQGLRTDTQYF	TRBV5-1*01	1.4e-05	0.6195407782276294
CASSQDWGDNYGYTF	TRBV4-1*01	1.4e-05	0.452550829346649
CSAFFPGQAFYGYTF	TRBV20-1*01	1.4e-05	0.9661237369648787
CATTDRNYNSPLHF	TRBV19*01	1.4e-05	0.5395735043718799
CASSESAGYQPQHF	TRBV19*01	1.4e-05	0.32860017692382276
CASSIGLRNTEAFF	TRBV19*01	1.4e-05	0.45360340034914054
CASSPGTVDNEQFF	TRBV18*01	1.4e-05	0.626439587214447
CASSYRPINEKLFF	TRBV6-5*01	1.4e-05	0.7283296995815228
CASSPGEGRKTQYF	TRBV28*01	1.4e-05	0.8335499208204328
CASSESGRGNEQYF	TRBV2*03	1.4e-05	0.19603947299931065
CASSFQMNTGELFF	TRBV11-3*01	1.4e-05	0.18853896630535058
CASSLALGGRELFF	TRBV7-2*01	1.4e-05	0.45152492395970617
CASSSQGLPNEAFF	TRBV7-3*01	1.4e-05	0.5300860022972964
CASSLVSQNNEQFF	TRBV5-1*01	1.4e-05	0.5586320445920047
CASSLKTSGETQYF	TRBV5-1*01	1.4e-05	0.5412165137873395
CSARMQRGTDTQYF	TRBV20-1*02	1.4e-05	0.9616996530677933
CSARDRANNEKLFF	TRBV20-1*01	1.4e-05	0.8349836321716646
CSARVGGNTGELFF	TRBV20-1*01	1.4e-05	0.8510494705826229
CATSVSALGAQHF	TRBV15*02	1.4e-05	0.9272497800383742
CASGETHTDTQYF	TRBV19*01	1.4e-05	0.6889800761485432
CASSILAGVEQYF	TRBV19*01	1.4e-05	0.5120483145344338
CASGRVGGETQYF	TRBV28*01	1.4e-05	0.5588778618458007
CASSYRHNTEAFF	TRBV6-2*01	1.4e-05	0.22869752007440156
CASSLVKSDTQYF	TRBV7-2*04	1.4e-05	0.6538969446256431
CASNLQGRSEAFF	TRBV11-2*01	1.4e-05	0.7333008234222519
CASAPGQNYGYTF	TRBV5-1*02	1.4e-05	0.2699508815471711
CASSLNSGREQYF	TRBV5-1*01	1.4e-05	0.3040999219993077
CASSRAGNYGYTF	TRBV5-1*01	1.4e-05	0.12338317155638252
CASRLAGANEQYF	TRBV10-2*01	1.4e-05	0.409928973411492
CSARPRVNTEAFF	TRBV20-1*01	1.4e-05	0.880410185893581
CSAKGGNQETQYF	TRBV20-1*01	1.4e-05	0.965328373984831
CSAPRTNTGELFF	TRBV20-1*01	1.4e-05	0.8303784681511067
CSATARASYEQYF	TRBV20-1*01	1.4e-05	0.8705159961563758
CSVSDRAGNTIYF	TRBV29-1*01	1.4e-05	0.6927944479327106
CSVVTVSNNEQFF	TRBV29-1*01	1.4e-05	0.9328027295485093
CSARQAEGQPQHF	TRBV29-1*01	1.4e-05	0.9469406802792661
CASSYDRTEAFF	TRBV6-5*01	1.4e-05	0.1501241784534396
CASSLVPGELFF	TRBV7-9*01	1.4e-05	0.39026482445715044
CASSLAPGWQYF	TRBV7-2*01	1.4e-05	0.6231842572829056
CSVGTPGNEQFF	TRBV29-1*01	1.4e-05	0.9015291335827282
CSGVGSGELFF	TRBV29-1*01	1.4e-05	0.5727774580242975
CASSQGYGTSGRVGDTQYF	TRBV4-2*01	1.4e-05	0.8032080736639063
CASRTGWLAGVSGYNEQFF	TRBV7-2*01	1.4e-05	0.8247191162151037
CSARIPTTNTRVVAYEQYF	TRBV20-1*01	1.4e-05	0.9740294320220989
CASSIVVGQGASTGELFF	TRBV19*01	1.4e-05	0.6719215651113167
CASSYSRISPRLNTEAFF	TRBV6-5*01	1.4e-05	0.8812075978087762
CASSARLAGGPKTGELFF	TRBV28*01	1.4e-05	0.7533653104984419
CASSPAGREEFYTDTQYF	TRBV7-9*04	1.4e-05	0.8318056181992546
CASSLSTDVVSSERVPFF	TRBV5-1*01	1.4e-05	0.9654481257744587
CAISDPGTATLQETQYF	TRBV10-3*01	1.4e-05	0.9625923597224777
CASSPIGRPATNEKLFF	TRBV18*01	1.4e-05	0.6332808749393832
CASSLLVGVSSSYEQYF	TRBV28*01	1.4e-05	0.34712549684752914
CASSYRSLRDNQETQYF	TRBV6-5*01	1.4e-05	0.9628926334204501
CASSETGGTGPRDTQYF	TRBV2*01	1.4e-05	0.616526067412016
CASSLTVAGGITGELFF	TRBV7-3*01	1.4e-05	0.4872724310186889
CASSQDRRQGSNEKLFF	TRBV3-1*01	1.4e-05	0.582248092299678
CASSLAVGQEVTGELFF	TRBV5-1*01	1.4e-05	0.44227974616805626
CASSYRQQGRLDTEAFF	TRBV5-1*01	1.4e-05	0.7696508748006725
CASRVVSGRTNTGELFF	TRBV10-2*01	1.4e-05	0.5401438679021979
CAWSVRAFSGANVLTF	TRBV30*01	1.4e-05	0.8704761904947341
CATSSPELSSYNEQFF	TRBV15*02	1.4e-05	0.639017408579133
CASGLPGLAGGGEQFF	TRBV7-3*01	1.4e-05	0.7806358970407146
CASSSPAGTTNEKLFF	TRBV6-2*01	1.4e-05	0.3707887583232798
CASSRWRDSGANVLTF	TRBV5-6*01	1.4e-05	0.7036854487467934
CASSLSPKTVWNEQFF	TRBV7-9*01	1.4e-05	0.9245735644953025
CASSLVYSPTRVEQFF	TRBV7-9*01	1.4e-05	0.9147407344842085
CASSLAPAGGPNEQFF	TRBV7-9*01	1.4e-05	0.7587618079554915
CASSLASMLAKNIQYF	TRBV7-2*01	1.4e-05	0.7155687812491328
CASSLAGRAYQETQYF	TRBV6-6*05	1.4e-05	0.6450802406632044
CASSLGTSGVSYEQYF	TRBV7-9*01	1.4e-05	0.18110428550233537
CASSLNDRFPSGELFF	TRBV28*01	1.4e-05	0.9456429046135318
CASSPLRGRQWTEAFF	TRBV28*01	1.4e-05	0.7819254970759583
CASSPVLLAGKYEQYF	TRBV4-2*01	1.4e-05	0.5422605126754209
CASSQLTSGGTGELFF	TRBV3-1*01	1.4e-05	0.4415712585521381
CASSQGTSGSTDTQYF	TRBV11-3*01	1.4e-05	0.191092236600279
CASSQDGDGGNEKLFF	TRBV4-2*01	1.4e-05	0.27695461807508337
CASSVTSGSNTGELFF	TRBV5-1*01	1.4e-05	0.2535147616301318
CASSGTGGPYNSPLHF	TRBV5-1*01	1.4e-05	0.48077325201172016
CASKRTGGQSTYEQYF	TRBV10-2*01	1.4e-05	0.5027382547085855
CAISELQGANSPLHF	TRBV10-3*01	1.4e-05	0.6216330912983821
CATSRDGTTNEKLFF	TRBV15*01	1.4e-05	0.48717060715465865
CASSIGSGSSYEQYF	TRBV19*01	1.4e-05	0.16246201503460408
CASSPGQISSYEQYF	TRBV18*01	1.4e-05	0.3514637296980261
CASQLGTSGAYEQYF	TRBV2*01	1.4e-05	0.28466549661191687
CASSYGGGAFYGYTF	TRBV6-5*01	1.4e-05	0.6098323275709092
CASSDGTSTADTQYF	TRBV6-4*01	1.4e-05	0.5777555361164934
CASSEDRGGQETQYF	TRBV2*01	1.4e-05	0.3055319816374992
CASSEMTPTKNIQYF	TRBV6-1*01	1.4e-05	0.9407375600953422
CASSLLETGDNEQFF	TRBV7-2*01	1.4e-05	0.5072574696224917
CASSLGLGETSPLHF	TRBV7-9*01	1.4e-05	0.5184859358944732
CASSLGGGYNQPQHF	TRBV7-9*01	1.4e-05	0.20346101730305588
CASSSRQGVHYEQYF	TRBV11-3*01	1.4e-05	0.46729761995653807
CASSLTSGTYNEQFF	TRBV9*01	1.4e-05	0.1782622420524846
CASSPRTGLSYEQYF	TRBV28*01	1.4e-05	0.507909781677886
CASSQLAGGPGEQYF	TRBV3-1*01	1.4e-05	0.34650175015645773
CASSQDLIGGNEQFF	TRBV3-1*01	1.4e-05	0.7225345943784911
CASSVGGTTDGELFF	TRBV9*01	1.4e-05	0.6462629058196762
CASSSGTSRSGELFF	TRBV5-1*01	1.4e-05	0.4942434738582784
CASSLSSGRATTQYF	TRBV5-1*01	1.4e-05	0.5714138244142885
CASSQSGFGGNIQYF	TRBV4-1*01	1.4e-05	0.5531661815143328
CASSQRQEYNSPLHF	TRBV4-1*01	1.4e-05	0.6760856061112969
CASSTGTGNTDTQYF	TRBV5-1*01	1.4e-05	0.18926015247746894
CASRTTASSSYEQYF	TRBV4-1*01	1.4e-05	0.34177448952327233
CASKDSQTPLTTIYF	TRBV10-2*01	1.4e-05	0.8729644657821216
CSARKTDRFNQPQHF	TRBV20-1*01	1.4e-05	0.9749238078227312
CSALLGGGRPSEQYF	TRBV20-1*01	1.4e-05	0.972357215962888
CASSTRGPGNTIYF	TRBV19*01	1.4e-05	0.23570603994658257
CASSPFAFSDTQYF	TRBV18*01	1.4e-05	0.8590886519791667
CASSPLAVGDTQYF	TRBV18*01	1.4e-05	0.5923330270158866
CASSFWLSGNTIYF	TRBV28*01	1.4e-05	0.6468095004243163
CASSFRDRVYEQYF	TRBV27*01	1.4e-05	0.5620348058636095
CASSSRGLLYEQYF	TRBV7-6*01	1.4e-05	0.352544991738708
CASSWRDRPEKLFF	TRBV3-1*01	1.4e-05	0.6232386049145641
CASSYAGTLEKLFF	TRBV6-5*01	1.4e-05	0.5290681246835979
CASSEFKNTGELFF	TRBV2*03	1.4e-05	0.5259445211698153
CASSTGAGSYEQYF	TRBV28*01	1.4e-05	0.1681981510577924
CASSFTGMGEKLFF	TRBV2*01	1.4e-05	0.5658302888118919
CASSLGLSTDTQYF	TRBV11-2*01	1.4e-05	0.14821789021060575
CASSLSFLAGKQYF	TRBV11-2*01	1.4e-05	0.7142174617431858
CASSLVSENTEAFF	TRBV7-9*01	1.4e-05	0.2587500065403212
CASSLNGGGDEQFF	TRBV11-2*01	1.4e-05	0.3722471572958664
CASSWDRNTGELFF	TRBV3-1*01	1.4e-05	0.2648898222627303
CASSQDRVISPLHF	TRBV11-2*01	1.4e-05	0.8817352129928069
CASSQELRGTEAFF	TRBV3-1*01	1.4e-05	0.602045594898137
CASSVRVIGEKLFF	TRBV7-2*01	1.4e-05	0.605495826498586
CASSGDLNTGELFF	TRBV9*01	1.4e-05	0.2457048492263591
CASSLTGGHTEAFF	TRBV5-1*01	1.4e-05	0.21671909910278714
CASSRQGMNTEAFF	TRBV5-1*01	1.4e-05	0.11843532146098132
CASSHTGSYNEQFF	TRBV5-1*01	1.4e-05	0.23386559347185523
CSARYGTGIQPQHF	TRBV20-1*05	1.4e-05	0.9212682938282294
CSAVREGRLFEQYF	TRBV20-1*04	1.4e-05	0.9783979038332522
CSVTVSLNTGELFF	TRBV29-1*01	1.4e-05	0.9077371108739573
CATSDGDREWMFF	TRBV24-1*01	1.4e-05	0.8431487571668099
CATSARENTEAFF	TRBV15*02	1.4e-05	0.2831928925477667
CASSIFSADTQYF	TRBV19*01	1.4e-05	0.6844385515206655
CASSLVGVTEAFF	TRBV5-5*01	1.4e-05	0.16664427883771565
CASSLEPGQPQHF	TRBV5-5*01	1.4e-05	0.2951084439032885
CASSPTGGTEAFF	TRBV7-9*04	1.4e-05	0.14789660289095774
CASSPMSGNTIYF	TRBV7-9*01	1.4e-05	0.24785419582372756
CASSQGMVNEQFF	TRBV7-9*01	1.4e-05	0.6186638536879336
CASSQGWEETQYF	TRBV4-2*01	1.4e-05	0.6181244211447546
CASSQDYQETQYF	TRBV14*01	1.4e-05	0.5325279993094468
CASRPLGGYEQFF	TRBV6-1*01	1.4e-05	0.49403376511505337
CASRGKGKETQYF	TRBV28*01	1.4e-05	0.5379364458735731
CASRPLVDGELFF	TRBV2*01	1.4e-05	0.8526554848446574
CASKGVRPGEQFF	TRBV2*01	1.4e-05	0.8798143011555599
CASTTGGNQPQHF	TRBV10-1*01	1.4e-05	0.12172260609690748
CASSLVRYNEQFF	TRBV5-1*01	1.4e-05	0.4181295984755621
CASSPQGGNEQFF	TRBV5-1*01	1.4e-05	0.3356417233820011
CSARTGTGYEQYF	TRBV20-1*01	1.4e-05	0.8334523803143591
CSAPQGGDNEQFF	TRBV20-1*01	1.4e-05	0.8042152092225939
CSARPGLAETQYF	TRBV20-1*01	1.4e-05	0.9405827059332028
CSGTSGSRDTQYF	TRBV20-1*01	1.4e-05	0.690259272342914
CSSQGTGVSEQFF	TRBV29-1*01	1.4e-05	0.8358857965914624
CSVGPFDRNEQFF	TRBV29-1*01	1.4e-05	0.9783256059610642
CATSTSGNTIYF	TRBV15*02	1.4e-05	0.22242209356523987
CASSPSTDTQYF	TRBV2*01	1.4e-05	0.20783260482686025
CASSLPVVEQYF	TRBV5-5*01	1.4e-05	0.727942693400761
CSARGLDYEQFF	TRBV20-1*01	1.4e-05	0.7870362376564194
CASSGEYGGFF	TRBV28*01	1.4e-05	0.6270978779747871
CASSSQETQYF	TRBV2*01	1.4e-05	0.2261412191962795
CSARDREREFF	TRBV20-1*01	1.4e-05	0.9838275495530082
CASSLLQAFF	TRBV7-9*01	1.4e-05	0.467161392651338
CASSDNKGLGRSNQPQHF	TRBV2*01	1.3e-05	0.7146713274172618
CASSYSFGDQPQHF	TRBV6-5*01	1.3e-05	0.3499643448306175
CASSLEGQAYEQYF	TRBV13*01	1.3e-05	0.2964352442501281
CSVARAHEQYF	TRBV29-1*01	1.3e-05	0.876911725223147
CASSEYVGPGTEAFF	TRBV2*03	1.3e-05	0.7988385003229324
CASSLDVGGGSPLHF	TRBV5-1*01	1.3e-05	0.31647976796779653
CASSPTGDNQPQHF	TRBV7-9*01	1.3e-05	0.12328855047292074
CASTPPGGETQYF	TRBV6-1*01	1.3e-05	0.5476290740836287
CASSLDQGTGAFF	TRBV11-2*01	1.3e-05	0.4539487417630081
CSAFPGVNSPLHF	TRBV20-1*01	1.3e-05	0.928559198255626
CASSRNEQFF	TRBV6-6*04	1.3e-05	0.19151464219756376
CASRLGQGLPGGSYEQYF	TRBV7-2*01	1.3e-05	0.6469069884586499
CASSPEGGGSSGNEQFF	TRBV27*01	1.3e-05	0.4578223943514874
CASSPDSGRAPAGELFF	TRBV6-6*05	1.3e-05	0.902478197988734
CASSGASSGTSSYEQYF	TRBV3-1*01	1.3e-05	0.1655754241152991
CASSGGTGNSNQPQHF	TRBV19*01	1.3e-05	0.20929943419214858
CASSFGLMDWEKEDFF	TRBV28*01	1.3e-05	0.9241083182771472
CASSLSRQGSEETQYF	TRBV2*01	1.3e-05	0.3369265291977694
CASSLNPATTNEKLFF	TRBV5-1*01	1.3e-05	0.6170639013184612
CATSEGQGASYEQYF	TRBV24-1*01	1.3e-05	0.26679025035711795
CASSYRAGLNNEQFF	TRBV19*03	1.3e-05	0.7422485164435736
CASSIGAAEGTEAFF	TRBV19*03	1.3e-05	0.5849306355234212
CASSIVGGSNQPQHF	TRBV19*01	1.3e-05	0.18049382362650043
CASSLTVAANEKLFF	TRBV6-6*04	1.3e-05	0.37552817808077404
CASSLWTGPNTEAFF	TRBV5-1*01	1.3e-05	0.6765166249300038
CASSELAGGPVEQYF	TRBV5-1*01	1.3e-05	0.5648083857229538
CASTQGDSPEKLFF	TRBV7-9*05	1.3e-05	0.5820112638267045
CSALPGQGNTEAFF	TRBV20-1*01	1.3e-05	0.8547848290063168
CSAQLADSYNEQFF	TRBV20-1*01	1.3e-05	0.8957354266852485
CASSQELAREQYF	TRBV4-2*01	1.3e-05	0.7095500699068912
CASSMVGGRAFF	TRBV19*01	1.3e-05	0.7642099164579608
CASRSLGETQYF	TRBV11-3*01	1.3e-05	0.4221029156240024
CASSQDKKDRGAPPVGYTF	TRBV4-2*01	1.3e-05	0.9601397871070914
CASSVFDWLVLAISYEQYF	TRBV9*01	1.3e-05	0.777845198137343
CASTITSGGLAGVGEQYF	TRBV19*01	1.3e-05	0.7673608838577559
CASSQDWAGTGGYEQYF	TRBV3-1*01	1.3e-05	0.5410369596991195
CASSVRPSDLSYNEQFF	TRBV9*01	1.3e-05	0.7454509054009958
CASSPSTRDSQETQYF	TRBV19*03	1.3e-05	0.7271020228048934
CASSPLTTEGHLSAFF	TRBV18*01	1.3e-05	0.9280130533800266
CASSGRGQASSYEQYF	TRBV2*01	1.3e-05	0.30780076714069066
CASSDNGQGIGYGYTF	TRBV2*01	1.3e-05	0.4009141677048369
CASSEPTGLSGNTIYF	TRBV2*01	1.3e-05	0.5262544901390784
CASSFRVTGPPYEQYF	TRBV11-2*01	1.3e-05	0.6499951927833002
CASSPPGRGVNEKLFF	TRBV3-1*01	1.3e-05	0.5635576023335165
CASRGPSGSLRGEQFF	TRBV11-2*01	1.3e-05	0.9499505302638669
CASSLGAGGYLAEAFF	TRBV5-1*01	1.3e-05	0.43511128556529366
CAISEGQGMNTEAFF	TRBV10-3*01	1.3e-05	0.40292046521750696
CASTQSGGRGEKLFF	TRBV19*01	1.3e-05	0.43654460523230826
CASSPLGGRSEKLFF	TRBV18*01	1.3e-05	0.40595803544155323
CASALGDRPAGGAFF	TRBV11-2*01	1.3e-05	0.9423220579536903
CASSLSGAGRYEQYF	TRBV28*01	1.3e-05	0.2621061986328362
CASSEADSRNYGYTF	TRBV2*01	1.3e-05	0.2404029815200061
CASSQEAAAGNTIYF	TRBV3-1*01	1.3e-05	0.3450697619917616
CASSAGLAEYNEQFF	TRBV7-3*01	1.3e-05	0.38522728546310625
CASSATGDPNSPLHF	TRBV9*03	1.3e-05	0.4491176087363963
CASSLGRPSTDTQYF	TRBV5-1*01	1.3e-05	0.3918448666970307
CATSDYTGTDTQYF	TRBV24-1*01	1.3e-05	0.6482668513857763
CASTLLGMNTEAFF	TRBV27*01	1.3e-05	0.45786028861568634
CASSLAGFTYEQYF	TRBV19*01	1.3e-05	0.3194072825690567
CASSTGQVATEAFF	TRBV19*03	1.3e-05	0.4747841926585254
CASSRAWGNQPQHF	TRBV19*01	1.3e-05	0.350209267471757
CASSKDRYTDTQYF	TRBV19*01	1.3e-05	0.5185175296031175
CASFSVRSGTEAFF	TRBV18*01	1.3e-05	0.6105320322531299
CASTPGGKSGELFF	TRBV11-3*01	1.3e-05	0.7353079036872431
CASSFEGAGEKLFF	TRBV28*01	1.3e-05	0.4377842699588039
CASSLDFLTGELFF	TRBV11-2*01	1.3e-05	0.2962745585532187
CASSLIGQGYEQYF	TRBV5-6*01	1.3e-05	0.21132902881580692
CASSLAGGSYEQYF	TRBV7-6*01	1.3e-05	0.09551730852383175
CASSSRDRNTEAFF	TRBV7-9*01	1.3e-05	0.2300640398655741
CASSQSRGGNEQFF	TRBV16*01	1.3e-05	0.33395576296881935
CASRLGTGGDTQYF	TRBV27*01	1.3e-05	0.2585282632540686
CAVDQGGSTEAFF	TRBV10-3*01	1.3e-05	0.15218232748642674
CAIRSGGEGEQYF	TRBV10-3*01	1.3e-05	0.5791933282752604
CATRALVDSPLHF	TRBV10-3*01	1.3e-05	0.9138395128245114
CASSGRVITEAFF	TRBV19*03	1.3e-05	0.42479771398588956
CASMRQGWYEQYF	TRBV27*01	1.3e-05	0.8406284069185471
CASSYRGSNGYTF	TRBV27*01	1.3e-05	0.4993925991662059
CASSLRWNTEAFF	TRBV13*01	1.3e-05	0.35245967836665154
CASSQSGPDTQYF	TRBV3-1*01	1.3e-05	0.25019687736861196
CASMRRARETQYF	TRBV5-1*01	1.3e-05	0.8867041119177301
CASSFQGEETQYF	TRBV5-1*01	1.3e-05	0.42032600077670773
CASSGIPYEQYF	TRBV19*01	1.3e-05	0.2514845287576562
CASSFGKETQYF	TRBV28*01	1.3e-05	0.3378830245573332
CASSRHTDTQYF	TRBV27*01	1.3e-05	0.35666366265185434
CASSFGRSEAFF	TRBV11-2*01	1.3e-05	0.1184970448817172
CASSQGFLGYTF	TRBV3-1*01	1.3e-05	0.4182752021247762
CASSQTGGVAFF	TRBV4-2*01	1.3e-05	0.44569080143678186
CASSGTTDTQYF	TRBV10-1*01	1.3e-05	0.16550751308581324
CASSATSEGGGQAGNQPQHF	TRBV5-1*01	1.3e-05	0.31749856452001723
CASSQDRPANFANTGELFF	TRBV4-1*01	1.3e-05	0.7217012481095334
CSALTPPPDNDYSNQPQHF	TRBV20-1*01	1.3e-05	0.9834355637687369
CAWSVWTSGTPGADTQYF	TRBV30*01	1.3e-05	0.8821140536794868
CASSLVGGLAGIGNEQFF	TRBV28*01	1.3e-05	0.775835269177426
CASSLVSLRTSGTGTQYF	TRBV11-2*01	1.3e-05	0.9195740364660718
CASSLAREGGASNQPQHF	TRBV7-8*01	1.3e-05	0.41261783628328674
CASSDGGSWPSSGNTIYF	TRBV10-2*01	1.3e-05	0.68927326901512
CASSGLRGRGVNQPQHF	TRBV19*03	1.3e-05	0.394192899747001
CASSRSPPTGGNYEQYF	TRBV28*01	1.3e-05	0.46697414095926226
CASSRTGGAPGANVLTF	TRBV2*02	1.3e-05	0.43563516081642
CASSPFDRLSYNSPLHF	TRBV28*01	1.3e-05	0.7458749185526998
CASSPKTGLSSYNEQFF	TRBV7-3*01	1.3e-05	0.6503509816148306
CASRWDPAGSYNSPLHF	TRBV6-2*01	1.3e-05	0.8512181869064311
CASSHYAIGQGTDTQYF	TRBV5-1*01	1.3e-05	0.7973079195348003
CASSQVLGARNNSPLHF	TRBV4-1*01	1.3e-05	0.7918303458330965
CSARGITGASSTDTQYF	TRBV20-1*01	1.3e-05	0.9280539126748019
CAWRVPGTDGTGELFF	TRBV30*01	1.3e-05	0.9432638029923875
CAISAQGRGTGNTIYF	TRBV10-3*01	1.3e-05	0.5583048106830736
CATSDGKAVAKNIQYF	TRBV24-1*01	1.3e-05	0.8830682891648857
CASTQDRGISTDTQYF	TRBV6-6*03	1.3e-05	0.7659029874534001
CASSLVSVGPSYEQYF	TRBV7-2*01	1.3e-05	0.3842886820517545
CASSPGQFGVKNIQYF	TRBV11-3*01	1.3e-05	0.8122488910916925
CASSPTLTGGTGELFF	TRBV7-3*01	1.3e-05	0.41836141083949535
CASSQEPGESTDTQYF	TRBV4-2*01	1.3e-05	0.5267901097274881
CASSETSGRGIDTQYF	TRBV7-3*01	1.3e-05	0.47780014394102877
CASSLLGGQNNSPLHF	TRBV5-1*01	1.3e-05	0.32915074379881815
CASSLAGPGFGNTIYF	TRBV5-1*01	1.3e-05	0.4110236269880477
CASSLTSGKIQDTQYF	TRBV4-1*01	1.3e-05	0.641996270850513
CASSRVLAGSSYEQYF	TRBV4-1*01	1.3e-05	0.316569231219615
CASSLEYLAGGTQYF	TRBV7-7*01	1.3e-05	0.7183217327230762
CAWSQGISGGETQYF	TRBV30*01	1.3e-05	0.7419031191804236
CAISESRANTGELFF	TRBV10-3*01	1.3e-05	0.2830227329661295
CATGWRARSNEKLFF	TRBV15*02	1.3e-05	0.9111842998248698
CATSRDPGGIGEAFF	TRBV15*01	1.3e-05	0.7331164402984215
CASTLLAGDGDTQYF	TRBV19*03	1.3e-05	0.64199517490127
CASTIAHLTYNEQFF	TRBV19*01	1.3e-05	0.9082231079444032
CASGRTQNSADTQYF	TRBV2*01	1.3e-05	0.6368007977260068
CASIGPAPNTGELFF	TRBV28*01	1.3e-05	0.74735465207399
CASSLTSVGNYGYTF	TRBV12-3*01	1.3e-05	0.33570572267420934
CASSYSTGGVDTQYF	TRBV6-5*01	1.3e-05	0.3244185370927352
CASSYGGGATYEQYF	TRBV6-5*01	1.3e-05	0.2304324899384986
CASSPAGGVSTEAFF	TRBV28*01	1.3e-05	0.22456275112478466
CASSVEGRGDSPLHF	TRBV2*01	1.3e-05	0.3726184235230028
CASSDSWGRRNEQFF	TRBV6-4*01	1.3e-05	0.7837303692145603
CASSSNPGRNYEQYF	TRBV7-2*01	1.3e-05	0.3120798644937026
CASSSRSGQNQPQHF	TRBV7-2*01	1.3e-05	0.18601151518467648
CASSPHDGAWADYTF	TRBV7-9*01	1.3e-05	0.8020586073374418
CASSQDRGPYNEQFF	TRBV3-1*01	1.3e-05	0.3599544977782303
CASSQYSGGVEKLFF	TRBV3-1*01	1.3e-05	0.34245059414244383
CASSEAQGYNEKLFF	TRBV7-3*01	1.3e-05	0.27313042834746615
CASSSQGQGATEAFF	TRBV7-2*01	1.3e-05	0.2598050510441311
CASRGGLAGDNEQFF	TRBV5-4*01	1.3e-05	0.5813536980267703
CASNLRYSGANVLTF	TRBV6-5*01	1.3e-05	0.39205069381027163
CASSHLGNFDSPLHF	TRBV4-1*01	1.3e-05	0.7976890446134453
CASSQARESSYEQYF	TRBV4-1*01	1.3e-05	0.37872462902899995
CASSQDHEGLGGYTF	TRBV4-1*01	1.3e-05	0.8385672985342058
CASSGPGHTTDTQYF	TRBV5-1*01	1.3e-05	0.6928351293914057
CSAWDPFSSYNEQFF	TRBV20-1*01	1.3e-05	0.9820783251816535
CSAPQPGQGAYEQYF	TRBV20-1*01	1.3e-05	0.8405205588851669
CSARDWGQGANEQYF	TRBV20-1*01	1.3e-05	0.9026470687689759
CSARRYREPNTEAFF	TRBV20-1*01	1.3e-05	0.9815837434953698
CSAKTSGRTTGELFF	TRBV20-1*04	1.3e-05	0.9378753500437348
CAWARHVTNEKLFF	TRBV30*05	1.3e-05	0.7492137188551704
CASSEQGAFNEQFF	TRBV19*01	1.3e-05	0.6418805304157246
CASIEGGTYNEQFF	TRBV28*01	1.3e-05	0.455356231574995
CASSSFTSTDTQYF	TRBV6-5*01	1.3e-05	0.36860577831377483
CASSLLSGANVLTF	TRBV2*01	1.3e-05	0.19690783531757955
CASSLITRAEKLFF	TRBV6-6*04	1.3e-05	0.6810559025114187
CASSGTSGSNEQFF	TRBV6-4*01	1.3e-05	0.21695301740507358
CASSFRDRDYEQYF	TRBV11-1*01	1.3e-05	0.3982192450256801
CASSLFSSYTEAFF	TRBV11-1*01	1.3e-05	0.37185538065878354
CASSSSGSKETQYF	TRBV14*02	1.3e-05	0.4188127245162709
CASSSTTVSYEQYF	TRBV9*01	1.3e-05	0.3884112858018866
CASSPPTTGGPLHF	TRBV11-2*01	1.3e-05	0.65182097108342
CASSRALAKNIQYF	TRBV2*01	1.3e-05	0.6750114725416688
CASRLTGESGEQFF	TRBV2*01	1.3e-05	0.6992866719032413
CASSLSPGEREQYF	TRBV5-1*01	1.3e-05	0.6884444397909242
CASSLALAYNEQFF	TRBV5-1*01	1.3e-05	0.20014822247732478
CASSSPGQGEKLFF	TRBV5-1*01	1.3e-05	0.39029929779153727
CASSLGQGGQPQHF	TRBV5-1*01	1.3e-05	0.09423096213292796
CASSPAGVKDEQFF	TRBV5-1*01	1.3e-05	0.7855129929668457
CASSQASGSREQFF	TRBV5-1*01	1.3e-05	0.5458753368563527
CSAPGLVLLNEQFF	TRBV20-1*01	1.3e-05	0.9833569504374179
CSARWRRPYNEQFF	TRBV20-1*01	1.3e-05	0.9859148288541265
CSVCEEGGKTEAFF	TRBV29-1*01	1.3e-05	0.7935241247130642
CSVGTHNSNQPQHF	TRBV29-1*01	1.3e-05	0.7680036317216392
CAWRLTENTEAFF	TRBV30*01	1.3e-05	0.8084035202244073
CATEQGIGYGYTF	TRBV19*01	1.3e-05	0.401892083283309
CASRGDSPYEQYF	TRBV19*01	1.3e-05	0.46456652495203143
CASSLDRAYGYTF	TRBV18*01	1.3e-05	0.21076285596664784
CASSLFRTDTQYF	TRBV28*01	1.3e-05	0.45941832437399394
CASSLGEPGELFF	TRBV28*01	1.3e-05	0.4603563369775699
CASSYSPGQPQHF	TRBV6-5*01	1.3e-05	0.17769604998659214
CASSYQEGRPQHF	TRBV6-5*01	1.3e-05	0.444232800052934
CASSPGGESEAFF	TRBV7-3*01	1.3e-05	0.2176876776023393
CASSDQSLNTIYF	TRBV9*01	1.3e-05	0.39369293184687837
CASSLDSRQPQHF	TRBV7-3*01	1.3e-05	0.24179384644707674
CASSSGQFSGYTF	TRBV5-5*01	1.3e-05	0.4864272114607711
CASSSIGRYTQYF	TRBV7-9*01	1.3e-05	0.207049366477133
CASSLPQGYGYTF	TRBV9*01	1.3e-05	0.19252467597404796
CASSGGVDSPLHF	TRBV9*01	1.3e-05	0.2090029536681264
CASRRTGDTEAFF	TRBV4-1*01	1.3e-05	0.12922985365542447
CSAREGANTEAFF	TRBV20-1*01	1.3e-05	0.6889756440832453
CSAPDSSTDTQYF	TRBV20-1*01	1.3e-05	0.784132694988366
CSVRDSLNEKLFF	TRBV29-1*01	1.3e-05	0.8830552898173663
CSIDGVPGYGYTF	TRBV29-1*01	1.3e-05	0.8495576191765688
CATTGGTTEAFF	TRBV10-3*01	1.3e-05	0.2524248500614298
CASSLGPDTQYF	TRBV7-2*01	1.3e-05	0.19245572725626778
CASSPSTDTQYF	TRBV11-2*01	1.3e-05	0.20783260482686025
CASSGRVYEQYF	TRBV7-9*04	1.3e-05	0.18741543743913305
CASRQGFLPLHF	TRBV27*01	1.3e-05	0.945946084876756
CASRTANTEAFF	TRBV27*01	1.3e-05	0.11515309419164595
CASRERTDTQYF	TRBV28*01	1.3e-05	0.2545642958214845
CASRTDSYGYTF	TRBV10-2*01	1.3e-05	0.14710663366408988
CSASLYTDTQYF	TRBV20-1*04	1.3e-05	0.7645045256737771
CSASCSRETQYF	TRBV20-1*05	1.3e-05	0.9380391649647906
CASSLDGQGSNEKLFF	TRBV11-3*01	1.2e-05	0.2652539591201206
CASSLTSRNEQYF	TRBV7-3*01	1.2e-05	0.4132611228338847
CASSSLGLAGTDTQYF	TRBV11-3*01	1.2e-05	0.2080072357793514
CSVAFLPGQGDYEQYF	TRBV29-1*01	1.2e-05	0.9124780777892738
CASRPRGNYEQYF	TRBV14*01	1.2e-05	0.3493065921443943
CATSAYTHIPGLADYNEQFF	TRBV24-1*01	1.2e-05	0.9508468632183906
CASSPPTGASGPRYNEQFF	TRBV9*01	1.2e-05	0.5836063720538046
CASSLALRGKTQNTEAFF	TRBV7-2*01	1.2e-05	0.870280801063547
CASSQSSSGRAGNEQFF	TRBV3-1*01	1.2e-05	0.5772067725232746
CASRDRGGSGLHNEQFF	TRBV28*01	1.2e-05	0.5525073167505072
CASSPYSGRSTGELFF	TRBV7-8*03	1.2e-05	0.6812070166837904
CASSWDAGVIAYEQYF	TRBV5-1*01	1.2e-05	0.8560446397891499
CATSDPGSPFTEAFF	TRBV24-1*01	1.2e-05	0.8724132299298738
CASSLGPGQDGELFF	TRBV7-9*01	1.2e-05	0.528273511735388
CASSLGGLPYNEQFF	TRBV7-3*01	1.2e-05	0.4882931650943615
CASSQDEWASYEQYF	TRBV4-1*01	1.2e-05	0.6910669760061807
CATSRALAKNIQYF	TRBV2*01	1.2e-05	0.703690544323558
CASSMDGLNEKLFF	TRBV19*01	1.2e-05	0.4125133447809011
CASILEGGVNIQYF	TRBV2*01	1.2e-05	0.8545559594723618
CASSLRGEDEKLFF	TRBV28*01	1.2e-05	0.38941944774169684
CASSYGTLQETQYF	TRBV6-5*01	1.2e-05	0.791775124303123
CASSRRGGGEKLFF	TRBV7-9*01	1.2e-05	0.2147059105355838
CASSEGLNNSPLHF	TRBV2*01	1.2e-05	0.21831244656024937
CASNSGTGVSPLHF	TRBV5-5*01	1.2e-05	0.5585994039512072
CSASDGTGGYEQYF	TRBV20-1*01	1.2e-05	0.5683246057865886
CATRDGVSYEQYF	TRBV24-1*01	1.2e-05	0.6074864369135569
CASSTTNQETQYF	TRBV6-6*03	1.2e-05	0.4904980961886895
CASSRTAGNTIYF	TRBV11-3*01	1.2e-05	0.2560883656529888
CASSEGVWDEQFF	TRBV9*01	1.2e-05	0.604118746286568
CASRPRGDQPQHF	TRBV6-1*01	1.2e-05	0.24780121928979718
CSALAEWYGYTF	TRBV20-1*01	1.2e-05	0.9689926518165609
CASSYSSEAFF	TRBV6-5*01	1.2e-05	0.13976205564794741
CASSSSTPTSGGKADTQYF	TRBV27*01	1.2e-05	0.7226377659832482
CASSQVSGQGSHNEQFF	TRBV4-2*01	1.2e-05	0.5113868877212452
CASSDTPGTGVFSPLHF	TRBV5-5*02	1.2e-05	0.8269150116364961
CASSPLPPGGKETQYF	TRBV18*01	1.2e-05	0.8783890655272018
CASIHPSGRALNEQFF	TRBV6-2*01	1.2e-05	0.9323822156870663
CASTLRGAPSRNGYTF	TRBV6-1*01	1.2e-05	0.9083843898573106
CASSSFPRGPQETQYF	TRBV7-2*01	1.2e-05	0.7001550471485536
CASSPSSGGGAGELFF	TRBV7-3*01	1.2e-05	0.2897278885424956
CASSPRSGIVDTEAFF	TRBV9*01	1.2e-05	0.7016616493684332
CASSYTIAGASDEQFF	TRBV5-1*01	1.2e-05	0.7643274170824462
CASSQEPPAGRYEQYF	TRBV4-1*01	1.2e-05	0.8735375163408283
CAWSEAAGTYNEQFF	TRBV30*01	1.2e-05	0.7507341193623972
CASSPPSGGTDTQYF	TRBV18*01	1.2e-05	0.36997394168578135
CASTTTAVSTDTQYF	TRBV7-9*05	1.2e-05	0.8113282064032615
CASSELPATNEKLFF	TRBV6-1*01	1.2e-05	0.5013533611327403
CASSQGGLSSYEQYF	TRBV14*01	1.2e-05	0.202409395590599
CASSSLAGGPNEQFF	TRBV5-1*01	1.2e-05	0.37301732941371696
CAWTLAGGLNEQFF	TRBV30*01	1.2e-05	0.839736245805647
CASSRAEGGNEQFF	TRBV19*01	1.2e-05	0.3388290303082989
CASSPPIPGNTIYF	TRBV18*01	1.2e-05	0.5986999844069613
CASGTPDRQETQYF	TRBV28*01	1.2e-05	0.7944900468491121
CASSLRRGDETQYF	TRBV27*01	1.2e-05	0.5171984098293098
CASSEWRMLNEQFF	TRBV6-1*01	1.2e-05	0.9390103882389018
CASRPRGLDNEQFF	TRBV11-1*01	1.2e-05	0.8582989965740379
CASRRGGGTDTQYF	TRBV6-1*01	1.2e-05	0.16193073038771652
CSARGTSVAYEQYF	TRBV20-1*01	1.2e-05	0.9326211207714978
CAWSGGTGVKLFF	TRBV30*01	1.2e-05	0.7913844729316221
CASSITGQETQYF	TRBV19*01	1.2e-05	0.36109524668304865
CASGETTNEKLFF	TRBV2*01	1.2e-05	0.506574408274023
CASSLKTNYEQYF	TRBV27*01	1.2e-05	0.38491210214887966
CASSQEPGAAYTF	TRBV14*01	1.2e-05	0.5407704228477788
CASSKARGEKLFF	TRBV6-6*05	1.2e-05	0.46825230003605517
CASREVVGQPQHF	TRBV10-2*01	1.2e-05	0.33587424977401636
CSARHQTVYEQYF	TRBV20-1*01	1.2e-05	0.9729382879328982
CSVGTAGNQPQHF	TRBV29-1*01	1.2e-05	0.5745478781659621
CASSSPLRGQYF	TRBV7-2*01	1.2e-05	0.8933272196778677
CSVSKEAGELFF	TRBV29-1*01	1.2e-05	0.8598894478401075
CASSHGPPTRPPANTGELFF	TRBV27*01	1.2e-05	0.9620525847075242
CATSRAGFRGPLLNYGYTF	TRBV15*01	1.2e-05	0.8269477170802392
CASSLARLAGGRSKGELFF	TRBV7-2*01	1.2e-05	0.8589619008651546
CASSPLQAPGSGANVLTF	TRBV18*01	1.2e-05	0.7747955995071134
CASSPGWAGNPRLGEQFF	TRBV18*01	1.2e-05	0.9594171931826445
CASSPGTGVAGGVNEQFF	TRBV7-3*01	1.2e-05	0.6205739975638187
CSASDASGSLMGTDTQYF	TRBV20-1*01	1.2e-05	0.7976137745534527
CATSRLRFRGDVNEQFF	TRBV19*01	1.2e-05	0.9090213326112235
CATSRASGLRTNTEAFF	TRBV15*01	1.2e-05	0.680745036317988
CASSLGRTSISTDTQYF	TRBV28*01	1.2e-05	0.7486354162886527
CASSPNLGTVSYNEQFF	TRBV28*01	1.2e-05	0.7731379667425331
CASSGQGAQSVKNIQYF	TRBV6-1*01	1.2e-05	0.7411674681570236
CASSPTLRPSSYNEQFF	TRBV13*01	1.2e-05	0.879790802854113
CASRRAGSDSGANVLTF	TRBV28*01	1.2e-05	0.31040106552642827
CSARVRLEREENNEQFF	TRBV20-1*01	1.2e-05	0.9926408757523151
CSARDPSGGGSTDTQYF	TRBV20-1*01	1.2e-05	0.9145977659461393
CASSFAGLAGDYEQFF	TRBV28*01	1.2e-05	0.3905913048134106
CASSPREYRGQTEAFF	TRBV28*01	1.2e-05	0.8167721011567979
CASSLATGTGSYGYTF	TRBV5-4*01	1.2e-05	0.1679703322429003
CASSLQQRVNTGELFF	TRBV7-9*01	1.2e-05	0.482587583045772
CASSQDLGTVREKLFF	TRBV3-1*01	1.2e-05	0.9486955400309368
CASSPGSGRAIGELFF	TRBV5-1*01	1.2e-05	0.7162087600316828
CSARDQGLAVFYEQYF	TRBV20-1*01	1.2e-05	0.9414478872311761
CASSEARRRNTEAFF	TRBV2*01	1.2e-05	0.4296759806450372
CASSFIRDRIYEQYF	TRBV5-8*01	1.2e-05	0.6840456476684527
CASSLLRDSNQPQHF	TRBV5-6*01	1.2e-05	0.46822896992033725
CASSLSGFGNSPLHF	TRBV7-2*01	1.2e-05	0.2649390363541416
CASSSWTGSREKLFF	TRBV9*01	1.2e-05	0.539565519246617
CASSWGASNTGELFF	TRBV7-8*01	1.2e-05	0.45640269335615236
CASSYGTSPSNEQFF	TRBV7-9*01	1.2e-05	0.9044630186931968
CASSLRQGQYNEQFF	TRBV7-3*01	1.2e-05	0.32120712746677144
CASSHLGQGAYEQYF	TRBV3-1*01	1.2e-05	0.3258597786927191
CASSASTGWNYGYTF	TRBV9*03	1.2e-05	0.5113779926149106
CASSDNSGSTDTQYF	TRBV7-3*01	1.2e-05	0.23529241738888163
CASSTVGVRTGELFF	TRBV9*01	1.2e-05	0.6035109092284741
CASSESLAGQETQYF	TRBV10-1*01	1.2e-05	0.4194188432594251
CASSLSASGANEQFF	TRBV5-1*01	1.2e-05	0.2844281252694701
CASSLGGTSGYEQYF	TRBV5-1*01	1.2e-05	0.12826440918176896
CASSLKGTGFTEAFF	TRBV5-1*01	1.2e-05	0.5694047805649305
CASSPPERSTDTQYF	TRBV4-1*01	1.2e-05	0.6169230128617036
CSARPPAQGSYEQYF	TRBV20-1*05	1.2e-05	0.9597481057706198
CSARDLIQGIYEQYF	TRBV20-1*01	1.2e-05	0.9377659340665112
CSAPDSEVAKNIQYF	TRBV20-1*01	1.2e-05	0.9804660584028705
CSVRGGAYSGNTIYF	TRBV29-1*01	1.2e-05	0.573776766871795
CASAGSGSAETQYF	TRBV10-3*01	1.2e-05	0.4094524915210726
CAISSGTGTYEQYF	TRBV10-3*01	1.2e-05	0.23887252427618633
CAISESGEVQPQHF	TRBV10-3*01	1.2e-05	0.5032442837130034
CASSIQQMNTEAFF	TRBV19*01	1.2e-05	0.30231078086535257
CASSPTPMQETQYF	TRBV18*01	1.2e-05	0.7602850198111761
CASSPQGGDEKLFF	TRBV18*01	1.2e-05	0.37186049019050454
CASGGGGNQETQYF	TRBV11-2*01	1.2e-05	0.6580827043341242
CASSFWADRDAEYF	TRBV27*01	1.2e-05	0.99325255658646
CASSYRAGADTQYF	TRBV6-5*01	1.2e-05	0.3771234537712005
CASSYTFFPGELFF	TRBV6-2*01	1.2e-05	0.9744628584625936
CASSTGQKQETQYF	TRBV6-7*01	1.2e-05	0.6148826370488202
CASSLAGANTEAFF	TRBV7-9*01	1.2e-05	0.08358507924917202
CASSLTELNTEAFF	TRBV3-1*01	1.2e-05	0.29207955167052
CASSQALAGSEQYF	TRBV4-2*01	1.2e-05	0.43085927838983434
CASSQDTLNTEAFF	TRBV3-1*01	1.2e-05	0.1700550864307277
CASSQTGTPETQYF	TRBV3-1*01	1.2e-05	0.6338459993216207
CASSVEGRQGTQYF	TRBV9*01	1.2e-05	0.45492110989523127
CASSPPTPEEKLFF	TRBV5-1*01	1.2e-05	0.5703270720874533
CASSPGLVNNEQFF	TRBV4-1*01	1.2e-05	0.42251658937294717
CASSQPATGNEQYF	TRBV4-1*01	1.2e-05	0.49129989273454167
CSASTGGWGGELFF	TRBV20-1*01	1.2e-05	0.8697530309593574
CSAPQGFGNQPQHF	TRBV20-1*01	1.2e-05	0.8252612984643389
CSASRLAGHNEQFF	TRBV20-1*04	1.2e-05	0.871240240681341
CSARPDAPNNEQFF	TRBV20-1*01	1.2e-05	0.9516389072336996
CSARDRSWTNEQFF	TRBV20-1*01	1.2e-05	0.9655571408160407
CSVRPGGAGTEAFF	TRBV29-1*01	1.2e-05	0.7358739162476141
CARFGTGNYEQYF	TRBV3-1*01	1.2e-05	0.45506478670038136
CATSDGFLNEQFF	TRBV24-1*01	1.2e-05	0.7564852616229836
CATSRDRRAGYTF	TRBV15*01	1.2e-05	0.6128857872428327
CASSFSQAKGHTF	TRBV12-4*02	1.2e-05	0.7674379548239252
CASSEHGSNEQFF	TRBV6-4*01	1.2e-05	0.3379643172925337
CASSLGQPYGYTF	TRBV7-9*01	1.2e-05	0.14968689712457972
CASSSRTDAGAFF	TRBV9*03	1.2e-05	0.8308108243440919
CASSSGQANGYTF	TRBV3-1*01	1.2e-05	0.3438711397571716
CASSISTFNEQFF	TRBV7-9*01	1.2e-05	0.690523078456663
CASSKQGGEKLFF	TRBV7-2*01	1.2e-05	0.2019115968390658
CASNTGFGETQYF	TRBV28*01	1.2e-05	0.5845626864083191
CASSLQGIDEQFF	TRBV5-1*01	1.2e-05	0.38665931930249214
CASSSLQGREQFF	TRBV5-1*01	1.2e-05	0.5181138110323523
CASSIGTQHEQFF	TRBV5-1*01	1.2e-05	0.7075137866148291
CASSTGLPDEQFF	TRBV5-1*01	1.2e-05	0.6587993956204797
CSARGVSTDTQYF	TRBV20-1*01	1.2e-05	0.9047268468903509
CSAPTGINEKLFF	TRBV20-1*01	1.2e-05	0.7902060015567678
CSVVDSLNTEAFF	TRBV29-1*01	1.2e-05	0.8556908565404066
CATQGASDTQYF	TRBV24-1*01	1.2e-05	0.5448338224783755
CASSLRGRGYTF	TRBV5-6*01	1.2e-05	0.2258113561593283
CASSLRANEQFF	TRBV2*01	1.2e-05	0.34132312717135904
CASRTPHGELFF	TRBV27*01	1.2e-05	0.6483525098591946
CSLWATNEKLFF	TRBV20-1*01	1.2e-05	0.8836542185460547
CSVQPTGTEQYF	TRBV29-1*01	1.2e-05	0.8038527722895132
CASKLSYEQFF	TRBV7-2*01	1.2e-05	0.39135183084196
CASSLGEIPPNNEQFF	TRBV28*01	1.1e-05	0.9142950551321507
CASSPGGGGYYGYTF	TRBV4-1*01	1.1e-05	0.19003104313237718
CASSQENRDTYEQYF	TRBV4-1*01	1.1e-05	0.26359898108430674
CASSALAGGMNTGELFF	TRBV7-9*04	1.1e-05	0.2717666067254885
CASSSPDRLIGNTIYF	TRBV7-9*01	1.1e-05	0.5042342946932282
CASSLQGRQNTEAFF	TRBV7-3*01	1.1e-05	0.2274227102221958
CASSTAGTNRNEQFF	TRBV7-3*01	1.1e-05	0.5621458571517965
CAGSSDRGPYGYTF	TRBV27*01	1.1e-05	0.24564767565238751
CASSFGGTRQPQHF	TRBV3-1*01	1.1e-05	0.5378361923700862
CASSFGAPADTQYF	TRBV5-1*01	1.1e-05	0.651239044104878
CSVATGSLYGYTF	TRBV29-1*01	1.1e-05	0.816023408773566
CASSDLRKTQYF	TRBV11-3*02	1.1e-05	0.8304306806348297
CASSPPSNRQTVEKLFF	TRBV18*01	1.1e-05	0.7954027621230483
CASTRQRFSSSNQPQHF	TRBV6-4*01	1.1e-05	0.7486040089879878
CASSPLRDRGSNTEAFF	TRBV3-1*01	1.1e-05	0.8046148861249053
CASSISGSRVTGELFF	TRBV19*01	1.1e-05	0.5125567023633878
CASSIQGPLGSYEQYF	TRBV19*01	1.1e-05	0.8074786968543909
CASSIRAGQMNTEAFF	TRBV19*01	1.1e-05	0.4049607669527654
CASSPFVQSGSNEQFF	TRBV18*01	1.1e-05	0.8190155852501806
CASSLLSGVSAQGQYF	TRBV7-8*01	1.1e-05	0.850253933538288
CASSLTRAANTGELFF	TRBV5-1*01	1.1e-05	0.4376569932869645
CASSQVDHDITDTQYF	TRBV4-1*01	1.1e-05	0.7656924977017062
CASSPASGRGDTQYF	TRBV18*01	1.1e-05	0.36471249603334277
CASSDSPDRGQEAFF	TRBV6-4*01	1.1e-05	0.555073275175172
CASSLEREVLYEQYF	TRBV11-2*01	1.1e-05	0.5407170090568799
CASSGLLINTDTQYF	TRBV10-2*01	1.1e-05	0.3772426815225105
CASSYRAANTGELFF	TRBV5-1*01	1.1e-05	0.4409137469612904
CASSDSDGTGELFF	TRBV6-4*01	1.1e-05	0.15025493613943247
CASSLGGGLQPQHF	TRBV7-2*01	1.1e-05	0.20406253711943936
CAVLEDNRYTQYF	TRBV28*01	1.1e-05	0.5252429958893676
CASSLSLLEGYTF	TRBV19*01	1.1e-05	0.5791155251091853
CASSVRDLNIQYF	TRBV2*01	1.1e-05	0.6692126087930331
CASSVAGANVLTF	TRBV11-2*01	1.1e-05	0.13834044911011306
CASSHPISYEQYF	TRBV4-1*01	1.1e-05	0.40721231946235215
CSARGRGSYEQYF	TRBV20-1*01	1.1e-05	0.7314057406677473
CASRDTDTQYF	TRBV6-1*01	1.1e-05	0.15191855128886858
CSVDTGELFF	TRBV29-1*01	1.1e-05	0.3984430561126162
CASSLVGKGGPVSWRGEDTQYF	TRBV5-1*01	1.1e-05	0.9810728984818695
CASSLASTARIFGYSNQPQHF	TRBV7-6*01	1.1e-05	0.7928126185560234
CASIPRLAGPNPLNTEAFF	TRBV27*01	1.1e-05	0.9482989684054948
CASSSRGRPSSGPYNEQFF	TRBV6-5*01	1.1e-05	0.6718601222151416
CASSQGRQGVLSGANVLTF	TRBV3-1*01	1.1e-05	0.7039452212005054
CASSELLTSGRSLSYEQYF	TRBV5-1*01	1.1e-05	0.659128577202942
CATSDLQSERGDTDTQYF	TRBV24-1*01	1.1e-05	0.8364449796785848
CASSPGGGQGTAKNIQYF	TRBV6-6*03	1.1e-05	0.8318607817366086
CASSQDKARVAGDTEQFF	TRBV4-2*01	1.1e-05	0.8647945161504348
CASRMGLAGHLPEETQYF	TRBV5-1*01	1.1e-05	0.8923929676168064
CSAEGTSGTRGYQETQYF	TRBV20-1*01	1.1e-05	0.9534264551300308
CATSRASSGLAKNIQYF	TRBV15*01	1.1e-05	0.7131127693913434
CASSTLSSGDGYNEQFF	TRBV18*01	1.1e-05	0.41173874930269444
CASSELSLAISNQPQHF	TRBV2*01	1.1e-05	0.6538620465419861
CASSLLLSGRPVNEQFF	TRBV7-8*01	1.1e-05	0.8162660368781551
CASSPRTGGFMNTEAFF	TRBV11-3*02	1.1e-05	0.35448748582323963
CASSRLDEGGMEETQYF	TRBV11-2*01	1.1e-05	0.8289375236296163
CASSVSTGPSTNEKLFF	TRBV9*01	1.1e-05	0.39425849136580116
CASSLASRARGAYEQYF	TRBV5-1*01	1.1e-05	0.5835756066009078
CASSSNAGTGLYYEQYF	TRBV5-1*01	1.1e-05	0.6671382244829306
CSASRSGGKEGTGELFF	TRBV20-1*04	1.1e-05	0.852636912702968
CSVAFGQTLWVINEQFF	TRBV29-1*01	1.1e-05	0.9884354097086184
CATSDGGLGTQETQYF	TRBV24-1*01	1.1e-05	0.7763130135342969
CATSRGTAAQGSEQYF	TRBV15*01	1.1e-05	0.627115049819178
CASSAQQGSGANVLTF	TRBV18*01	1.1e-05	0.1372549583265219
CASSSNRDRVNEKLFF	TRBV2*02	1.1e-05	0.48203739144180957
CASSPLGGRDYNEQFF	TRBV28*01	1.1e-05	0.40534533848846205
CASSLSSGGANTEAFF	TRBV7-3*01	1.1e-05	0.10925395007217945
CASSLGLALAKNIQYF	TRBV3-1*01	1.1e-05	0.7087826286327777
CASKTGTSGPQETQYF	TRBV2*01	1.1e-05	0.5903974878459088
CAIRQGTTGANVLTF	TRBV15*02	1.1e-05	0.4883117664580449
CAINPSASSYNEQFF	TRBV10-3*01	1.1e-05	0.6213075777304768
CATSRAPGKQETQYF	TRBV15*01	1.1e-05	0.5724541256375356
CASSTSRLTDEKLFF	TRBV19*01	1.1e-05	0.6306584447145918
CASSPPLGPGTEAFF	TRBV18*01	1.1e-05	0.7683011133935362
CASQPQWGVDTEAFF	TRBV6-1*01	1.1e-05	0.8181501671573056
CASSRDLSSGNTIYF	TRBV6-6*04	1.1e-05	0.29648886294031535
CASSHGQGYRNEQFF	TRBV3-1*01	1.1e-05	0.8187254349667475
CASSDLPGGLYEQYF	TRBV2*03	1.1e-05	0.37045254540043443
CASSDSAGESNEQFF	TRBV6-4*01	1.1e-05	0.209863116521344
CASSDGGRNTGELFF	TRBV6-4*01	1.1e-05	0.21080394561909527
CASSEAPDLSGEQYF	TRBV2*01	1.1e-05	0.5778781902040478
CASSLEDRALYEQYF	TRBV5-5*01	1.1e-05	0.5561679113895935
CASSLAGAGEYEQYF	TRBV7-9*01	1.1e-05	0.1661015343812867
CASSLGDGGQETQYF	TRBV7-3*01	1.1e-05	0.3856397668119404
CASSQIGLATRGYTF	TRBV7-9*01	1.1e-05	0.8975298151141083
CASSQFGTENTEAFF	TRBV3-1*01	1.1e-05	0.4987223138903811
CASSQSGTVYNEQFF	TRBV14*01	1.1e-05	0.5317307699600433
CASSTGTPGEETQYF	TRBV7-3*01	1.1e-05	0.556821429385432
CASSQGRTGNYEQYF	TRBV4-1*01	1.1e-05	0.20972511442263625
CASSQEAASTDTQYF	TRBV4-1*01	1.1e-05	0.4228940626261806
CSARRPAEITDTQYF	TRBV20-1*01	1.1e-05	0.9810101390297196
CATTEGGGYNEQFF	TRBV24-1*01	1.1e-05	0.38803814938148107
CASSPRIAGDEQYF	TRBV19*01	1.1e-05	0.5771448059251155
CASTDGQGGTEAFF	TRBV27*01	1.1e-05	0.2356583464233706
CASSVTAPLGKLFF	TRBV2*01	1.1e-05	0.9726737074868712
CASSLANGHYGYTF	TRBV7-9*01	1.1e-05	0.36721352029974713
CASSVEGESYEQYF	TRBV9*01	1.1e-05	0.1987775710734323
CASSLTGIGETQYF	TRBV5-1*01	1.1e-05	0.55596508170295
CASSYLSQTGELFF	TRBV4-1*01	1.1e-05	0.7109534295657401
CSASRQGGIFALHF	TRBV20-1*04	1.1e-05	0.9269613177583833
CSARTGEGNNEQFF	TRBV20-1*02	1.1e-05	0.9482082552374872
CSAREDTVPYEQYF	TRBV20-1*01	1.1e-05	0.953260692229678
CASSSDREVRAFF	TRBV19*03	1.1e-05	0.9680523828366459
CASMLFSTDTQYF	TRBV7-9*01	1.1e-05	0.8102200221954845
CASTSGGGDEQYF	TRBV5-5*01	1.1e-05	0.29756799524120603
CASSLNNNYGYTF	TRBV5-5*01	1.1e-05	0.17798399257069622
CASSSPGAGTQYF	TRBV7-2*01	1.1e-05	0.4419025627730376
CASSPLSGYGYTF	TRBV7-6*01	1.1e-05	0.23312810724950178
CASSRVETQPQHF	TRBV2*01	1.1e-05	0.6438396269186
CASRRGGEETQYF	TRBV2*01	1.1e-05	0.3737515934735093
CASSGDSTAGYTF	TRBV5-1*01	1.1e-05	0.5085812277877151
CASSHAGSGELFF	TRBV4-1*01	1.1e-05	0.331614469502429
CASSHTVTDTQYF	TRBV5-1*01	1.1e-05	0.7666186085519842
CSAENRARNGYTF	TRBV20-1*01	1.1e-05	0.9374893291172931
CAWTGGTDTQYF	TRBV30*01	1.1e-05	0.5740054381461205
CASSLEGREQYF	TRBV7-9*01	1.1e-05	0.23195378480167206
CASRPRRTEAFF	TRBV28*01	1.1e-05	0.4903452179708928
CSGTSDPYEQYF	TRBV20-1*01	1.1e-05	0.6236770793972938
CSARGPRAGSYEQYF	TRBV20-1*01	1e-05	0.9125539246326473
CASSESATNEKLFF	TRBV10-1*01	1e-05	0.3392647639206006
CATSDLLRGSYEQYF	TRBV24-1*01	1e-05	0.7900196983502559
CASSLVVGSSYEQYF	TRBV5-1*01	1e-05	0.31653520057374285
CASSLGVNEKLFF	TRBV7-2*01	1e-05	0.17191632055395062
CASSLLRGRGRDTDTQYF	TRBV27*01	1e-05	0.4473664472657583
CASSEAAGHLNTEAFF	TRBV6-1*01	1e-05	0.4656835419546801
CASSYRDYGLEQFF	TRBV28*01	1e-05	0.7596250119596166
CASSLAQGSEAFF	TRBV5-1*01	1e-05	0.16083436086192876
CSARYLGEEYF	TRBV20-1*05	1e-05	0.973992858758535
CASSYYIIQGITYNEQFF	TRBV4-1*01	1e-05	0.8707657731344879
CASSYTGTGVVTGELFF	TRBV6-5*01	1e-05	0.48914668600267946
CASSEPGLAGGTGELFF	TRBV11-2*01	1e-05	0.40682442677277014
CASSQILSGGGGREQYF	TRBV4-1*01	1e-05	0.6461638381682708
CASSPPGPTGQETQYF	TRBV28*01	1e-05	0.6552422276215512
CASRGLTGGSYNEQFF	TRBV6-6*04	1e-05	0.2686656927725738
CASSPPGQGDEKLFF	TRBV6-6*03	1e-05	0.47024773924567687
CASSETGKGNEKLFF	TRBV6-1*01	1e-05	0.3743078944988099
CATSLRGRFETQYF	TRBV19*01	1e-05	0.8574390988729934
CASRSDRGNTEAFF	TRBV28*01	1e-05	0.17851095434528383
CASRAGGRVEQFF	TRBV6-6*05	1e-05	0.6235580776987496
CASSPGRYNEQFF	TRBV5-1*01	1e-05	0.2570900997047255
CSGDFSSTDTQYF	TRBV20-1*01	1e-05	0.7800175906025297
CASDSSANEQFF	TRBV7-9*01	1e-05	0.25884659646623087
CASSQDERALHF	TRBV14*01	1e-05	0.4953805777537262
CASRGSQETQYF	TRBV6-1*01	1e-05	0.38303117950743165
CSARDPSGRSAFSYNEQFF	TRBV20-1*01	1e-05	0.9779208567848452
CASSLGRPGQRAGNTIYF	TRBV7-9*01	1e-05	0.5420767159460379
CASSLIPREHSGGETQYF	TRBV7-2*01	1e-05	0.8306862866340438
CASSPGQPGLAGSYEQYF	TRBV7-2*01	1e-05	0.4078862832355884
CASSPYIFLATSTDTQYF	TRBV4-2*01	1e-05	0.8632538165916553
CASSSPPKGTAGQPQHF	TRBV19*01	1e-05	0.7391421502008639
CASSMGDHRSGANVLTF	TRBV6-2*01	1e-05	0.5025042235073398
CASSQLGEAFSYNEQFF	TRBV4-1*01	1e-05	0.7207253721134017
CAWRGYYTINTGELFF	TRBV30*01	1e-05	0.9484396652410332
CASSIVGTGPRGTQYF	TRBV19*01	1e-05	0.8450547817697242
CASSIREDRNTGELFF	TRBV19*01	1e-05	0.6354661759430181
CASSYSGRLTYNEQFF	TRBV6-5*01	1e-05	0.6757355162031469
CASSLVSELMNTEAFF	TRBV5-8*01	1e-05	0.22156427848470828
CASSSRAGISNYGYTF	TRBV7-9*01	1e-05	0.32278586253035774
CASSVVPLAQYNEQFF	TRBV9*01	1e-05	0.7099858180686015
CASRGALAGALETQYF	TRBV6-1*01	1e-05	0.4528761953659061
CASTPQGATNTGELFF	TRBV5-1*01	1e-05	0.5460286453771447
CASSLGPGSNTGELFF	TRBV5-1*01	1e-05	0.27929349993783487
CASSLGLIDTQETQYF	TRBV5-1*01	1e-05	0.5421739956351915
CASSPRSPSSYNEQFF	TRBV5-1*01	1e-05	0.5943321576028876
CASSQDRSGVYNEQFF	TRBV4-1*01	1e-05	0.40766554807705035
CASSKAGGDYNEQFF	TRBV4-2*02	1e-05	0.2677925018940265
CASTLPLAEYNEQFF	TRBV7-8*03	1e-05	0.7869263231653145
CASSLTLGGTDTQYF	TRBV6-5*01	1e-05	0.40255062079059767
CASSVLGSSYNEQFF	TRBV6-5*01	1e-05	0.174549462447457
CASSATGRNNEKLFF	TRBV9*03	1e-05	0.3636199358852122
CATSLTGSTDTQYF	TRBV24-1*01	1e-05	0.2955218061882675
CASRLAAAKNIQYF	TRBV6-1*01	1e-05	0.7793046583597155
CASSPTSHGEKLFF	TRBV18*01	1e-05	0.6894861379972888
CASSQDRGGEKLFF	TRBV18*01	1e-05	0.2134636669301816
CASSSGLSGTEAFF	TRBV6-5*01	1e-05	0.12479173398821326
CASSFRGFGNTIYF	TRBV5-8*01	1e-05	0.39007466993577117
CASSHQTSTDTQYF	TRBV3-1*01	1e-05	0.5143772356480745
CASSVATGTGGYTF	TRBV13*02	1e-05	0.3479257055962701
CASSVDHSGNTIYF	TRBV9*01	1e-05	0.3342115418614273
CARTYKTLKETQYF	TRBV2*01	1e-05	0.9718915578002781
CASSLGAGAYEQYF	TRBV5-1*01	1e-05	0.15352125504522682
CASSGTLPRDTQYF	TRBV5-1*01	1e-05	0.7795557751494097
CASRFLAGSYEQYF	TRBV5-1*01	1e-05	0.45357324912519187
CASRWDREANEQFF	TRBV4-1*01	1e-05	0.6898814391578195
CASRRTGANTEAFF	TRBV4-1*01	1e-05	0.1663631319998366
CASRELAGGLEQYF	TRBV5-1*01	1e-05	0.39026018649086874
CSAPPGVPNTEAFF	TRBV20-1*01	1e-05	0.954589598985685
CASSGDKNTEAFF	TRBV18*01	1e-05	0.19272199057285566
CASSEYSHGLAFF	TRBV6-1*01	1e-05	0.3308342201881688
CASSVHAYAEQYF	TRBV9*01	1e-05	0.7904697890329664
CASKTFSQETQYF	TRBV2*01	1e-05	0.7637914524151963
CASKPTGAYEQYF	TRBV4-2*01	1e-05	0.3848009363094855
CASRAGDKETQYF	TRBV5-1*01	1e-05	0.5577841576430371
CASREGENNEQFF	TRBV5-1*01	1e-05	0.31661688258169585
CASSPRGRETQYF	TRBV5-1*01	1e-05	0.3585902052051413
CASSGGDSYEQYF	TRBV4-1*01	1e-05	0.21294969627479618
CASPDLNIEAFF	TRBV6-1*01	1e-05	0.7336216855380935
CASSRDRAEQYF	TRBV13*01	1e-05	0.4404403423521741
CSAREGGEKLFF	TRBV20-1*01	1e-05	0.850311130368811
CSARREQETQYF	TRBV20-1*01	1e-05	0.9425679284396301
CAGSEGKEQYF	TRBV6-1*01	1e-05	0.7039429603940031
CSGGTGNEQFF	TRBV29-1*01	1e-05	0.5625450687043302
CASIRRAAFF	TRBV14*01	1e-05	0.8455906270890974
CASSRSRGSYNEQFF	TRBV7-8*03	9e-06	0.2156399007040858
CASSAPGESSYNSPLHF	TRBV2*01	9e-06	0.40047152752964515
CASSGSPRWRQETQYF	TRBV6-1*01	9e-06	0.9288547076119371
CASSFEGTNTGELFF	TRBV7-3*01	9e-06	0.3566111873902773
CASSGTADLNTEAFF	TRBV11-2*01	9e-06	0.5230247587550199
CSARGTRSSYNEQFF	TRBV20-1*01	9e-06	0.8833560704824579
CSVDGGGGQGYEQYF	TRBV29-1*01	9e-06	0.7097095252379613
CASSRGVASNEQFF	TRBV5-1*01	9e-06	0.35843386609308475
CASDGGTGNEQFF	TRBV28*01	9e-06	0.3742501598089354
CASSGLGGAFF	TRBV9*03	9e-06	0.5302475219273209
CAWDLTGLSF	TRBV30*05	9e-06	0.9471103831610804
CASSQAGWVAGVLNTEAFF	TRBV14*01	9e-06	0.8064620386427201
CASSQREPPTSGSYNEQFF	TRBV3-1*01	9e-06	0.9133093376407617
CASSEDFVGSLFKDTQYF	TRBV2*01	9e-06	0.8357137373693878
CASSFSQGLVFYNSPLHF	TRBV5-5*01	9e-06	0.8231261580220935
CAIQGGLAGPGTGEQYF	TRBV10-3*01	9e-06	0.8812084962880699
CATSREGGALNGELFF	TRBV15*01	9e-06	0.6700225391473371
CASSTRQGAMITEAFF	TRBV27*01	9e-06	0.6963012218557142
CASSLAGGPLGGEQFF	TRBV7-2*01	9e-06	0.8586235525716058
CASSLGLAHSTDTQYF	TRBV11-1*01	9e-06	0.4221480904487646
CASSPLLQGLNEKLFF	TRBV9*01	9e-06	0.5623560625237618
CASSQVGTGGSYEQYF	TRBV3-1*01	9e-06	0.2139195996936949
CATYTGLAGGGEQYF	TRBV19*01	9e-06	0.8033727830364658
CASSPGTTTNEKLFF	TRBV19*01	9e-06	0.38099074863568677
CASSLEGAYNSPLHF	TRBV7-9*01	9e-06	0.3061850857670877
CASSLAGQGTTEAFF	TRBV7-2*01	9e-06	0.1791567033846069
CASSLGRTDYNEQFF	TRBV7-2*01	9e-06	0.15523870550306573
CASSLSGTGVGEQYF	TRBV7-9*01	9e-06	0.3750640235568356
CASSSTATSTDTQYF	TRBV5-1*02	9e-06	0.4400636073811341
CASRTSGRGSYEQYF	TRBV10-2*01	9e-06	0.17549166922740791
CASSDGSLGSYEQYF	TRBV10-2*01	9e-06	0.3412383612212734
CASSHLREGTDTQYF	TRBV4-1*01	9e-06	0.786061716843971
CSVTTGGVPGNTIYF	TRBV29-1*01	9e-06	0.7074498899789227
CAWSGQGQAQPQHF	TRBV30*01	9e-06	0.6964764945634927
CAISESSGTDTQYF	TRBV10-3*01	9e-06	0.26418398948650396
CAISEGIREEPQHF	TRBV10-3*01	9e-06	0.7893423004491855
CAISETGDDQPQHF	TRBV10-3*01	9e-06	0.6004977903737899
CASSLAGENEKLFF	TRBV7-6*01	9e-06	0.2310603687893441
CASSRGTGRAEAFF	TRBV3-1*01	9e-06	0.5512891303957285
CASSGDRVPDTQYF	TRBV3-1*01	9e-06	0.6782973761019944
CSARDRRQLTEAFF	TRBV20-1*01	9e-06	0.9625316848571346
CAISGTASYEQYF	TRBV10-3*01	9e-06	0.49263069129316256
CASSLNREETQYF	TRBV28*01	9e-06	0.30791323114153796
CASSPNGNQPQHF	TRBV27*01	9e-06	0.22580166559592574
CASSPYSQETQYF	TRBV27*01	9e-06	0.5539596285762434
CASSSTVSYEQYF	TRBV7-6*01	9e-06	0.21115209445956215
CASSPGGGSPLHF	TRBV14*01	9e-06	0.19388529859730502
CASSPTRKETQYF	TRBV5-1*01	9e-06	0.6640947708295277
CSVEPSGRNEQFF	TRBV29-1*01	9e-06	0.9248643475477687
CASSRLGAGAFF	TRBV28*01	9e-06	0.64026612081071
CASSSQGVELFF	TRBV5-1*01	9e-06	0.3121480343661445
CASSLVRGEGTNEKLFF	TRBV5-1*01	8e-06	0.5566167700166501
CASSITVGGGTGELFF	TRBV19*01	8e-06	0.39665467629770373
CASSSPGLAANEQFF	TRBV7-8*01	8e-06	0.6064721810377831
CASSQRGTGGDEQYF	TRBV3-1*01	8e-06	0.25832790711245596
CASSVGAGGRNEQYF	TRBV9*01	8e-06	0.38254113845361537
CASSPGTTSYNEQFF	TRBV5-1*01	8e-06	0.24417379580786788
CSARDDRVPYNEQFF	TRBV20-1*01	8e-06	0.9633763731544551
CASSVGQAGNTIYF	TRBV9*01	8e-06	0.22880738847913773
CSARYTSGNTIYF	TRBV20-1*05	8e-06	0.8923726124451153
CASSPWIPGQGDYEQYF	TRBV5-1*01	8e-06	0.8913717693018594
CASTYSHYRDGEKLFF	TRBV28*01	8e-06	0.9722221668764219
CASSLNSGRNGETQYF	TRBV28*01	8e-06	0.5563629913132963
CASSLTGTSRTGELFF	TRBV7-3*01	8e-06	0.4513904612595567
CSAPLGGRWGNTEAFF	TRBV20-1*01	8e-06	0.9337169193902721
CASRRRGLEGNEQFF	TRBV19*01	8e-06	0.8098802255173918
CASSLARNSGYGYTF	TRBV7-8*01	8e-06	0.22269671331812604
CASSSGPSSYNEQFF	TRBV5-1*01	8e-06	0.25020846182578715
CSPSSRLATNEKLFF	TRBV20-1*01	8e-06	0.5906298804185028
CASSPRTGEDGYTF	TRBV18*01	8e-06	0.6203585704141272
CASSPRVGAETQYF	TRBV7-9*01	8e-06	0.6084821586924407
CASSQEIGASPLHF	TRBV14*01	8e-06	0.7171339560228764
CSAERDSSYNEQFF	TRBV29-1*01	8e-06	0.6652569503186888
CSARDVANYGYTF	TRBV20-1*01	8e-06	0.81959109865192
CSGQQGSYTEAFF	TRBV29-1*01	8e-06	0.7795120755209889
CSVDDRLRGYTF	TRBV29-1*01	8e-06	0.9509448955974851
CASSPTGSGSEAQYF	TRBV28*01	7e-06	0.6673792232510355
CASSYAGGPGEQFF	TRBV7-2*01	7e-06	0.6416183270625001
CASSQDKTSVLSYNEQFF	TRBV14*01	7e-06	0.8901231169043236
CASSPPDRRATNEKLFF	TRBV19*01	7e-06	0.7619474867254712
CASSPFGAGITDTQYF	TRBV6-6*04	7e-06	0.6331117741505251
CASSLVVAGGLNEQFF	TRBV7-9*01	7e-06	0.6800752556031392
CASSRRLAGGGETQYF	TRBV28*01	7e-06	0.4815232623016601
CASSPRATYNSPLHF	TRBV14*01	7e-06	0.5172775748984709
CASSPVQGYGETQYF	TRBV7-8*01	7e-06	0.513340815228285
CASTLSVPGNNEQFF	TRBV5-1*01	7e-06	0.7984439725111661
CSARDGGGSDQPQHF	TRBV20-1*01	7e-06	0.7993279598544424
CASGGLAGQETQYF	TRBV6-1*01	7e-06	0.5613096089982417
CASSPGSSYNEQFF	TRBV5-1*01	7e-06	0.17440713713897352
CSAYRGHGAGELFF	TRBV20-1*01	7e-06	0.9608227482052272
CSARRSRGVGGNTIYF	TRBV20-1*01	6e-06	0.9060523056344587
CASSIQGWGTDTQYF	TRBV6-6*03	6e-06	0.54540491098698
CASSEQGAAKNIQYF	TRBV9*01	6e-06	0.6881286384718013
CASSPRTAGANVLTF	TRBV4-1*01	6e-06	0.3927474264557074
CASSPGTSGYEQYF	TRBV19*01	6e-06	0.14695709923581773
CASSLPRHRGNTGELFF	TRBV28*01	5e-06	0.8071816785702425
CASSFREQYYEQYF	TRBV27*01	5e-06	0.48039427317639033
CASSLAEGSYEQYF	TRBV7-4*01	5e-06	0.12334966487344744
