amino_acid	v_gene	frequency	caTCR_score
CASSPTTIRDAPYEQYF	TRBV28*01	0.011215	0.9593367537602003
CSVEDRGPPGRAGANVLTF	TRBV29-1*01	0.007047	0.9415041513160197
CASSFPGVNSPLHF	TRBV27*01	0.006896	0.5047953334850666
CASSEGGSGYEQYF	TRBV2*01	0.004663	0.11929623690531173
CASREQGADGSPLHF	TRBV6-1*01	0.00436	0.7228640513115503
CASSGLRDRVFEQYF	TRBV6-1*01	0.003576	0.7239711499092546
CASSLWGASYNSPLHF	TRBV28*01	0.003178	0.5255620125670956
CASSTSEGPWDSYEQYF	TRBV7-9*01	0.002876	0.7014274370593214
CSARVTYEQYF	TRBV20-1*01	0.002595	0.8980986106971522
CASSLSRGLLNGYTF	TRBV27*01	0.002313	0.6131454516072528
CASSATSERYEQYF	TRBV6-6*05	0.001994	0.37254975928006184
CASSPPSTGANYGYTF	TRBV13*01	0.001824	0.3337683236347859
CASTNRGIGYTF	TRBV6-1*01	0.001804	0.6309698552304208
CASTPPGQGISGANVLTF	TRBV28*01	0.00178	0.6487152463168242
CASSEGGSGYEQYF	TRBV2*01	0.001695	0.11929623690531173
CSAPNRIGELFF	TRBV20-1*01	0.001503	0.9499179306569577
CASSSLTSGYTYEQYF	TRBV6-2*01	0.001404	0.4358108804266147
CSARVLQGLYNEQFF	TRBV20-1*01	0.001346	0.9681161541466959
CASSYEGTGGYEQYF	TRBV6-5*01	0.001332	0.18604940432484654
CASSKLNSPLHF	TRBV27*01	0.001327	0.4221825794763916
CASSPGLEGNEQFF	TRBV6-6*05	0.001289	0.42743952929215495
CASSLAGAQPQHF	TRBV19*03	0.001232	0.11120342679127362
CASSDSGQGPDTQYF	TRBV6-4*01	0.001214	0.29064158316198774
CASSYSTGETTEAFF	TRBV6-5*01	0.001205	0.33502221982380037
CASSFLTGTTSYEQYF	TRBV27*01	0.001079	0.3126809401302273
CSARWDTDYEQYF	TRBV20-1*01	0.001053	0.7811675598932994
CASTVTGNTEAFF	TRBV6-6*05	0.001023	0.14743433840358566
CASRSGRSSYEQYF	TRBV28*01	0.001003	0.21302798735212083
CASSEGGSGYEQYF	TRBV2*01	0.00097	0.11929623690531173
CASSEASGSHEQYF	TRBV6-2*01	0.000965	0.40802547993285215
CASSLLAGGKAEEQYF	TRBV7-2*01	0.000919	0.6182233668614369
CASSLIGQGDVQPQHF	TRBV6-2*01	0.000881	0.4791138486620691
CASSPRGHTGELFF	TRBV11-3*01	0.000834	0.3912086932667681
CASSLLAGRWSPLHF	TRBV7-3*01	0.000787	0.78937238903982
CASSISEITEAFF	TRBV19*01	0.00078	0.31191522564767116
CASSGPRGKDYGYTF	TRBV6-2*01	0.000776	0.6054721843863727
CATSTASGDYEQYF	TRBV24-1*01	0.000739	0.2741965801207294
CSATSGTDNSPLHF	TRBV20-1*01	0.00073	0.6554921833730327
CASSPQVVASPLHF	TRBV27*01	0.000726	0.7966833779283418
CASSWGYEQYF	TRBV6-5*01	0.000701	0.1504139829832416
CASSPDENTEAFF	TRBV6-1*01	0.000697	0.19833538077768398
CASSLRWGCGYTF	TRBV5-1*01	0.000692	0.8493791481529891
CSARVRDYEQYF	TRBV20-1*01	0.000689	0.89735399958927
CASTPRLADLLYEQYF	TRBV19*01	0.00064	0.8390587132390367
CASSQELTSWGYTF	TRBV4-1*01	0.000637	0.8137296226624732
CASTAGGSSYEQYF	TRBV6-2*01	0.00063	0.2423760703139111
CASSPGGPGELFF	TRBV27*01	0.000624	0.3937566944565896
CASSNQGEYNSPLHF	TRBV18*01	0.000612	0.5382103781717402
CASSLSSGQGSNQPQHF	TRBV27*01	0.00061	0.10096775296331803
CASTEGQADTGELFF	TRBV6-2*01	0.000604	0.36524503207694814
CASSQDRLVVYNEQFF	TRBV4-1*01	0.000582	0.8344175924952881
CASSPDGINQPQHF	TRBV19*01	0.000582	0.27916459047369646
CATSKTSGPVDTQYF	TRBV15*02	0.00058	0.7897841944010093
CASSSDSNQPQHF	TRBV6-4*01	0.000564	0.11666461585232342
CASSIGQPFYEQYF	TRBV19*01	0.000558	0.6354257746787024
CASTLLLVGESPLHF	TRBV7-9*05	0.000556	0.8192579479710598
CASSEASGGADTQYF	TRBV6-1*01	0.000554	0.23131358902685745
CASSGVTGVDEQFF	TRBV6-1*01	0.000538	0.6635741592272896
CSARDPAGTEAFF	TRBV20-1*01	0.000532	0.9534956230266813
CASSGTGTGGTEAFF	TRBV27*01	0.000528	0.1412632375053447
CASSPSGEGQPQHF	TRBV6-4*01	0.000527	0.17697077660192104
CASSFLGYSGYTF	TRBV11-3*01	0.000518	0.34400424909769173
CAWKGSYEQYF	TRBV30*01	0.000517	0.5581851428261543
CASSLFQAGGYSYEQYF	TRBV28*01	0.000514	0.6830896704881909
CASDLPSGETQYF	TRBV2*01	0.000509	0.4936619033570932
CASSLFRQGHSNQPQHF	TRBV28*01	0.000507	0.5845610073145939
CSARESTEAFF	TRBV20-1*01	0.000506	0.7912055764316944
CATKPYRTGLDSPLHF	TRBV28*01	0.000502	0.9743163017964817
CASSSGLAGGLWCTDTQYF	TRBV7-3*01	0.000496	0.9730653219066219
CASSPSGGYQPQHF	TRBV7-8*03	0.00048	0.26796008368815194
CASSPQTAMSSYEQYF	TRBV11-3*01	0.000463	0.6815371137631534
CASSSLAAGDNEQFF	TRBV27*01	0.000461	0.4816653346313848
CASTPSVGQYYGYTF	TRBV9*01	0.000461	0.35796594720693514
CASERGRTYEQYF	TRBV27*01	0.00046	0.4424040270186946
CASSQVPGSGYEQYF	TRBV4-1*01	0.00046	0.27230499450656415
CASSLTGNYGYTF	TRBV28*01	0.000459	0.08938397814907298
CASSRGTSGMYEQYF	TRBV19*01	0.000453	0.2975320657756819
CASSKINQPQHF	TRBV27*01	0.000452	0.19746372553319183
CASSLMGQGKNSPLHF	TRBV27*01	0.000451	0.4359790825186176
CASSETWVNYGYTF	TRBV2*01	0.000448	0.78485976106847
CASSLTRDRHYTF	TRBV27*01	0.000444	0.6576129680390617
CASSETSGSTDTQYF	TRBV6-4*01	0.000443	0.18575482384034192
CASSLWANYEQYF	TRBV5-1*01	0.000442	0.38128258612432175
CSARLADYEQYF	TRBV20-1*04	0.000442	0.8531931903153482
CASRGVRDEQFF	TRBV6-2*01	0.000439	0.384083798537405
CASSDRSDQPQHF	TRBV19*01	0.00043	0.2677220336009525
CASSYPVLIIGVLNTEAFF	TRBV6-2*01	0.000424	0.7089782442539454
CASSPRGRNGELFF	TRBV11-3*01	0.000422	0.47458675674932715
CAWIPTGGGYTF	TRBV30*01	0.000419	0.8289852887287998
CSASLPQGGNQPQHF	TRBV20-1*04	0.000417	0.8009563030219068
CASSFRGKGTYEQYF	TRBV6-5*01	0.000416	0.45908217786337724
CASSPGQGDYGYTF	TRBV7-8*03	0.000415	0.11476574914341388
CASLTDTGELFF	TRBV4-2*01	0.000414	0.20740005737856665
CASSPGTQTSGTF	TRBV18*01	0.000413	0.853532497243436
CASSYLTGPLYGYTF	TRBV6-5*01	0.000413	0.8296870196837249
CAWGQGGTEAFF	TRBV30*05	0.000411	0.522517140331643
CASSLSVGQGGNQPQHF	TRBV27*01	0.000409	0.18237172877110153
CASSPLAGESYEQYF	TRBV28*01	0.000407	0.2695413399331158
CASREGNTEAFF	TRBV11-3*01	0.000401	0.08744481968418773
CASSRVTGSGGSYTF	TRBV6-6*04	0.0004	0.4068060517362369
CASSDGGATGELFF	TRBV6-4*01	0.000398	0.17816248404673235
CASSYTTANEAFF	TRBV6-2*01	0.000395	0.6332323561283403
CSPGLADSYEQYF	TRBV20-1*04	0.000392	0.8017652651853444
CASSLGQGNSPLHF	TRBV7-2*01	0.000389	0.1408593902839477
CASSPRQGSEQYF	TRBV5-1*01	0.000389	0.25892012938060055
CASSEESPYEQYF	TRBV6-1*01	0.000387	0.5284404917672108
CASSSGVGNTIYF	TRBV6-1*01	0.000381	0.2109825713488015
CASSSPGDFSNQPQHF	TRBV6-2*01	0.00038	0.4348347247920373
CASSLGRTGDDGYTF	TRBV28*01	0.000379	0.4435687800535989
CASSLEGNYNSPLHF	TRBV7-8*01	0.000376	0.3612374729144797
CAISERGAFREQYF	TRBV10-3*01	0.000375	0.9607378317006411
CASSPGLNTEAFF	TRBV28*01	0.000371	0.11178280656571796
CASSDTSVDYNEQFF	TRBV4-2*01	0.00037	0.3372497071496103
CASTQWGVNQPQHF	TRBV19*01	0.000369	0.6133538831463339
CASSMRSSDTQYF	TRBV19*01	0.000368	0.38793952896793227
CASSPHPEKTHGYTF	TRBV6-1*01	0.000368	0.9259024116782215
CASSDSSGANVLTF	TRBV6-4*01	0.000367	0.11385780436748819
CSAKPGQGVTYEQYF	TRBV20-1*01	0.000366	0.9073692284643903
CASSGWGQGGGYTF	TRBV6-6*04	0.000366	0.3942009419171242
CAWDSGSGYEQYF	TRBV30*05	0.000365	0.4222575361136425
CASSFRGKAYEQYF	TRBV27*01	0.000365	0.5656016778640345
CSATTLSGSSYNEQFF	TRBV20-1*01	0.000364	0.9068777438083052
CSARLAGVENQPQHF	TRBV20-1*05	0.000364	0.8383805636592933
CASSVVAGVANEQFF	TRBV2*01	0.000362	0.6250257624276336
CASSLGDRVTEAFF	TRBV28*01	0.00036	0.35967516464617355
CAWSGTGGYGYTF	TRBV30*01	0.000357	0.39990172358444104
CSASRGGTNTEAFF	TRBV20-1*01	0.000353	0.5945689227591281
CASSQDLRAIYGYTF	TRBV4-2*01	0.000352	0.7960437208354978
CASSLGKNEQYF	TRBV11-2*01	0.000352	0.2526086156869727
CASSIGTATYGYTF	TRBV19*01	0.000351	0.4367751069845238
CASSSGSGGFNEQFF	TRBV27*01	0.000346	0.3073759596530993
CASSDSYGYTF	TRBV2*01	0.000345	0.0904299433918154
CASSERGQFVYGYTF	TRBV2*01	0.000345	0.623202690756943
CASSDSTSGGGANVLTF	TRBV6-4*01	0.000341	0.18060447911598723
CASSEGDSSYEQYF	TRBV6-1*01	0.000341	0.1955105207216828
CASSFGLEGTEQYF	TRBV6-5*01	0.000339	0.5225448448242166
CAWSTVFYEQYF	TRBV30*01	0.000339	0.8094285724082723
CASSDAGGNTGELFF	TRBV6-4*01	0.000339	0.22835750841884148
CATSDAGQGTTGELFF	TRBV24-1*01	0.000338	0.6087408611243009
CASSTGTIPYGYTF	TRBV2*02	0.000336	0.671947501812067
CAGNRGRVYGYTF	TRBV30*01	0.000335	0.46039841643149637
CASSLSGAVLKQYF	TRBV5-1*01	0.000335	0.8154349148382984
CASEGTAFIQRGGSPLHF	TRBV6-1*01	0.000333	0.976855037279986
CASSLAVGRNTIYF	TRBV5-1*01	0.000332	0.36883942948911563
CASSYLDSNQPQHF	TRBV6-2*01	0.000329	0.4632022526713617
CATSDRQPGGYGYTF	TRBV24-1*01	0.000329	0.429831852381831
CASSPGASYGYTF	TRBV27*01	0.000328	0.1882957362806228
CATSVTDGDSSYEQYF	TRBV15*02	0.000327	0.34915751522921323
CASSGTLPYNSPLHF	TRBV6-1*01	0.000326	0.7832107749279664
CASSPTGTGLYEQYF	TRBV27*01	0.000323	0.36544079772991067
CASSDSASGSIDEQFF	TRBV6-4*01	0.000322	0.5841098970176609
CAWRQQGGNYGYTF	TRBV30*01	0.000321	0.5606034060117665
CASSGIAGAYNEQFF	TRBV14*01	0.000319	0.3858758580219595
CASSFQGYTEAFF	TRBV28*01	0.000319	0.23343222057090518
CSARGQTYEQYF	TRBV20-1*01	0.000319	0.9100323064535818
CASSLTGGTEAFF	TRBV7-8*01	0.000317	0.09540801037495146
CASSVTGTRETEAFF	TRBV9*01	0.000317	0.5408709199425005
CAWSWGKVDYEQYF	TRBV30*01	0.000316	0.7037518612612768
CASSSAAGGYGYTF	TRBV6-6*03	0.000316	0.1248240399211828
CASSQGAGDIRTQYF	TRBV4-3*01	0.000315	0.7071787193392498
CASSLDREVQPQHF	TRBV28*01	0.000314	0.41439449973231246
CASSIVEGTYEQYF	TRBV11-1*01	0.000313	0.31091825131672135
CASSEEVAGPYEQYF	TRBV6-1*01	0.000313	0.42184211358860024
CASSVGGGAYEQYF	TRBV27*01	0.000312	0.16688801253974367
CASSYGTSGYEQYF	TRBV6-2*01	0.00031	0.2764490846370989
CASSPVAAGTGSYEQYF	TRBV7-8*03	0.00031	0.3115740724985306
CASSLYLYEQYF	TRBV7-4*01	0.00031	0.39822392294589914
CASSQPLQGFVNGYTF	TRBV4-1*01	0.000309	0.7014857909727702
CAWQPVGVYGYTF	TRBV30*01	0.000309	0.732598419369354
CASSRVTGDYEQYF	TRBV19*01	0.000309	0.1955971601148015
CASSLGQGETEAFF	TRBV7-8*01	0.000307	0.09074459532745625
CASRTTGTDYEQYF	TRBV28*01	0.000304	0.20501515425614172
CAWMGQGAYEQYF	TRBV30*01	0.000303	0.738841189048118
CASSETSGGAYEQYF	TRBV6-1*01	0.000303	0.15864667993284712
CAWSVGQGYGYTF	TRBV30*01	0.000299	0.508695131783628
CASSDSAGGGSTDTQYF	TRBV6-4*01	0.000299	0.22592310025246404
CASSPPGQASWGYTF	TRBV7-2*01	0.000299	0.8031531599609221
CASSLGLGRPGDYGYTF	TRBV27*01	0.000298	0.5664302270401697
CASSLIPGGLGEQYF	TRBV5-1*01	0.000296	0.6704481981999023
CASSYEGTSGYEQYF	TRBV6-5*01	0.000296	0.2992452346557408
CSAREGPDPVNEQFF	TRBV20-1*01	0.000296	0.9871147331756949
CASSLFPGQGADEQYF	TRBV28*01	0.000295	0.6936365387076723
CASSYPGTGNNEQFF	TRBV28*01	0.000294	0.6388237002756254
CASSIGDSGGYTF	TRBV19*01	0.000294	0.3411607729608293
CASSGAGYSNQPQHF	TRBV2*01	0.000293	0.23005356645352398
CASSSGQLNEQYF	TRBV7-9*01	0.000293	0.38594131464551173
CASSTKGGQGALYSYNSPLHF	TRBV27*01	0.000292	0.8938246219656211
CASSDSDNNEQFF	TRBV6-4*01	0.000291	0.2353441570744096
CSAQINRDGSYEQYF	TRBV20-1*01	0.00029	0.8402950709822039
CSARVPDRVSYEQYF	TRBV20-1*01	0.00029	0.9603194537019148
CAYSRDRGLIGYTF	TRBV30*01	0.000289	0.7766433284257456
CASSRTGPSTNYGYTF	TRBV5-1*01	0.000289	0.2679045975886667
CAWSDTGLRGYTF	TRBV30*01	0.000289	0.9325570895570912
CSAREAGAEAGNTIYF	TRBV20-1*01	0.000289	0.8605919503534932
CASSYGGSDQPQHF	TRBV6-5*01	0.000289	0.25677875205257106
CASSSRQGGYEQYF	TRBV7-2*01	0.000287	0.1544498924651503
CASSLWEAYEQYF	TRBV28*01	0.000283	0.5008087672690179
CASSEWDRGNYGYTF	TRBV2*01	0.000283	0.6200965073183893
CASSESRKDQPQHF	TRBV6-1*01	0.000283	0.4121530984796393
CASSDSGGSNQPQHF	TRBV6-2*01	0.000282	0.11456807613571744
CASSVEAAGGNTIYF	TRBV9*01	0.000282	0.22275441543114327
CASRQGQGEIQPQHF	TRBV28*01	0.000282	0.4204840024113381
CASNTGGGRNEQFF	TRBV2*01	0.00028	0.26696359231567884
CASSHTSSGAYEQYF	TRBV4-1*01	0.00028	0.3340856226425648
CAWSAGTDSSYEQYF	TRBV30*01	0.000278	0.3517415342259704
CASILGADDYGYTF	TRBV2*01	0.000277	0.6834718271095761
CASSPASGSFYEQYF	TRBV28*01	0.000276	0.46327157975191874
CASSYFGQINQPQHF	TRBV6-3*01	0.000276	0.5104199237065444
CATWDGDSYEQYF	TRBV10-1*01	0.000275	0.6553645708819446
CASSDRTGGNQPQHF	TRBV2*01	0.000275	0.12012283770190077
CASSWDRTNYGYTF	TRBV6-6*05	0.000274	0.24362881764584818
CASDQRQGWYEQYF	TRBV6-1*01	0.000274	0.7689213311057584
CASSENQGNGYTF	TRBV6-1*01	0.000274	0.3975181890609268
CASSIVSDYSYEQYF	TRBV19*01	0.000273	0.46669406713979494
CSAREGGGVYEQYF	TRBV20-1*01	0.000272	0.8042213468982663
CASSLNKGMALHF	TRBV7-2*04	0.000272	0.8489548183394267
CASRKGQGAYGYTF	TRBV27*01	0.000272	0.4958676444644005
CASSQGTSGGAETQYF	TRBV28*01	0.00027	0.2589018077783547
CASSEMGENTEAFF	TRBV6-1*01	0.00027	0.18660740014902544
CATSDKTGESYEQYF	TRBV24-1*01	0.00027	0.5791715225748788
CASSAMTEAPLGYTF	TRBV2*01	0.00027	0.9228001861468839
CASSYGWGISSYEQYF	TRBV6-5*01	0.000269	0.6489147535890362
CASSMSYNSPLHF	TRBV19*01	0.000268	0.4086016710862753
CASSFQGYTEAFF	TRBV28*01	0.000267	0.23343222057090518
CSARGTSGDSYEQYF	TRBV20-1*01	0.000266	0.789918964202738
CASSELSRANYGYTF	TRBV2*01	0.000264	0.4211769238052054
CASSEVGVGTPQHF	TRBV6-1*01	0.000264	0.4933610921370288
CASSGLQGYNSPLHF	TRBV2*01	0.000264	0.3577496049227356
CAWRLNGYTF	TRBV30*01	0.000263	0.7683591689237379
CASSLRAGSYEQYF	TRBV28*01	0.000263	0.18737328636316544
CASSDSAESDEQYF	TRBV6-4*01	0.000263	0.3211456864867429
CASSFGRNEQFF	TRBV27*01	0.000262	0.18920612511448603
CASSLGAGQTFEQYF	TRBV27*01	0.000262	0.5890171206980281
CASSPEGIGTQYF	TRBV9*01	0.000261	0.5417794863083162
CASSLDPYNSPLHF	TRBV5-1*01	0.000261	0.5133557616088416
CASRLRDSANEKLFF	TRBV2*02	0.000261	0.44255091201491686
CASSPRGQGIYEQYF	TRBV27*01	0.00026	0.24949125864742103
CASSIRSSYEQYF	TRBV19*01	0.00026	0.22934953333258531
CASSETPGTATYEQYF	TRBV27*01	0.00026	0.5000857003024769
CASTNPGNSYNSPLHF	TRBV28*01	0.000258	0.7378445741340177
CASSRSGSSYEQYF	TRBV11-2*01	0.000258	0.12883098721818773
CASSLQGLPGSHEQYF	TRBV28*01	0.000256	0.6153273734560575
CASSGILSNTEAFF	TRBV2*01	0.000256	0.49996092170484874
CASIGVAGKNTEAFF	TRBV6-2*01	0.000256	0.5888937484266753
CASTNRQGHYGYTF	TRBV6-1*01	0.000256	0.32276862502556514
CSALPPGQEVNEQYF	TRBV20-1*01	0.000255	0.9638241452755999
CAISESYGSLSPLHF	TRBV10-3*01	0.000255	0.9077414836990387
CAWSLDSNYGYTF	TRBV30*01	0.000254	0.3344164978849665
CASSVAGTANYGYTF	TRBV6-1*01	0.000254	0.3303020400679094
CASSEGTGGGRYEQYF	TRBV6-1*01	0.000253	0.1336950008237104
CASSRGPNYGYTF	TRBV5-1*01	0.000253	0.2222460097039163
CASSSSNQPQHF	TRBV27*01	0.000253	0.08818536698179821
CASVRTESYGYTF	TRBV2*02	0.000252	0.46074487978801587
CASSIEVQGGGAFF	TRBV19*01	0.000252	0.7796152196145086
CASSQDGNSESPLHF	TRBV4-2*01	0.000252	0.8227616211363711
CAWRTGGTYGYTF	TRBV30*01	0.000252	0.5301818844614611
CASSSSYEQYF	TRBV5-1*01	0.000252	0.09365258141671477
CASSLQGVIQPQHF	TRBV27*01	0.00025	0.5458055797800946
CATGPGLRDSNQPQHF	TRBV28*01	0.00025	0.7763208590495859
CASSEAREGVGGYTF	TRBV2*01	0.00025	0.473905302939584
CAWSLSAYQSYGYTF	TRBV30*01	0.00025	0.5411973515497055
CASSITGQTNSPLHF	TRBV19*01	0.000249	0.44835769053792973
CASSLWGGNPIEQYF	TRBV28*01	0.000249	0.9095738021424663
CASSWDMNTEAFF	TRBV3-1*01	0.000249	0.44238951110175395
CSARGREDYEQYF	TRBV20-1*01	0.000248	0.858354415105145
CASSSLTGVFYEQYF	TRBV27*01	0.000248	0.4782043921258495
CASSQAETPPNSPLHF	TRBV4-2*01	0.000248	0.8102816951116696
CASSFRGTDSNQPQHF	TRBV28*01	0.000248	0.4212467460331711
CATSDFGSYGYTF	TRBV24-1*01	0.000247	0.35310444805227714
CASKGGQYDYGYTF	TRBV2*01	0.000247	0.3810430981693218
CASSFTAQGPYEQYF	TRBV27*01	0.000247	0.6372584275936282
CASFKAAANTIYF	TRBV6-1*01	0.000247	0.6991477272892742
CASSSRSGPTFYEQYF	TRBV28*01	0.000247	0.633324947888207
CASSGDTGSPLHF	TRBV2*01	0.000246	0.34082096407929524
CASSLSRPISYEQYF	TRBV27*01	0.000246	0.5570911925371479
CASSLGRFVDEQYF	TRBV28*01	0.000246	0.6438723883231818
CASSKEGNSNQPQHF	TRBV6-6*05	0.000245	0.21151173773186896
CATSARDSYGYTF	TRBV24-1*01	0.000245	0.2928045565147144
CASSQYPGTGANVLTF	TRBV3-1*01	0.000245	0.4548940182186345
CASSETGGQETQYF	TRBV6-4*01	0.000245	0.24596986905369259
CAWNFAGSSGNTIYF	TRBV30*01	0.000245	0.38761959954738234
CASSLTGFNYGYTF	TRBV6-6*05	0.000245	0.23528842783970108
CASSIGETGVDEQYF	TRBV19*01	0.000244	0.5810318691965023
CALGQPYEQYF	TRBV30*05	0.000244	0.34747911677703525
CASSLDAPSAGNTIYF	TRBV5-1*01	0.000244	0.4746850371150279
CASSEADPGRYYGYTF	TRBV6-1*01	0.000243	0.5523068689185577
CASRPSIISYEQYF	TRBV28*01	0.000243	0.555206998443495
CASSSGTDSNQPQHF	TRBV28*01	0.000243	0.11671737796054318
CASSMSGGKGEQYF	TRBV19*01	0.000243	0.5894311511506645
CASSYTRTGGANYGYTF	TRBV6-5*01	0.000243	0.36598545759297935
CAWGGEPSYEQYF	TRBV30*05	0.000243	0.8854598795784124
CASRTGGNTEQYF	TRBV19*01	0.000243	0.35852560972282993
CASSIQLATNEKLFF	TRBV19*01	0.000243	0.4707495596693985
CASSSRVDSYPFSYEQYF	TRBV11-2*01	0.000242	0.8148614576497473
CASSQGGASVYEQYF	TRBV3-1*01	0.000242	0.2755716704232725
CSARARTGKVEQYF	TRBV20-1*01	0.000242	0.9780130617177993
CASSQGLESGNTIYF	TRBV6-1*01	0.000242	0.2250585599840914
CASSTGTSGRDEQYF	TRBV27*01	0.000242	0.3326353313267231
CASSPPGRYSNQPQHF	TRBV27*01	0.000241	0.3573239381238037
CAGLGTGYGYTF	TRBV30*01	0.00024	0.37005258199841534
CASSPPGTGVLYEQYF	TRBV18*01	0.00024	0.608607435594074
CAIQGGDNSPLHF	TRBV10-3*01	0.00024	0.40991485144534523
CASSHTGHNSPLHF	TRBV3-1*01	0.000239	0.5120846931465988
CASSRTGRTEAFF	TRBV19*01	0.000238	0.20812933551390161
CSAQGQGINYGYTF	TRBV20-1*01	0.000238	0.8227163320927326
CASSLWDRGKLADIYNEQFF	TRBV7-2*01	0.000238	0.8927882930131679
CAWSGVLADEQYF	TRBV30*01	0.000238	0.6650174031369426
CASSLDWQRGHEQYF	TRBV28*01	0.000238	0.7183485537044374
CAWSIRYEQYF	TRBV30*01	0.000238	0.4626989877762062
CASSQHNSGSPYEQYF	TRBV4-2*01	0.000237	0.6662887196123576
CSVGGHSGNTIYF	TRBV20-1*01	0.000237	0.5596767828325219
CASSFSLALYNEQFF	TRBV7-2*01	0.000237	0.7579384213817786
CASTPRVGHSPLHF	TRBV5-1*01	0.000237	0.826148698951528
CASTRTGGAYQPQHF	TRBV28*01	0.000237	0.43183055731763237
CASSDSALPNYGYTF	TRBV2*03	0.000237	0.642984854585128
CASRKTQGYGYTF	TRBV27*01	0.000237	0.521812064654693
CASSLEGQGANQPQHF	TRBV28*01	0.000236	0.22347154407034386
CASSLRDRSYNSPLHF	TRBV13*01	0.000235	0.49619332605526095
CASSETSGRADTQYF	TRBV6-4*01	0.000235	0.4973170008983458
CASSLAGQPYEQYF	TRBV7-9*01	0.000235	0.1449175130086089
CASSPLGDNSPLHF	TRBV6-5*01	0.000235	0.3426754155398985
CASSIGTGDYEQYF	TRBV19*01	0.000235	0.1640087197049804
CASSAVAGGRDEQYF	TRBV6-4*01	0.000234	0.4459782143736212
CASPPSSNRFYEQYF	TRBV28*01	0.000234	0.5489139521550911
CASSSSGGSNYGYTF	TRBV5-1*01	0.000234	0.0932135058775633
CASSHGTLLNQPQHF	TRBV28*01	0.000234	0.7226505846135785
CASSSLGTFYGYTF	TRBV28*01	0.000233	0.4759016739456109
CASSEGTGGVEKLFF	TRBV6-1*01	0.000233	0.22972013366278504
CASSLAPGGNSPLHF	TRBV27*01	0.000232	0.2937735027319857
CASSLVQDTNYGYTF	TRBV28*01	0.000232	0.1764797114167944
CATSRETGVQPQHF	TRBV15*01	0.000231	0.3863639861798929
CASLRETSGYYEQYF	TRBV28*01	0.000231	0.47490694243185155
CATSGETNYGYTF	TRBV24-1*01	0.000231	0.16630585404709775
CASSTPTGRTGGYTF	TRBV19*01	0.000231	0.45091395053103256
CASTIGRNYGYTF	TRBV2*01	0.000231	0.3413804162597491
CASSFSGPTDTQYF	TRBV6-2*01	0.00023	0.42417310118517915
CASSEAGTGSVLYGYTF	TRBV2*01	0.000229	0.3098680502126514
CASRSLGSSYNSPLHF	TRBV27*01	0.000229	0.49254009353423944
CAWNLGTANYGYTF	TRBV30*01	0.000229	0.7537530369162448
CASSYSMISGSLDNEQFF	TRBV6-2*01	0.000229	0.9644286373287837
CASSTSYNQPQHF	TRBV28*01	0.000229	0.11901573163452
CASSLSALYGYTF	TRBV11-2*01	0.000228	0.24703916837355555
CASSDSSGSYNEQFF	TRBV6-4*01	0.000228	0.11849786672049889
CASSLGQGNQPQHF	TRBV27*01	0.000228	0.07656437116797021
CASSLSSRTAANYGYTF	TRBV27*01	0.000228	0.3808868590293619
CSARRQSLTEAFF	TRBV20-1*01	0.000228	0.9747300999058678
CASSPTQGYSYEQYF	TRBV28*01	0.000227	0.4065839897397983
CASSLAGKHEQYF	TRBV5-1*01	0.000227	0.528317229122778
CASSYSASARNSPLHF	TRBV6-2*01	0.000227	0.8029130170216872
CSARDRGDTEAFF	TRBV20-1*01	0.000226	0.6556957380945697
CASSELQGQYNQPQHF	TRBV2*03	0.000226	0.310356961087582
CASSSPTGDNYGYTF	TRBV28*01	0.000226	0.3056584920353701
CASSETGGYGYTF	TRBV7-3*01	0.000226	0.09202847716084148
CASTQTGTGAIEQYF	TRBV11-2*01	0.000226	0.7564396254773448
CASSYVGAGANVLTF	TRBV6-2*01	0.000226	0.4241243675070629
CASSITQQGESDEQYF	TRBV28*01	0.000226	0.6495971389395346
CASSFHLAELTYEQYF	TRBV28*01	0.000225	0.7782266128867555
CASSVDIRNYGYTF	TRBV9*01	0.000225	0.4328174317896394
CASRAGQGYYEQYF	TRBV2*01	0.000225	0.29494579607054383
CASSEGTGFYSPLHF	TRBV6-1*01	0.000225	0.6971738305006149
CAWERRTGNPGYTF	TRBV30*05	0.000224	0.9375479302482
CAWSASSYEQYF	TRBV30*01	0.000224	0.3348550862081181
CASIPSVTVGYGYTF	TRBV28*01	0.000224	0.8279197478433087
CASSSLSPGISYEQYF	TRBV5-1*01	0.000224	0.4687965935588273
CASSGVGYSYEQYF	TRBV19*01	0.000224	0.31775559531770003
CATSDPGVYEQYF	TRBV24-1*01	0.000223	0.5464307838152489
CASRNPRGRDYGYTF	TRBV6-1*01	0.000223	0.8629178746587188
CASSPPVPLDGYTF	TRBV18*01	0.000223	0.9831974718119423
CSARYHSSYEQYF	TRBV20-1*05	0.000223	0.9645478444457039
CASSFPGNYGYTF	TRBV28*01	0.000222	0.24531354010908007
CASSPRWDRGLEQYF	TRBV28*01	0.000222	0.9464252430014499
CASSSSTGGYGYTF	TRBV28*01	0.000222	0.09202847716084148
CASSESEGQGGDEQYF	TRBV6-1*01	0.000222	0.36573871217738674
CASRGKGAAEGYGYTF	TRBV28*01	0.000222	0.6299455561155597
CASSFITGDQPQHF	TRBV27*01	0.000221	0.4252556947309498
CASSLVNGESYEQYF	TRBV27*01	0.000221	0.4161120254360871
CASSEASSGSYEQYF	TRBV6-1*01	0.000221	0.10545548363655856
CASSLAAGVREKLFF	TRBV7-2*01	0.000221	0.4692992727001704
CASRPGGSPYEQYF	TRBV28*01	0.000221	0.4484590969055169
CASSFGLLDYEQYF	TRBV27*01	0.000221	0.6348574006337069
CATQFRENTEAFF	TRBV24-1*01	0.000221	0.7059084367295031
CASSTRKTDRGQGYTF	TRBV2*02	0.000221	0.8750890591885602
CASSSRGDLTNEQFF	TRBV6-5*01	0.000221	0.5874170649135773
CASSAAGTATYEQYF	TRBV27*01	0.00022	0.3446073201383627
CASSNTGTGNTIYF	TRBV6-6*03	0.00022	0.2260847096086645
CAGCRSTNEKLFF	TRBV30*01	0.00022	0.9049841188974109
CASSFGQGSQPQHF	TRBV28*01	0.00022	0.17025877982094267
CAWSVLGGGSPLHF	TRBV30*01	0.00022	0.6486584539757859
CSASGLERGEQFF	TRBV20-1*01	0.00022	0.9576723354007259
CAWSRTGGLDEQYF	TRBV30*01	0.00022	0.5594100153828631
CATSDAGQGTGYGYTF	TRBV24-1*01	0.000219	0.46272147081050974
CASSEGTYEQYF	TRBV19*01	0.000219	0.11843001937571404
CASSLRSARGTYGYTF	TRBV28*01	0.000219	0.5757951974752575
CSANVQGTEAFF	TRBV20-1*01	0.000219	0.7191491862596437
CARVQGGGVTGELFF	TRBV11-3*01	0.000219	0.48895070313850536
CASSLIQDHEQYF	TRBV27*01	0.000219	0.44711596271856374
CASSHDPSSYNSPLHF	TRBV27*01	0.000219	0.4485492030482224
CASSPPYEQYF	TRBV28*01	0.000219	0.1304110131102978
CASSFSFRANTEAFF	TRBV28*01	0.000219	0.6686347380439311
CASSYSNQRSYEQYF	TRBV6-5*01	0.000219	0.370474689716788
CASRSGQGIPRDYGYTF	TRBV6-1*01	0.000219	0.842455717552799
CASSYRASSWDYGYTF	TRBV6-5*01	0.000218	0.6637775962693974
CASSGTSSGANVLTF	TRBV6-2*01	0.000218	0.12169825400311299
CASRQERNYGYTF	TRBV2*01	0.000218	0.22895033181805272
CASSQAGQNSGNTIYF	TRBV4-2*01	0.000218	0.3551413427543268
CAWSRDDNYGYTF	TRBV30*01	0.000217	0.3546524543823429
CASSNFGGEQYF	TRBV28*01	0.000217	0.23281468815810707
CASSLDRYSQSSGNTIYF	TRBV28*01	0.000217	0.44470316290943523
CASSLPLQGTYEQYF	TRBV27*01	0.000217	0.2939435421582404
CASSDSTGGTDTQYF	TRBV6-4*01	0.000217	0.18393482377766918
CASSPGGGTYEQYF	TRBV5-1*01	0.000217	0.206017336271397
CASTRGAIRPQHF	TRBV6-2*01	0.000217	0.7858419166397811
CASSRDAVSGNTIYF	TRBV3-1*01	0.000216	0.4527707224061236
CASRSPGLAGAGYEQYF	TRBV28*01	0.000216	0.4108735274383919
CAWTSMGGLGFF	TRBV30*01	0.000216	0.9726115102363646
CSATSLDRAMDYGYTF	TRBV20-1*01	0.000216	0.9574877456131274
CASSGTPRDPPQHF	TRBV2*01	0.000216	0.9126972905000356
CASSDGTSGSNEQFF	TRBV6-4*01	0.000216	0.22741160942269928
CASSVGTGGYGYTF	TRBV13*02	0.000216	0.11557627537322857
CSARGSGPGQSYNSPLHF	TRBV20-1*01	0.000216	0.9399942099513499
CASSPGTYSNQPQHF	TRBV6-2*01	0.000215	0.17201694657759561
CASSELAGATGELFF	TRBV6-4*01	0.000215	0.22123176854367
CASRDRGDEQFF	TRBV27*01	0.000215	0.2713865071459197
CASSLVQSQQPQHF	TRBV28*01	0.000215	0.33573007456122567
CASSFGQGVEQYF	TRBV28*01	0.000215	0.46804872646262763
CSARIRSRGAQNEQYF	TRBV20-1*01	0.000215	0.9833466460956485
CASSLWSLGPDLYEQYF	TRBV28*01	0.000215	0.9053064184225679
CASSFGLWTVYGYTF	TRBV28*01	0.000215	0.8059740680924505
CASSLPAGGLRNQPQHF	TRBV19*03	0.000214	0.7021699829678699
CASRGGGPSYEQYF	TRBV28*01	0.000214	0.32465428845579203
CAVHQGATYEQYF	TRBV6-2*01	0.000214	0.5765305292438565
CASSSIRDPSLEQYF	TRBV27*01	0.000214	0.8534285933594783
CASRTGTGTYEQYF	TRBV2*02	0.000214	0.17065353726118582
CASSEAWGSGNTIYF	TRBV6-1*01	0.000213	0.4392171224647376
CASSPGQGIYEQYF	TRBV27*01	0.000213	0.23641929537738307
CATSDFDRDHGYTF	TRBV24-1*01	0.000213	0.7537678612798423
CAWSLSNYEQYF	TRBV30*01	0.000212	0.3177889337497066
CAWSVTETYEQYF	TRBV30*01	0.000212	0.6578065723508472
CSARQTYEQYF	TRBV20-1*01	0.000212	0.8557641635754629
CASRIRVPANNSPLHF	TRBV27*01	0.000212	0.9230939368062735
CATSDQRQGNTEAFF	TRBV24-1*01	0.000212	0.3350334272761422
CASSIDPMDRENTEAFF	TRBV19*01	0.000212	0.9078084904184961
CASGKSRAEQYF	TRBV4-1*01	0.000212	0.709272155367451
CSARTRPMNTEAFF	TRBV20-1*04	0.000211	0.9477087525339445
CASSIGQARMKAFF	TRBV19*01	0.000211	0.9335694912712565
CASSILGRPQTGYTF	TRBV19*01	0.000211	0.6448365569140503
CASSLAGVETGELFF	TRBV28*01	0.000211	0.2851418604595355
CASSELGRDHEQYF	TRBV6-1*01	0.00021	0.4255212283976394
CASRLLDRATEAFF	TRBV28*01	0.00021	0.589188856459924
CSARGGRDTEAFF	TRBV20-1*01	0.00021	0.741347862859223
CASSPFWRSYEQYF	TRBV28*01	0.00021	0.8176896244733111
CASSLYFGVGNQPQHF	TRBV27*01	0.00021	0.245977695932837
CAWSRGYNSPLHF	TRBV30*01	0.00021	0.3814383953647143
CASSSSGYYGYTF	TRBV28*01	0.00021	0.14858001412001076
CASSFIFQYPYEQYF	TRBV28*01	0.000209	0.838625208070013
CAWSPQGDEQYF	TRBV30*01	0.000209	0.7805833677730555
CASSDSTTSTGELFF	TRBV6-4*01	0.000209	0.3470358350788849
CASSFPTGTGYNSPLHF	TRBV28*01	0.000209	0.43214869042487475
CASSNGRSGRSYYEQYF	TRBV27*01	0.000209	0.3245366041769373
CATSYGGSNEQFF	TRBV24-1*01	0.000209	0.3302570422317033
CASTVEGGGNQPQHF	TRBV6-6*05	0.000209	0.16793927982953422
CASRPGTGTYEQYF	TRBV27*01	0.000208	0.2311391893069281
CASSYSGQGNYGYTF	TRBV6-5*01	0.000208	0.22268585924848258
CASSMDFNQPQHF	TRBV19*01	0.000208	0.2570723863258844
CASSGDPNYGYTF	TRBV18*01	0.000208	0.234469291227906
CASNQGRASYGYTF	TRBV19*01	0.000208	0.4899399447800978
CASSLALAGGDEQYF	TRBV5-1*01	0.000208	0.3625502147274471
CASREKGPTKQYF	TRBV6-1*01	0.000208	0.758880381651213
CASSLGGENYGYTF	TRBV28*01	0.000208	0.1977416506832467
CASTLGSGQGGYSNQPQHF	TRBV28*01	0.000208	0.39270371458452974
CASSLSGGRVYEQYF	TRBV28*01	0.000207	0.432475766843965
CASSIGQNSYEQYF	TRBV19*01	0.000207	0.4624070148007331
CASSHDSGTETYGYTF	TRBV28*01	0.000207	0.2675560647596991
CASSPGDIRFYEQYF	TRBV27*01	0.000207	0.7492927773884014
CASSVTGASDNSPLHF	TRBV28*01	0.000207	0.2363909973754785
CASSQGASGNTIYF	TRBV28*01	0.000207	0.12477439252735313
CASSMQSSYEQYF	TRBV27*01	0.000207	0.3051189086941167
CASSYRTGNEQFF	TRBV5-5*01	0.000207	0.3650990073314386
CASTQGYRTQPQHF	TRBV6-2*01	0.000207	0.7728303766938645
CASRLPKGMTANYGYTF	TRBV28*01	0.000207	0.90874759816215
CASSRLTGTQYEQYF	TRBV4-3*01	0.000207	0.2680103150608914
CASSEEVSSGNTIYF	TRBV6-1*01	0.000206	0.24847111708047684
CASRDSTNSPLHF	TRBV2*01	0.000206	0.43228124291813597
CASLMGGSSYEQYF	TRBV28*01	0.000206	0.3520587867575111
CASSQFLTNYGYTF	TRBV3-1*01	0.000206	0.374199644891549
CASSYGTGGYEQYF	TRBV6-2*01	0.000206	0.18508486557813017
CASSLTPWTGATEAFF	TRBV27*01	0.000206	0.616483269621693
CATTSPGQPGERGNTIYF	TRBV6-5*01	0.000206	0.7965927245651856
CATSLGGNQPQHF	TRBV24-1*01	0.000206	0.20509171590950667
CASTPLRRTSNGYTF	TRBV2*01	0.000206	0.9142003440901304
CASSKTTGGGSPLHF	TRBV5-1*01	0.000206	0.38381258753803815
CASSLDPTGYSNQPQHF	TRBV28*01	0.000206	0.4550651340494166
CASSLLRRYVDEQYF	TRBV28*01	0.000206	0.7191685920205622
CASSKPGQGNSPLHF	TRBV28*01	0.000205	0.23068958668087985
CASKDRAGDTIYF	TRBV6-1*01	0.000205	0.6968227510798809
CSASDGPTGGEGYTF	TRBV20-1*01	0.000205	0.8810437017769601
CASSEAVSSYEQYF	TRBV2*01	0.000205	0.2137153819464718
CASRGTGTYEQYF	TRBV6-1*01	0.000205	0.15729218154805338
CASSFADRVSYEQYF	TRBV27*01	0.000205	0.5702722681526808
CASSPTGLNSPLHF	TRBV6-6*04	0.000205	0.40447551995842107
CACPGTGANYGYTF	TRBV30*01	0.000205	0.6139592636302095
CASSPLQGLNTEAFF	TRBV18*01	0.000204	0.26661723641605856
CASSISEGLGQYF	TRBV19*01	0.000204	0.8032082055634739
CASSPSGFNEQYF	TRBV18*01	0.000204	0.4328840531180787
CASTQETNQPQHF	TRBV2*01	0.000204	0.308997722650549
CASSEKDKAGNSPLHF	TRBV2*01	0.000204	0.6575375678503526
CAWSVDSSGNTIYF	TRBV30*01	0.000204	0.2793123967665967
CASRTREALHEQYF	TRBV28*01	0.000204	0.7679754450436254
CASSISAGAEAFF	TRBV19*01	0.000204	0.6447682863307147
CASMARDRKNSPLHF	TRBV19*01	0.000204	0.7319242910274942
CASSQQPGQNTGELFF	TRBV4-1*01	0.000204	0.31118059876803855
CASSFWGDSGNTIYF	TRBV28*01	0.000204	0.4577345384981795
CASSPAVYNSPLHF	TRBV27*01	0.000204	0.6300915079144662
CASTITASYEQYF	TRBV28*01	0.000204	0.3999934940399208
CASSTPGGDYGYTF	TRBV19*03	0.000204	0.24122280903531299
CASSSLAGLAAGGELFF	TRBV7-2*01	0.000204	0.4719538717032477
CASSILSTSYEQYF	TRBV19*01	0.000203	0.34511495674600023
CSARDRGYGYTF	TRBV20-1*01	0.000203	0.6580981275445908
CASSQRDTPYEQYF	TRBV27*01	0.000203	0.39635780454145975
CASSVRGDIGGYTF	TRBV6-1*01	0.000203	0.5417155435667849
CSAGGTAYGYTF	TRBV20-1*01	0.000203	0.7177117158281799
CASSLAGSSREQYF	TRBV27*01	0.000203	0.29600868288808874
CASSENQPQHF	TRBV28*01	0.000203	0.06298012054748221
CASSRRTADQPQHF	TRBV28*01	0.000203	0.4071048168318416
CASSPTSTGNTIYF	TRBV5-1*01	0.000203	0.2015606318065771
CASSSYDAYEQYF	TRBV7-2*01	0.000203	0.3500458413183551
CASSRHRESDEQYF	TRBV6-2*01	0.000203	0.746939863898477
CASSLQGKNEQYF	TRBV19*01	0.000202	0.36183875787888276
CASREQASSYNSPLHF	TRBV19*01	0.000202	0.497147997107495
CASSLAGALGGYTF	TRBV28*01	0.000202	0.5365185777891338
CASSYLKDRGFKDEQYF	TRBV6-2*01	0.000202	0.946854556445761
CAWSVSNYEQYF	TRBV30*01	0.000202	0.30407962689991835
CASSFKTGGGGEQYF	TRBV19*03	0.000202	0.5808601940997945
CASSYSDRGGYGYTF	TRBV6-5*01	0.000201	0.40186827128163016
CASSLGTSGSYEQYF	TRBV27*01	0.000201	0.10686678070756654
CASSEEGTGNSPLHF	TRBV2*01	0.000201	0.28367297738608854
CAWQVLDLAYGYTF	TRBV30*01	0.000201	0.9521161259072504
CASSMGTGVNEQYF	TRBV19*01	0.000201	0.5387372593115249
CASSFRSTNYGYTF	TRBV28*01	0.000201	0.23685546607870067
CASSIGTGSYEQYF	TRBV19*01	0.000201	0.1525697103410106
CASSPQGLSQPQHF	TRBV28*01	0.000201	0.26569678766070814
CASSVNRDIIGEQYF	TRBV6-6*03	0.000201	0.7806967037354472
CAWSVDRVGYEQYF	TRBV30*01	0.000201	0.6162291373276688
CATSDSDFYAEAFF	TRBV24-1*01	0.0002	0.8381841960943234
CASSSNQPQHF	TRBV28*01	0.0002	0.08818536698179821
CASSWGASPNSEQFF	TRBV27*01	0.0002	0.8935325912850342
CASSAVRGANYGYTF	TRBV6-6*05	0.0002	0.279629764419495
CASMRESGNTIYF	TRBV6-1*01	0.0002	0.38957530486261527
CASSQGRYTEAFF	TRBV2*01	0.0002	0.2539811744317287
CASRGTIYEQYF	TRBV19*01	0.0002	0.3966254057735014
CASSEVGTGGSPLHF	TRBV6-1*01	0.0002	0.24972443358560578
CASSETPGQGGTEAFF	TRBV6-1*01	0.000199	0.3035407176428548
CASSSSRQGLDTIYF	TRBV28*01	0.000199	0.571879783268136
CASSQAKGTQQNF	TRBV11-3*01	0.000199	0.644243822290849
CAWSRTGDGYTF	TRBV30*01	0.000199	0.38639431983807954
CASSPTWTDIRLASYNEQFF	TRBV27*01	0.000199	0.8999621673344356
CASSYSSGHTDTQYF	TRBV6-2*01	0.000199	0.3949444988555296
CASSDAGTGGYEQYF	TRBV6-1*01	0.000199	0.17185839009640325
CSARRGWGGYGYTF	TRBV20-1*01	0.000199	0.9522451907983974
CASSYKTGAVGELFF	TRBV6-5*01	0.000199	0.8651400835892172
CASSLKKISYEQYF	TRBV28*01	0.000199	0.6294483778357478
CASSYSTSGKYNEQFF	TRBV6-5*01	0.000198	0.49505606015673315
CAWSPGVFNEQYF	TRBV30*01	0.000198	0.7878544362336243
CASSFPLYGASYEQYF	TRBV28*01	0.000198	0.643655922172169
CASSFAGTGLYEQYF	TRBV28*01	0.000198	0.5358002294651317
CASRPSGLYEQYF	TRBV27*01	0.000198	0.3339787259068177
CSAGTVRLGYGYTF	TRBV20-1*02	0.000198	0.9663768428082996
CASSRGDGAGTYEQYF	TRBV19*01	0.000198	0.32356366604295167
CASSIIYRDRGGYTF	TRBV19*01	0.000198	0.9244873099758808
CASGVYRGGYEQYF	TRBV28*01	0.000198	0.37104422037986823
CASSTPWPDTTDEAFF	TRBV19*01	0.000197	0.9165731206794032
CASSFPSGQVVLDSPLHF	TRBV28*01	0.000197	0.9228645344818822
CASSGQAGNTIYF	TRBV6-1*01	0.000197	0.26431347843305836
CASSSRGTSAYEQYF	TRBV27*01	0.000197	0.3252175479485927
CATSDGIRNGYTF	TRBV24-1*01	0.000197	0.7442213242276161
CASSQPGGATNEKLFF	TRBV4-1*01	0.000197	0.2484577833795299
CASKTLDRGNTEAFF	TRBV19*01	0.000197	0.7955403110521223
CASRTMDGPYEQYF	TRBV11-2*01	0.000197	0.6786828272859565
CASSPRTGGLPQHF	TRBV28*01	0.000197	0.5477933991027653
CSATTGGSGYTF	TRBV20-1*01	0.000196	0.7318939996487754
CAWTSGVGNTIYF	TRBV30*01	0.000196	0.4716303870796789
CASSPHPSQTGSNYGYTF	TRBV6-2*01	0.000196	0.8114991300689708
CASSLYRPGLGEQYF	TRBV28*01	0.000196	0.8653909620960896
CASRGTGDSYEQYF	TRBV28*01	0.000196	0.17755930078539872
CASSVEDTQYF	TRBV9*01	0.000196	0.20815293262334866
CASRFSGGRNSPLHF	TRBV6-5*01	0.000196	0.6568911329658348
CASASQGPEQYF	TRBV2*01	0.000196	0.6270373558185519
CASSSSGVDGYTF	TRBV28*01	0.000196	0.27546268903169085
CAWSQGVFQPQHF	TRBV30*01	0.000196	0.5707080300254972
CASSFRGKGGSYEQYF	TRBV27*01	0.000196	0.42531134607674215
CAWSDVAYEQYF	TRBV30*01	0.000195	0.5884692264485195
CAWSGTGDKNYGYTF	TRBV30*01	0.000195	0.49013305789445377
CASSSRRGEGGYGYTF	TRBV28*01	0.000195	0.1644429711260485
CASSLHNYYGYTF	TRBV28*01	0.000195	0.22529233645034868
CASSPDRGLLYEQYF	TRBV18*01	0.000194	0.5183121278682749
CASSLDGTGGIEAFF	TRBV28*01	0.000194	0.6282178064100081
CASSAGVAGYYEQYF	TRBV27*01	0.000194	0.30364469561249974
CASSLRDYGYTF	TRBV3-1*01	0.000194	0.12191349027843013
CASRHRDNPYEQYF	TRBV6-1*01	0.000194	0.7141629064713522
CASSLPATVAQFF	TRBV28*01	0.000194	0.8398943676184836
CASRIIGGGGYTF	TRBV6-1*01	0.000194	0.43128032669693106
CASSYSFGESNQPQHF	TRBV6-2*01	0.000193	0.4533562028773132
CASSIREQGLSGNTIYF	TRBV18*01	0.000193	0.5406116367511852
CASSRTGDSPLHF	TRBV5-1*01	0.000193	0.21968125334405836
CASKAGAISYEQYF	TRBV27*01	0.000193	0.5356873221951304
CASSYRFYEQYF	TRBV6-2*01	0.000193	0.5505591079428449
CASSSLGYEQYF	TRBV27*01	0.000193	0.1190771414604073
CASTLGTAASYEQYF	TRBV28*01	0.000192	0.5430046953026036
CSARESRDRGFYGYTF	TRBV20-1*01	0.000192	0.9267066748787093
CASSTNDRSNQPQHF	TRBV2*02	0.000192	0.30096438017512483
CASSYRTSGIYEQYF	TRBV27*01	0.000192	0.42998277098067605
CASSQSSRDQPQHF	TRBV5-1*01	0.000192	0.27786554287758464
CASTDLGLQPQHF	TRBV2*01	0.000192	0.74673410464987
CASSQVLDEQYF	TRBV4-1*01	0.000192	0.5096170737497883
CASSRDRGSSYEQYF	TRBV28*01	0.000192	0.16960982909649966
CASSLSGQGSSYSNQPQHF	TRBV28*01	0.000192	0.1995793416927039
CASTLEAGEGYEQYF	TRBV28*01	0.000192	0.30412730708664004
CASRRDRGNSPLHF	TRBV28*01	0.000192	0.4075752639512618
CASSLGTAYEQYF	TRBV5-1*01	0.000192	0.2847561592174024
CASKTGETQPQHF	TRBV2*01	0.000191	0.4219724292060885
CASRDTGEGYGYTF	TRBV2*01	0.000191	0.15738936847404505
CASSPSGGQNYEQYF	TRBV6-2*01	0.000191	0.3277052000228345
CASSIGVSPLHF	TRBV19*01	0.000191	0.4108802507585859
CASSTGTANQPQHF	TRBV28*01	0.000191	0.13776424790407168
CASSLSPQGNYEQYF	TRBV27*01	0.000191	0.29399986770171893
CASSLGVWEGTYEQYF	TRBV5-8*01	0.000191	0.5947263586699829
CSATRTNGYEQYF	TRBV20-1*02	0.000191	0.840978174046757
CASRGTSGRSGELFF	TRBV7-2*01	0.00019	0.3738545446727371
CASSFLAEGNEQYF	TRBV28*01	0.00019	0.7080658549558517
CATYGFSGVRYGYTF	TRBV24-1*01	0.00019	0.9499140173527175
CASSLGQGYRQPQHF	TRBV28*01	0.00019	0.4077380331972089
CASSFELQYEQYF	TRBV28*01	0.00019	0.4376485803473481
CASSERGQRNQPQHF	TRBV6-1*01	0.00019	0.25515550262365816
CASSPGQTLYEQYF	TRBV27*01	0.00019	0.5532246105891973
CAWSVASFYEQYF	TRBV30*01	0.00019	0.5867402068155143
CASNRDTVREPQHF	TRBV28*01	0.00019	0.7987954716004944
CAWGRGELFF	TRBV30*05	0.00019	0.5837502107311092
CASSEQGAVRNGYTF	TRBV2*01	0.00019	0.8809533918490878
CASVLSDPLANTIYF	TRBV28*01	0.00019	0.5771276701320918
CASRFPDRGQWGYTF	TRBV27*01	0.00019	0.9821929253024827
CASSDSFHTEAFF	TRBV6-1*01	0.000189	0.43007532115412145
CAWSSLGRGGYGYTF	TRBV30*01	0.000189	0.699725215333354
CASTRGLHSGNTIYF	TRBV6-1*01	0.000189	0.4896063654494479
CASRRDNYGYTF	TRBV2*01	0.000189	0.24738205279261138
CASSMEWGAISNQPQHF	TRBV19*01	0.000189	0.8114263424347411
CASRRSGGRSYEQYF	TRBV27*01	0.000189	0.23707586166596545
CAWVQRLKGYTF	TRBV30*05	0.000189	0.8751736029365023
CASRQGADEQYF	TRBV5-1*01	0.000189	0.28282550470810086
CASSTSGTEYF	TRBV11-2*01	0.000189	0.36536809734666864
CASRMGGSYTSPLHF	TRBV28*01	0.000189	0.7863723653967152
CASRNGGSSGNTIYF	TRBV6-1*01	0.000188	0.24668390966807788
CASSPISGAYEQYF	TRBV27*01	0.000188	0.31461168909856235
CSATGLAGGSYEQYF	TRBV20-1*04	0.000188	0.7658353542803382
CASSPLRGDKHF	TRBV27*01	0.000188	0.820653849936321
CASSPHGQLLYSPLHF	TRBV27*01	0.000188	0.880872054715366
CASSMNGVGNQPQHF	TRBV19*01	0.000188	0.36024788252110895
CASSEGTGSSYEQYF	TRBV6-1*01	0.000188	0.11298336218687627
CASSYKAPNGYTF	TRBV6-2*01	0.000188	0.9497781541927357
CASSERGRGHNQPQHF	TRBV2*01	0.000188	0.24543010935034032
CSASGSFYEQYF	TRBV20-1*02	0.000188	0.7192432941621378
CASEPGQLANYGYTF	TRBV6-1*01	0.000187	0.5599926799256443
CATSDASGESYEQYF	TRBV24-1*01	0.000187	0.36466851156547986
CASTSVVSGYTKRTIYF	TRBV6-1*01	0.000187	0.9764864860484265
CASVGTGISGNTIYF	TRBV6-5*01	0.000187	0.5232712867529898
CASVPQGWGQPQHF	TRBV6-6*03	0.000187	0.8134663948105476
CASNQGAEGYTF	TRBV28*01	0.000187	0.24019264962513293
CASPPSREAGEQYF	TRBV28*01	0.000187	0.5406570626747556
CASSPRTNYGYTF	TRBV18*01	0.000186	0.17692003001449894
CASSGGTALNYGYTF	TRBV6-1*01	0.000186	0.6336320953923964
CASSFYGGGYTF	TRBV28*01	0.000186	0.30315740409770187
CASSESSNQPQHF	TRBV6-1*01	0.000186	0.09532234246077093
CASSSPSAGRSYEQYF	TRBV27*01	0.000186	0.4049451977895724
CASSYSKGQSYEQYF	TRBV6-5*01	0.000186	0.40837544429590594
CASSDRDNSPLHF	TRBV6-4*01	0.000186	0.19651495258111226
CASSYSGQYGNTIYF	TRBV6-5*01	0.000186	0.30670096931454205
CASSEVGGSGNTIYF	TRBV6-1*01	0.000186	0.1669256730443401
CASSESRTGRSGNTIYF	TRBV6-1*01	0.000186	0.5145605097512774
CAWSVLANNQPQHF	TRBV30*01	0.000186	0.4635963143382422
CAWSDGWQGSYEQYF	TRBV30*01	0.000186	0.7177602950274918
CASSLDLAGVEQYF	TRBV5-1*01	0.000186	0.6637583075456944
CAWGARALSEQYF	TRBV30*05	0.000186	0.9137761351102767
CASSYLAYGYTF	TRBV6-2*01	0.000186	0.2305468337553835
CASSYSELELNRYEQYF	TRBV6-5*01	0.000186	0.5872529667534288
CAWSYGYSNQPQHF	TRBV30*01	0.000186	0.3765659623935799
CASTGQDYEQYF	TRBV27*01	0.000186	0.17019652849340136
CASSPRRQGMSEQYF	TRBV18*01	0.000186	0.5791008080940006
CASNPPRTASNQPQHF	TRBV28*01	0.000185	0.7826242327248946
CASRTGTGNYEQYF	TRBV6-2*01	0.000185	0.17539526867106606
CASSRGTEREQYF	TRBV28*01	0.000185	0.4768070319379811
CASSERWDSYGYTF	TRBV2*01	0.000185	0.6256399094804125
CASSETGTGSYNSPLHF	TRBV2*01	0.000185	0.2533424437189365
CASSPARGDSNQPQHF	TRBV6-6*05	0.000185	0.33164402350793676
CASRPDAGLSNQPQHF	TRBV5-1*01	0.000185	0.7270140681428744
CASSYWRGQSYEQYF	TRBV6-2*01	0.000185	0.6996018191230489
CASSETGSADYEQYF	TRBV2*01	0.000185	0.17070263980554487
CASSQDRGGISGNTIYF	TRBV4-3*01	0.000185	0.3608231566797257
CATSDFGGSGYTF	TRBV24-1*01	0.000185	0.3814894324159367
CASNGGQGVGSPLHF	TRBV27*01	0.000185	0.6077654505756779
CASSPGSSGNTIYF	TRBV5-1*01	0.000184	0.11028961818704215
CASSYGGGFYEQYF	TRBV27*01	0.000184	0.2972070452671908
CASSTSGTGDLAF	TRBV19*01	0.000184	0.4575308597441355
CASSFNTGTAWGGYTF	TRBV27*01	0.000184	0.8970469346172983
CASSISTPDRGNEQYF	TRBV19*01	0.000184	0.8756917227342459
CASSLASGHRYEQYF	TRBV5-1*01	0.000184	0.6318632246747659
CSARDSTYQPQHF	TRBV20-1*04	0.000184	0.9480976733032088
CASSYSKDAPIFYEQYF	TRBV6-5*01	0.000184	0.8982377564441117
CSAHGTGFYEQYF	TRBV20-1*01	0.000183	0.807196335540978
CASSLWGRSYEQYF	TRBV28*01	0.000183	0.43005023643303886
CASSYSGTGFGYTF	TRBV6-2*01	0.000183	0.5275302020579283
CASSLSPTGTKISHEQYF	TRBV27*01	0.000183	0.8868834327462314
CAWSRQGVWELFF	TRBV30*01	0.000183	0.706319791693417
CASSLNSGGSYEQYF	TRBV7-8*01	0.000183	0.16899048559100677
CASSQTGNEAFF	TRBV6-6*04	0.000183	0.1614271017894116
CASSFGGSLFEGNTIYF	TRBV6-2*01	0.000183	0.5838634785411629
CSADQPLGTSAYTF	TRBV20-1*01	0.000183	0.9798698576656715
CATLRDSNQPQHF	TRBV2*02	0.000183	0.5044121006793735
CSARDVEDNRNTEAFF	TRBV20-1*01	0.000183	0.9260688377190657
CASTSDRGYEQYF	TRBV6-1*01	0.000183	0.20361956134751127
CASSYGNYGYTF	TRBV6-2*01	0.000183	0.2106372833650223
CATSDPGQGHEQYF	TRBV24-1*01	0.000183	0.5814167064307881
CASSFLAGGYEQYF	TRBV28*01	0.000183	0.22746028821878653
CAWSITSGSFEQYF	TRBV30*01	0.000183	0.6704596292181434
CAWSPHARDSYGYTF	TRBV30*01	0.000182	0.932014892005887
CASSQGGQTWAGNTIYF	TRBV3-1*01	0.000182	0.784596879649355
CASAGSGYTF	TRBV19*01	0.000182	0.2066022152295752
CASSQATGELFF	TRBV3-1*01	0.000182	0.1757085589346422
CAWSVMGRPSNYGYTF	TRBV30*01	0.000182	0.8552770436997658
CASSRLGIEAFF	TRBV19*01	0.000182	0.5200851453538218
CATSRDTEYPEAFF	TRBV15*01	0.000182	0.8647402860510733
CASKGGQGAYEQYF	TRBV28*01	0.000182	0.302058123414134
CASSQRDGYEQYF	TRBV4-1*01	0.000182	0.22351614761011157
CSALPPSYEQYF	TRBV20-1*01	0.000182	0.9334620189959104
CASTRTGMENTEAFF	TRBV6-1*01	0.000182	0.4276205241411692
CASSFTPGTGYNEQFF	TRBV28*01	0.000182	0.4988169990202939
CASSLDGQNYGYTF	TRBV11-2*01	0.000182	0.23996200608425883
CASSLADYSNQPQHF	TRBV6-2*01	0.000181	0.18837117869173964
CATEGRDEQYF	TRBV19*01	0.000181	0.3913592065005723
CASSYSPDRVHQPQHF	TRBV6-2*01	0.000181	0.7103387101095064
CASRGDTHYEQYF	TRBV19*01	0.000181	0.45496838794868044
CASSYSGTGDNSPLHF	TRBV6-5*01	0.000181	0.3100732671398656
CASSFQGRNQPQHF	TRBV28*01	0.000181	0.27706016748917134
CASSHEKRGYGYTF	TRBV4-2*01	0.000181	0.44806166706968464
CASSLGAGALEQYF	TRBV4-1*01	0.000181	0.5373132928087345
CAWISGESYEQYF	TRBV30*01	0.000181	0.7370089485341529
CASSYSSPGKGGYTF	TRBV6-5*01	0.000181	0.799291205809885
CASSYLDRANSPLHF	TRBV28*01	0.000181	0.8614074001922299
CAWTGYTEAFF	TRBV30*01	0.000181	0.5971080842408193
CASSLSIGGQGREQYF	TRBV27*01	0.000181	0.5321091786696702
CASTPTGIYNSPLHF	TRBV2*01	0.000181	0.7621091643803702
CASSHDRGDYGYTF	TRBV5-1*01	0.000181	0.19578272609961672
CASSYGPGLESPLHF	TRBV6-2*01	0.000181	0.7640199097791248
CASSLLDRANTGELFF	TRBV28*01	0.000181	0.49188276550599985
CAWKDRGFDYGYTF	TRBV30*01	0.00018	0.943966466053938
CASSYWDNSGNSPLHF	TRBV6-2*01	0.00018	0.5947981307984418
CASSSVLGSGNTIYF	TRBV28*01	0.00018	0.23563711088823802
CAWSEGGGLNEQYF	TRBV30*01	0.00018	0.5507363894445765
CASSEGRGLTYEQYF	TRBV2*01	0.00018	0.2648848547501478
CASSDRDNNEQFF	TRBV6-4*01	0.00018	0.26438569191168365
CAISETRRQSTSGNTIYF	TRBV10-3*01	0.00018	0.593236199070765
CSAGDGHSYEQYF	TRBV20-1*01	0.00018	0.9253729962581226
CASSRTESYGYTF	TRBV6-6*04	0.00018	0.1928975022856393
CASSDVSGNTIYF	TRBV2*01	0.00018	0.16714819422186805
CASSSGIQPQHF	TRBV28*01	0.00018	0.115399753372262
CASSSVRGYEQYF	TRBV6-6*05	0.00018	0.15181744094688823
CASSIGSYGYTF	TRBV19*01	0.00018	0.15628158801876435
CASSLDRASPLHF	TRBV11-3*01	0.000179	0.44516281159178384
CASSVAGEGSPLHF	TRBV6-1*01	0.000179	0.4667547763359555
CASSLGGGEVYEQYF	TRBV27*01	0.000179	0.20636403978379256
CASSTIQGRSYEQYF	TRBV27*01	0.000179	0.5451688473352441
CATTQGAWYGYTF	TRBV19*01	0.000179	0.8195891949855537
CASSPSTAYNSPLHF	TRBV6-6*04	0.000179	0.5108145779973644
CASSPGLAGFQEQYF	TRBV3-1*01	0.000179	0.4387450566611003
CSARSGGWGSDEQYF	TRBV20-1*05	0.000179	0.9034152050378235
CASRETGFSGYTF	TRBV28*01	0.000179	0.7510222263796592
CASSKSTGGYEKLFF	TRBV5-1*01	0.000179	0.3109279439673412
CAWSWGGTAYGYTF	TRBV30*01	0.000179	0.6756054733762518
CASSLADGVPGDYGYTF	TRBV5-1*01	0.000179	0.5694663703801496
CASSRQGGNQPQHF	TRBV2*01	0.000179	0.07812894496919437
CASRAQGRPYEQYF	TRBV28*01	0.000179	0.4607131028651847
CASSQDGLYGYTF	TRBV6-2*01	0.000178	0.1933666177355054
CASSFRGAGNTIYF	TRBV6-5*01	0.000178	0.22082338696068624
CASSFSRYQPQHF	TRBV28*01	0.000178	0.33652740238516404
CASSAYTGFPYGYTF	TRBV6-1*01	0.000178	0.7332663175080643
CASSSHLRQGSGYTF	TRBV6-6*03	0.000178	0.8370212662670728
CASSLAVGRNYGYTF	TRBV5-1*01	0.000178	0.3594054776931084
CASSPWSDEQYF	TRBV11-2*01	0.000178	0.4637000266448252
CASSLFRDRATPVGELFF	TRBV27*01	0.000178	0.9437280359426576
CASSEAAGDTGELFF	TRBV6-1*01	0.000178	0.1680260348257716
CASSQEKTGNYGYTF	TRBV4-1*01	0.000178	0.5097508397052104
CASRSGRDGYTF	TRBV28*01	0.000178	0.38194892571993194
CAWSTRDYEQYF	TRBV30*01	0.000178	0.596796514021716
CASSYSQGVTSPLHF	TRBV6-5*01	0.000178	0.5866528302634876
CSARVVPEAFF	TRBV20-1*01	0.000178	0.9758542795416377
CAWSKHTGASGNTIYF	TRBV30*01	0.000178	0.7103543098089884
CATRDRVSGNTIYF	TRBV6-1*01	0.000177	0.5253732142107672
CASRDTGQGNSPLHF	TRBV19*01	0.000177	0.28005708595300316
CASTQKRGGDEQYF	TRBV27*01	0.000177	0.7008932727939977
CAWTLGTYEQYF	TRBV30*01	0.000177	0.609715566796438
CSATMGNTEAFF	TRBV20-1*04	0.000177	0.6610019953460453
CAPARPRGHYGYTF	TRBV30*01	0.000177	0.7091241397931459
CSARDDGVYGYTF	TRBV20-1*01	0.000177	0.8669963536402968
CASTSGYRVRMNTEAFF	TRBV2*01	0.000177	0.8653275014830908
CASSEIGGGNTIYF	TRBV6-1*01	0.000177	0.1975676483539473
CASTRGGGGYNEQFF	TRBV19*01	0.000177	0.2593799091412566
CASSTHRGRNSPLHF	TRBV28*01	0.000177	0.7325032924354848
CASRSRVLGGYTF	TRBV6-1*01	0.000177	0.6432904238009158
CASSPRGTGSSGNTIYF	TRBV28*01	0.000177	0.1445857840636459
CSARDLGRLNYGYTF	TRBV20-1*01	0.000177	0.8911112280142063
CASSSITEWDQPQHF	TRBV28*01	0.000177	0.7333170262329156
CASRNSYRARGYTF	TRBV6-5*01	0.000177	0.9117931016899701
CASTRQGAYEQYF	TRBV2*01	0.000177	0.2939491459769291
CASSPNLDSYEQYF	TRBV18*01	0.000176	0.3832201141436756
CATRSGEQGYYEQYF	TRBV6-2*01	0.000176	0.48566625476413383
CASQSLAAGNTIYF	TRBV27*01	0.000176	0.5559933995264552
CASSSDRQRSNYGYTF	TRBV6-5*01	0.000176	0.24135392426560504
CASMNRGGAYEQYF	TRBV28*01	0.000176	0.39634778629868195
CASSFSGTGQGYTF	TRBV5-1*01	0.000176	0.27889041033947604
CAWKKSGNTIYF	TRBV30*01	0.000176	0.5221009540949675
CASSFRGQGADEQYF	TRBV2*01	0.000176	0.4581191995415217
CARKERDRPAYEQYF	TRBV2*01	0.000176	0.8501096854612652
CASSFRPPSSYEQYF	TRBV28*01	0.000176	0.769541147695046
CASSSRTGIYNEQFF	TRBV28*01	0.000176	0.5173786322614592
CASSLRPQGTLPYEQYF	TRBV27*01	0.000176	0.8480407279419006
CAWRGLGTYEQYF	TRBV30*01	0.000176	0.7426907621782232
CASSDSNTGELFF	TRBV6-4*01	0.000176	0.12115241160475787
CSAPDRGDGYTF	TRBV20-1*01	0.000176	0.7961713927220425
CASSLNQPQHF	TRBV28*01	0.000176	0.07792357428118124
CATSRDMQQANYGYTF	TRBV15*01	0.000176	0.7980211605730944
CASSSLGEATEAFF	TRBV6-2*01	0.000175	0.28779326323229654
CATSLGPGNTIYF	TRBV24-1*01	0.000175	0.3666048500609248
CASSTGVVQPQHF	TRBV19*03	0.000175	0.324811601302362
CAWSVVLVGEQYF	TRBV30*01	0.000175	0.7676247067713001
CSARDPTTSNQPQHF	TRBV20-1*01	0.000175	0.9391579186395689
CASSWQGVYEQYF	TRBV28*01	0.000175	0.31132045030305966
CASSYGEGGQYF	TRBV6-5*01	0.000175	0.4629672492484969
CASSEEGSSGNTIYF	TRBV2*01	0.000175	0.11396140242063879
CASSTTGTSYEQYF	TRBV19*01	0.000175	0.1457917584395471
CASPGQGVKYGYTF	TRBV2*01	0.000175	0.8161505493614782
CASSYRPDRGTLNPLLGYTF	TRBV6-2*01	0.000175	0.9859641152922412
CATSDLGQSQPQHF	TRBV24-1*01	0.000175	0.4453724026280974
CASSLEVGGYTF	TRBV11-2*01	0.000175	0.20109135808287273
CASSLATGAYEQYF	TRBV27*01	0.000175	0.17620655475208719
CASPRGAGYGYTF	TRBV30*01	0.000174	0.27559059021972065
CASTLPGRYPYEQYF	TRBV28*01	0.000174	0.857210489216145
CASFIVGSLSGNTIYF	TRBV6-1*01	0.000174	0.9223153204264215
CSAYQTENSGNTIYF	TRBV20-1*01	0.000174	0.8792512966490976
CASSYGVTSNQPQHF	TRBV6-2*01	0.000174	0.31368620347580467
CASRADRALSNQPQHF	TRBV2*01	0.000174	0.7464124762327985
CASSEPGTSNYGYTF	TRBV6-1*01	0.000174	0.27100251391966773
CASSFRTGKDEQYF	TRBV27*01	0.000174	0.6687255240068679
CALLQGSSYEQYF	TRBV30*01	0.000174	0.2757189567001865
CASKLTFGGTGQTYEQYF	TRBV2*01	0.000174	0.6437965307050764
CASSPSTGGYYEQYF	TRBV28*01	0.000174	0.245845324871115
CASSPGLEGRETQYF	TRBV11-3*01	0.000174	0.4610941211016231
CASRGYRELGEKLFF	TRBV11-2*01	0.000174	0.9319237556364293
CAWRDQLSGNTIYF	TRBV30*01	0.000174	0.7571194813197016
CASRPYGADPSGNTIYF	TRBV28*01	0.000173	0.8558049466104111
CASRGTGGTYEQYF	TRBV6-2*01	0.000173	0.1550175325717407
CASSRTGYGYTF	TRBV6-6*04	0.000173	0.11922376308811136
CASKQQGWDGYTF	TRBV30*01	0.000173	0.9271990052922953
CASSMGSYGYTF	TRBV19*01	0.000173	0.13685605451662286
CASNSPGQGIYEQYF	TRBV19*01	0.000173	0.5006024462049494
CASSYSLDSSYEQYF	TRBV6-5*01	0.000173	0.26381505221801627
CASSEARGYEQYF	TRBV6-1*01	0.000173	0.11903753198638653
CASIPDLNTEAFF	TRBV2*01	0.000173	0.5966142982926137
CASSAGVPYGYTF	TRBV28*01	0.000173	0.2928324756601407
CAWSHYEQYF	TRBV30*01	0.000173	0.39019556906161457
CASSDHSGTGNEKLFF	TRBV6-1*01	0.000173	0.2034704067946376
CASSLVWTENSPLHF	TRBV7-8*01	0.000173	0.8354826686747718
CASSRGFGYGYTF	TRBV6-2*01	0.000173	0.20778544652422049
CASRPSSYEQYF	TRBV27*01	0.000173	0.2917879187668834
CASIIPRARTGTYNSPLHF	TRBV6-6*04	0.000173	0.9159184890682481
CASSPSGFNYEQYF	TRBV27*01	0.000173	0.535322305499224
CASSLLGTGDGYTF	TRBV27*01	0.000173	0.3193550412795251
CSATSGTGRDGYTF	TRBV20-1*01	0.000172	0.8458649909096291
CASSRDGLSYEQYF	TRBV27*01	0.000172	0.25839232073917784
CSARGRDRGGQPQHF	TRBV20-1*01	0.000172	0.9536942237389747
CASSSRIAGGPYEQYF	TRBV27*01	0.000172	0.4518237318999658
CASRRGGVNNSPLHF	TRBV28*01	0.000172	0.454202469513245
CASSIMVNSPLHF	TRBV19*01	0.000172	0.7570065904997639
CASSYSGSGVGNTEAFF	TRBV6-5*01	0.000172	0.3319012535139461
CASSFQGASSPLHF	TRBV5-1*01	0.000172	0.4865855736132635
CASSLTGRTEAFF	TRBV19*01	0.000172	0.2101008782556226
CASSPGTGPFYEQYF	TRBV27*01	0.000172	0.6504983103262392
CASSLVFGQLYEQYF	TRBV28*01	0.000172	0.6470223652717254
CSATAIGRQGYEQYF	TRBV20-1*01	0.000172	0.9304881779911943
CASSPPPPGQGVNSPLHF	TRBV28*01	0.000172	0.8921203077894144
CASSPQGIGSPLHF	TRBV28*01	0.000171	0.42402223174695247
CSARDRRDSGSGNTIYF	TRBV20-1*01	0.000171	0.8043062458583636
CASSITLAGGYEQYF	TRBV19*01	0.000171	0.4843430017957535
CSAPTTLNTEAFF	TRBV20-1*01	0.000171	0.9548706758984523
CASRTQGARDYGYTF	TRBV19*01	0.000171	0.5877385594777871
CASSGTSGESYEQYF	TRBV6-1*01	0.000171	0.181412712395124
CAWRGLAGGYEQYF	TRBV30*01	0.000171	0.6581080384573301
CASMEGNNSPLHF	TRBV19*01	0.000171	0.5558243994909101
CSARLPNGYEQYF	TRBV20-1*01	0.000171	0.9505510899339968
CASSAYLAPRGEQYF	TRBV28*01	0.000171	0.9053724765506794
CASRRTGGINQPQHF	TRBV27*01	0.000171	0.26911534319093483
CASSDRGLGGGAFF	TRBV6-1*01	0.000171	0.7297530221354188
CASSQGVGTGGVEQYF	TRBV3-1*01	0.000171	0.41440826987027574
CASSLRTGGQEKLFF	TRBV27*01	0.000171	0.2394148325907551
CASSEKLGTAWGNTIYF	TRBV6-1*01	0.000171	0.8196626862845989
CASSEGWNQPQHF	TRBV2*01	0.000171	0.1623942081876803
CASSEDREFTYEQYF	TRBV2*01	0.00017	0.5303223037136665
CASSEVGGGADTQYF	TRBV6-1*01	0.00017	0.16723128572716298
CASSWRGYNQPQHF	TRBV19*01	0.00017	0.32290754200396415
CAWSPQTGYNSPLHF	TRBV30*05	0.00017	0.6915923302351815
CASAWTVDSNQPQHF	TRBV19*01	0.00017	0.8369036568842966
CATSDLSGDTDTQYF	TRBV24-1*01	0.00017	0.3469228615773826
CASSEGTSYEQYF	TRBV2*01	0.00017	0.13529022469941485
CAWTGDGYEQYF	TRBV30*01	0.00017	0.6298042082351643
CASSDDRNTGELFF	TRBV6-4*01	0.00017	0.1884042968560922
CASSQGQSSYEQYF	TRBV4-1*01	0.00017	0.2203129379897438
CASSTGGKRSYTF	TRBV27*01	0.00017	0.37823069243509017
CSARFGEAQPQHF	TRBV20-1*05	0.00017	0.8983074076887712
CASEGNTYNSPLHF	TRBV14*01	0.00017	0.5997302582319506
CASSLGGTWSSYNSPLHF	TRBV5-1*01	0.00017	0.575008288257664
CSASATGNPGQPQHF	TRBV20-1*02	0.00017	0.9185689216030019
CASSLEGLDSPLHF	TRBV7-3*01	0.00017	0.5139343670779957
CSARADREYQPQHF	TRBV20-1*01	0.00017	0.9505870953821766
CASSGRDSLSEQYF	TRBV19*01	0.00017	0.6718939980045268
CASSPPPDRVAGGYTF	TRBV18*01	0.00017	0.8997870709926908
CAWSAYPGRTEAFF	TRBV30*01	0.00017	0.9102521538618639
CATSEYRVDQPQHF	TRBV24-1*01	0.000169	0.7205734857452402
CASSEGRGRRNQPQHF	TRBV6-1*01	0.000169	0.40134180356256854
CASSYTGTNYYEQYF	TRBV6-2*01	0.000169	0.35697699933296345
CASSWTGGDEQYF	TRBV2*01	0.000169	0.38220582284375265
CASSSDGNYGYTF	TRBV5-1*01	0.000169	0.11906978884060306
CASRLSGTGDGYTF	TRBV2*01	0.000169	0.30931036435264625
CASSGRGPSGNTIYF	TRBV28*01	0.000169	0.26200628683455895
CASSEYRANTYEQYF	TRBV10-1*01	0.000169	0.4515687574228194
CASSYPGLPYEQYF	TRBV7-9*01	0.000169	0.6437214860686891
CASNQDRMGYGYTF	TRBV28*01	0.000169	0.5110860660783726
CASSEALVASNQPQHF	TRBV2*01	0.000169	0.4844871309457511
CASSWVTYEQYF	TRBV28*01	0.000169	0.5710035727435562
CSARVSGGRYGYTF	TRBV20-1*01	0.000169	0.835042459421175
CATRQGSSYEQYF	TRBV24-1*01	0.000169	0.2813768256600594
CASNRINQPQHF	TRBV6-2*01	0.000169	0.33490803127178254
CASSYGSYRDEQYF	TRBV7-2*01	0.000169	0.7529873510339952
CASTRGSQAPSNQPQHF	TRBV6-2*01	0.000168	0.8283190719103718
CASSLVGLGTRDTEAFF	TRBV2*01	0.000168	0.7193719060787874
CATEILSKHYYGYTF	TRBV15*02	0.000168	0.8647603352021368
CASSSYSYEQYF	TRBV28*01	0.000168	0.129899653492176
CASSLTGTGAHAEQYF	TRBV27*01	0.000168	0.6478542443696446
CASSLVGQMNQPQHF	TRBV27*01	0.000168	0.3163757508095376
CASERDSAYEQYF	TRBV28*01	0.000168	0.3530148937801014
CATSDPWTITQPQHF	TRBV24-1*01	0.000168	0.9188962647054789
CASSLKGRNYGYTF	TRBV27*01	0.000168	0.36491496418463326
CASSQEQGDWRQPQHF	TRBV18*01	0.000168	0.6760216428714023
CASSYSAGYVNTEAFF	TRBV6-2*01	0.000168	0.23506622388967646
CATRPRESSGNTIYF	TRBV10-3*01	0.000168	0.5056761523345578
CASSDRGPVYNSPLHF	TRBV6-1*01	0.000168	0.7650247127699668
CSARGGYGYTF	TRBV20-1*01	0.000168	0.6639080269163464
CASSPSGTGSYEQYF	TRBV19*01	0.000168	0.19761818863229635
CASSARTGYEQYF	TRBV14*02	0.000168	0.1590155128955886
CASSLGGIYEQYF	TRBV3-1*01	0.000168	0.180788004319304
CASGQYEAFF	TRBV19*01	0.000168	0.32146958182326135
CASQDRAYSNQPQHF	TRBV6-1*01	0.000168	0.4725819100277252
CASSPGTAYEQYF	TRBV27*01	0.000167	0.29857294990827976
CASKRQGSYNSPLHF	TRBV27*01	0.000167	0.5123046598214785
CASSYSTHGYTF	TRBV6-2*01	0.000167	0.6278788021721163
CASSEEDRDKTGEQYF	TRBV6-1*01	0.000167	0.7255265904831184
CASSPRQKSSPYTF	TRBV19*01	0.000167	0.79535243447878
CACLGQGDYEQYF	TRBV30*01	0.000167	0.524693455177203
CASSLLETGYARGYEQYF	TRBV28*01	0.000167	0.552795190461776
CATSEPGSPLYGYTF	TRBV24-1*01	0.000167	0.7880635693602641
CASTSEETSYEQYF	TRBV6-1*01	0.000167	0.32107668972426606
CASSYRDVKYEQYF	TRBV6-5*01	0.000167	0.6638752952422217
CASSTPGDTSSGNTIYF	TRBV28*01	0.000167	0.2684440307163992
CAWSAGTGETYEQYF	TRBV30*01	0.000167	0.6189665734887301
CASSEGTSASYEQYF	TRBV6-1*01	0.000167	0.23105721297096765
CASSSLGHPDYGYTF	TRBV4-1*01	0.000167	0.4429072338266702
CASSTDRSYEQYF	TRBV19*01	0.000167	0.1447112113071051
CAWDADLSNQPQHF	TRBV30*05	0.000167	0.8832206179299923
CASSRGQGTYGYTF	TRBV19*01	0.000167	0.19657756464218845
CASSLASRRAGQPQHF	TRBV7-2*01	0.000167	0.5848974671019215
CASKTLIQPEYEQYF	TRBV27*01	0.000167	0.6694959126207871
CARRKAHGYTF	TRBV19*01	0.000167	0.9092419678555789
CASSYSIAASYEQYF	TRBV6-5*01	0.000166	0.5005147008269927
CSAPRTERGYTF	TRBV20-1*01	0.000166	0.9822123634633583
CAWRKDNSYEQYF	TRBV30*01	0.000166	0.7586082030236536
CASSYTGTETPHGYTF	TRBV6-5*01	0.000166	0.8558278203410822
CATSSLNEQFF	TRBV15*02	0.000166	0.28332975705060603
CASRNGFSGNTIYF	TRBV2*01	0.000166	0.3591512580594473
CSARISLTEAFF	TRBV20-1*01	0.000166	0.9794542947005548
CASSISYLPGGYTF	TRBV19*01	0.000166	0.8954687265476065
CASRWVSGGVYEQYF	TRBV6-6*03	0.000166	0.5967525672379148
CAISGGTPNSPLHF	TRBV10-3*01	0.000166	0.7583954730578932
CASSMREGEQYF	TRBV19*01	0.000166	0.43799705050227966
CASSYSGTGGYEQYF	TRBV6-2*01	0.000166	0.13233062283526903
CASSLAGTGRNYEQYF	TRBV7-2*01	0.000166	0.21810839048377711
CASTLGSGVYEQYF	TRBV11-2*01	0.000166	0.27885892125800377
CASSPPMGKGEQYF	TRBV18*01	0.000166	0.7028886981745313
CASSLDRFNQPQHF	TRBV6-2*01	0.000166	0.32074332855275456
CASSPGTGVSYEQYF	TRBV27*01	0.000165	0.20204246630921413
CASSERQGSGNTIYF	TRBV2*01	0.000165	0.1572505178706182
CASTPLANYMNTEAFF	TRBV27*01	0.000165	0.5078626498570755
CASSSPIAGGHEQYF	TRBV6-2*01	0.000165	0.44445194742217753
CASSYSKTSNQPQHF	TRBV6-5*01	0.000165	0.4280039931451277
CASSVALQGAYGYTF	TRBV6-1*01	0.000165	0.3839453149941752
CASSIPSHRGPPYEQYF	TRBV6-1*01	0.000165	0.8244812655903537
CASSPPGDSTYEQYF	TRBV18*01	0.000165	0.507798013300452
CASSDTGTGFYGYTF	TRBV6-2*01	0.000165	0.3675942341449379
CASSLDPGFSGNTIYF	TRBV7-2*01	0.000165	0.3729402998633925
CSARDRDRGILYEQYF	TRBV20-1*01	0.000165	0.9608979492429999
CAWSVEASGGYEQYF	TRBV30*01	0.000164	0.4813512348625732
CASSYSASANQPQHF	TRBV6-6*01	0.000164	0.5701782999357207
CASSLSAQDTYEQYF	TRBV27*01	0.000164	0.2835298617122675
CASSLWDSNNSPLHF	TRBV28*01	0.000164	0.4687692563233843
CASSLDTQRIYGYTF	TRBV7-8*01	0.000164	0.46566549641732097
CASSLTSGHFYEQYF	TRBV5-1*01	0.000164	0.6214078024161259
CASSLYATTYEQYF	TRBV28*01	0.000164	0.49053129519959404
CASRSAGTEYYEQYF	TRBV28*01	0.000164	0.35252223060956417
CAWSVQNPGNTIYF	TRBV30*01	0.000164	0.7978188325092443
CASVMGQIYGYTF	TRBV2*01	0.000164	0.8031249636693994
CASSFGRASSYNSPLHF	TRBV27*01	0.000164	0.38857462195014175
CAWSVPNINQPQHF	TRBV30*01	0.000164	0.5859563549269843
CASSDSSGHNEQFF	TRBV6-4*01	0.000164	0.25633909875524863
CASTGGVVYGYTF	TRBV28*01	0.000164	0.40312976673024337
CASSGTGRTEAFF	TRBV27*01	0.000164	0.14008766024192718
CASSIPGQGYEQYF	TRBV5-1*01	0.000164	0.18698602716295104
CASSIGGTIYEQYF	TRBV6-6*03	0.000164	0.49963031715930567
CASSIARSWTGTGYTF	TRBV19*01	0.000164	0.7200792716748743
CSARDQLAGETGELFF	TRBV20-1*01	0.000164	0.895312269989958
CASSPAGGTNEKLFF	TRBV6-6*05	0.000164	0.2665262701416497
CATSDGLLGGAQYNQPQHF	TRBV24-1*01	0.000163	0.6933432740580653
CACVLGTRHTYEQYF	TRBV30*01	0.000163	0.959436961420377
CASSLLQGSSYGYTF	TRBV28*01	0.000163	0.128564119066019
CASSYGTGSYEQYF	TRBV27*01	0.000163	0.2022818496403918
CASSERRRQGSYEQYF	TRBV2*01	0.000163	0.32548169482486544
CASSARDGPYEQYF	TRBV2*01	0.000163	0.3076607492871137
CASIGTGSNYGYTF	TRBV19*01	0.000163	0.25489443634150455
CASSVAGNNYGYTF	TRBV9*01	0.000163	0.250123219318102
CASPRGSTYGYTF	TRBV30*01	0.000163	0.2706727611533954
CASYPSVGQYYEQYF	TRBV6-1*01	0.000163	0.7405282499348831
CASTYQGQTYEQYF	TRBV6-1*01	0.000163	0.4814717823261869
CASSGQGAGQPQHF	TRBV28*01	0.000163	0.10824063149583833
CASSQFIQGGEQYF	TRBV16*01	0.000163	0.567273124253411
CSARAGVGYGYTF	TRBV20-1*01	0.000163	0.8968394423454943
CAWSEHVYEQYF	TRBV30*01	0.000163	0.623559728659034
CSAPLDRSNTEAFF	TRBV20-1*01	0.000163	0.9117637209292505
CASSFGLNYEQYF	TRBV19*01	0.000163	0.19746659702820588
CATSVTNQPQHF	TRBV24-1*01	0.000163	0.1770094301441298
CASREDGYYGYTF	TRBV6-1*01	0.000163	0.33569199189170545
CSARARLAGVHEQYF	TRBV20-1*01	0.000163	0.9601536359543161
CASKLGQGGGYTF	TRBV27*01	0.000163	0.2952912617642205
CASSYPPEYGYTF	TRBV6-2*01	0.000162	0.7870632103454865
CASSKGRINYGYTF	TRBV28*01	0.000162	0.4172248853497863
CASSMAGAVNQPQHF	TRBV19*01	0.000162	0.35279821189712374
CASSLTSSGADEQYF	TRBV6-6*04	0.000162	0.2666807590430669
CASRRTSAGEQYF	TRBV19*01	0.000162	0.6913549747656567
CASVRRGNQPQHF	TRBV6-6*03	0.000162	0.4198808404114129
CASSLTGDYEQYF	TRBV5-1*01	0.000162	0.10606189204348997
CASKVTAVRGTYEQYF	TRBV6-5*01	0.000162	0.9402315706811312
CASKGRADSYGYTF	TRBV2*01	0.000162	0.3802195398813441
CASRREGSEQYF	TRBV2*01	0.000162	0.2808824642190968
CASSITKLAGEGEQYF	TRBV6-6*03	0.000162	0.8526335575289545
CASSIVGAGYEQYF	TRBV19*01	0.000162	0.2897045841156205
CAWSGLAGPDTQYF	TRBV30*01	0.000161	0.7480820874294348
CASRLKTSGRDEQYF	TRBV6-6*03	0.000161	0.8548742550798688
CASSLSVGQNYGYTF	TRBV27*01	0.000161	0.19635064408827946
CASSEHHSNQPQHF	TRBV6-1*01	0.000161	0.4122043945314617
CASSPGGGWDRGNQPQHF	TRBV28*01	0.000161	0.6898295611533181
CASSKPGTATYEQYF	TRBV6-2*01	0.000161	0.5191389568248701
CAWASGTALIEQYF	TRBV30*05	0.000161	0.9323585075565499
CATICRPGTSGRQAYEQYF	TRBV24-1*01	0.000161	0.9564113896093077
CASGRTGENSPLHF	TRBV6-1*01	0.000161	0.42362222377801134
CASRIGNTIYF	TRBV7-8*01	0.000161	0.24248496975180245
CASSFPAGAGDSPLHF	TRBV28*01	0.000161	0.6531831544107938
CASSEADYNSPLHF	TRBV2*01	0.000161	0.3420616597041221
CASSPLPGGYTF	TRBV28*01	0.000161	0.48864742680149326
CASSEQIGNSPTEQYF	TRBV6-1*01	0.000161	0.8348430158365434
CASREAGGPYEQYF	TRBV28*01	0.000161	0.17840981179396945
CASRQGRFVGYTF	TRBV27*01	0.000161	0.6833520871549126
CSARARTTRGSNQPQHF	TRBV20-1*01	0.000161	0.9701609944913727
CSAVTSSSSGNTIYF	TRBV20-1*01	0.000161	0.7042608780725019
CAWWDRATSPLHF	TRBV30*01	0.000161	0.8531529154643215
CASSFDRAEQYF	TRBV11-2*01	0.000161	0.4961243079503232
CSAKGLAGVLDTQYF	TRBV20-1*01	0.000161	0.9672330266934334
CASSLSPGQQAYEQYF	TRBV5-1*01	0.00016	0.5847101060737493
CSARLAKDYEQYF	TRBV20-1*05	0.00016	0.9466177820598844
CASSIRTSDSYEQYF	TRBV19*01	0.00016	0.48716981791310526
CASSQDGTLVPYEQYF	TRBV3-1*01	0.00016	0.9379269508396406
CASSLLSGVSYEQYF	TRBV27*01	0.00016	0.2738494187903026
CASSYSTGTPLHF	TRBV6-2*01	0.00016	0.6334172114806733
CASMRGYEQYF	TRBV19*01	0.00016	0.5750198461876556
CAWSEGTGAVYGYTF	TRBV30*01	0.00016	0.6772610411163468
CASSQDGTGGYGYTF	TRBV4-3*01	0.00016	0.17709598183764957
CASKGQGYGYTF	TRBV19*01	0.00016	0.20483263839624508
CSARDERNGYTGELFF	TRBV20-1*01	0.00016	0.9146987949998541
CAWSRGFSYEQYF	TRBV30*01	0.00016	0.4686065800913932
CASTKTASGNTIYF	TRBV6-2*01	0.00016	0.51128660233463
CASRPGHPNTEAFF	TRBV27*01	0.00016	0.4617789149287699
CASTRVWPYEQYF	TRBV6-2*01	0.00016	0.8619223403240581
CASSRSSYEQYF	TRBV13*01	0.00016	0.11516837546533651
CASTSRLDGYTF	TRBV6-6*04	0.00016	0.5465336919035026
CASSLAGGNSEQYF	TRBV28*01	0.000159	0.37654333593793576
CASSLGRGLGNTIYF	TRBV13*01	0.000159	0.21511970798655874
CASTTTGYSNQPQHF	TRBV19*03	0.000159	0.33221591719287474
CASSSFRDGRISGNTIYF	TRBV28*01	0.000159	0.7496402365168996
CASNGQGSNQPQHF	TRBV6-6*05	0.000159	0.1868196474804899
CASRRSVAGSDEQFF	TRBV6-1*01	0.000159	0.7006755660159785
CASSWAGDRNQPQHF	TRBV6-2*01	0.000159	0.546777944645494
CASQPTETSNYGYTF	TRBV27*01	0.000159	0.5021506191782781
CASSPQNYLGEQYF	TRBV18*01	0.000159	0.7975618891590665
CATSRDSNSSPIDSPLHF	TRBV15*01	0.000159	0.6184980364557299
CATSRDPLSSGNTIYF	TRBV15*01	0.000159	0.7223712517652862
CASSPRDRPSYEQYF	TRBV6-2*01	0.000159	0.45711183367804886
CASSNSGVTSYEQYF	TRBV6-2*01	0.000159	0.36647080091495654
CASSGSGAEIQPQHF	TRBV6-2*01	0.000159	0.40778197817677575
CASRDFSYEQYF	TRBV28*01	0.000159	0.2990741271243859
CATGVRGRPQHF	TRBV2*01	0.000159	0.596669524517964
CASSYRHGQGPSKSYEQYF	TRBV6-5*01	0.000159	0.884288788387848
CASSSGTGSNQPQHF	TRBV27*01	0.000159	0.10490079441424381
CASSQDGNYGYTF	TRBV6-2*01	0.000159	0.1602514334762075
CASSERSGGYSNQPQHF	TRBV6-1*01	0.000159	0.25487953910180167
CASRDHRGHAEAFF	TRBV28*01	0.000159	0.8931236158111546
CAWKLQGTYEQYF	TRBV30*01	0.000158	0.8572207757713468
CASSLDLDTTNYGYTF	TRBV19*01	0.000158	0.5678517776311709
CASSISRADQPQHF	TRBV19*01	0.000158	0.23443396615529102
CAINRDNLDEQYF	TRBV2*01	0.000158	0.5151780464532789
CASSYATGISSNQPQHF	TRBV6-2*01	0.000158	0.48273521364708655
CASSTGTVNQPQHF	TRBV6-6*05	0.000158	0.18545909080655973
CATRKEVGNQPQHF	TRBV28*01	0.000158	0.6974319391263804
CASSEGTGGYEQYF	TRBV10-1*01	0.000158	0.0875826806079878
CSASGWPGEQYF	TRBV20-1*01	0.000158	0.8831257371713561
CSASSGGGYTF	TRBV20-1*01	0.000158	0.5001435503324168
CASSETQGEANYGYTF	TRBV6-2*01	0.000158	0.21398740307240924
CSARPDSYGYTF	TRBV20-1*05	0.000158	0.76256152030666
CACAGTATYEQYF	TRBV30*01	0.000158	0.6125279578779789
CSASIQRGSGQYF	TRBV20-1*04	0.000158	0.9684803422082817
CSARAGKGGYTF	TRBV20-1*01	0.000158	0.9439410371359994
CSARMGRGYTF	TRBV20-1*01	0.000158	0.8499075458967874
CASTELGGASYEQYF	TRBV6-2*01	0.000158	0.23371532357871455
CASSIYDRDNSPLHF	TRBV19*01	0.000158	0.536806650703494
CASSLSAGAWEQYF	TRBV11-2*01	0.000158	0.5710434028948451
CASRGTSGSDQYF	TRBV2*01	0.000158	0.4176182281427582
CASSSDRVYEQYF	TRBV19*03	0.000158	0.25317960229915104
CASSSGTVYGYTF	TRBV27*01	0.000158	0.2610547632410334
CASSFGGSWGETYEQYF	TRBV27*01	0.000158	0.43143473917069497
CATSDLVTGVFF	TRBV24-1*01	0.000158	0.8811954178427435
CASCAIAGATYEQYF	TRBV2*03	0.000158	0.5064262934194432
CAWSVYGGSGNTIYF	TRBV30*01	0.000157	0.47704312493969214
CATSATDSNQPQHF	TRBV24-1*01	0.000157	0.27095581480437014
CASRKDRTLNYGYTF	TRBV6-6*03	0.000157	0.6943464414329481
CASTLHASKTGVYEQYF	TRBV7-8*03	0.000157	0.8291711776608289
CASSAGLNTEAFF	TRBV19*01	0.000157	0.09467888707266761
CATGTGTHGYTF	TRBV24-1*01	0.000157	0.8714049460560205
CASSANRDSSTYEQYF	TRBV19*01	0.000157	0.36859739959275406
CASSETGFGGYTF	TRBV2*01	0.000157	0.40224304872234745
CASSRDFREDTIYF	TRBV2*01	0.000157	0.8520347883232559
CASSPRAGSNEQYF	TRBV7-2*01	0.000157	0.28611686644033907
CASSPIVRRQLDNSPLHF	TRBV27*01	0.000157	0.9834081370105016
CSARRAGGNSPLHF	TRBV20-1*01	0.000157	0.8156493579928582
CASSAPGTESSYEQYF	TRBV6-1*01	0.000157	0.4403398413857376
CASSISRTFNQPQHF	TRBV27*01	0.000157	0.46938069081897754
CASDTGTSSYEQYF	TRBV28*01	0.000157	0.21749372036273804
CASSPDRGSGYGYTF	TRBV18*01	0.000157	0.1205124080847041
CASSSGQGERWVGSNSPLHF	TRBV19*01	0.000157	0.9657579148748645
CASSQDQQTYGYTF	TRBV4-1*01	0.000157	0.27109595087453425
CASSLHNYEQYF	TRBV5-1*01	0.000157	0.24138520443227812
CAWNKLAALSYEQYF	TRBV30*01	0.000157	0.9411889038431328
CSARAGRHTQYF	TRBV20-1*01	0.000157	0.9613827136381302
CASSYGDSSYEQYF	TRBV6-5*01	0.000157	0.2896890075650117
CASTDLGTSTNYGYTF	TRBV6-6*05	0.000157	0.4601803697705155
CASSENRDPALVANQPQHF	TRBV27*01	0.000157	0.6606757226371395
CASRFQDRGYGYTF	TRBV6-1*01	0.000156	0.7566570149877561
CASSYDSSYEQYF	TRBV6-5*01	0.000156	0.2268413760365614
CASSEAPVTGVYEQYF	TRBV6-1*01	0.000156	0.4275708642377737
CASSWSQGNNQPQHF	TRBV27*01	0.000156	0.5279830788707619
CASSLRGGTGISTYYEQYF	TRBV27*01	0.000156	0.49819888208531576
CASSSQGARVVEQYF	TRBV28*01	0.000156	0.844208803146473
CASTWTEAPYGYTF	TRBV28*01	0.000156	0.9004925127161935
CASSMWAGNTEAFF	TRBV19*01	0.000156	0.6405842849095661
CASRTGTGSYEQYF	TRBV27*01	0.000156	0.12250511699206562
CSAGRPGQGISYTF	TRBV20-1*02	0.000156	0.9643825433500992
CASRKDRGINQPQHF	TRBV6-1*01	0.000156	0.4598242938801174
CASIDRGDSYEQYF	TRBV6-6*04	0.000156	0.4124525978664261
CASSFQGYEQYF	TRBV27*01	0.000156	0.14075905520539447
CASSSTTGRFTEAFF	TRBV28*01	0.000156	0.6108527324557016
CASSLGTGVYEQYF	TRBV7-8*01	0.000156	0.1590245042815278
CASTLLGQGTGGYTF	TRBV6-1*01	0.000156	0.4841673982752278
CASSYRTGGQPQHF	TRBV6-5*01	0.000156	0.2762886495887612
CASSRNLAGGTYEQYF	TRBV6-6*04	0.000156	0.511717408924987
CASSLPGLAGGEQYF	TRBV5-1*01	0.000156	0.39464890997592916
CASSFGFDSGELFF	TRBV27*01	0.000156	0.43564250259932635
CASSDSLFTGELFF	TRBV6-4*01	0.000156	0.28120096796395117
CASAPGQENEQYF	TRBV4-1*01	0.000156	0.4495571005968977
CASRTGQGNSNQPQHF	TRBV2*02	0.000156	0.3012577324539417
CAWSHRAEDYGYTF	TRBV30*01	0.000156	0.793541116755418
CASTPVDSLTYEQYF	TRBV28*01	0.000156	0.811480857677224
CASNLGCHLYEQYF	TRBV19*01	0.000156	0.940874531118394
CSAPSRGSNYGYTF	TRBV20-1*01	0.000156	0.7193090788270616
CASRGDLQYGYTF	TRBV2*01	0.000156	0.5190587046760482
CASSSDREPAGSGNTIYF	TRBV7-6*01	0.000156	0.6218338553387329
CASSLATVNYGYTF	TRBV5-1*01	0.000156	0.29571032155105215
CSAQRTGELDEQYF	TRBV20-1*01	0.000156	0.965107465211811
CASSYSTSLSVGQYF	TRBV6-2*01	0.000156	0.9596798834584648
CASSDPGTGYEQYF	TRBV10-1*01	0.000156	0.2122807837859627
CATSPTTSGTYEQYF	TRBV24-1*01	0.000155	0.5497864261031361
CAWRGGEHYEQYF	TRBV30*01	0.000155	0.709248384414659
CASSAQIPYGYTF	TRBV11-2*01	0.000155	0.6079079926672707
CASSLAGGTDTQYF	TRBV28*01	0.000155	0.15043744440138415
CASSRRNNSPLHF	TRBV19*01	0.000155	0.24274568399534485
CASQTLRGSNQPQHF	TRBV6-1*01	0.000155	0.5866159875342086
CASRTAYEQYF	TRBV2*01	0.000155	0.24786575211671064
CASSPGRVAGRGVYEQYF	TRBV7-8*01	0.000155	0.6577688163868098
CARHYAGTETYEQYF	TRBV6-6*03	0.000155	0.7950760701993764
CAWSRITPGGHYGYTF	TRBV30*01	0.000155	0.8020877702815055
CASSYSAASNQPQHF	TRBV6-5*01	0.000155	0.463369590828381
CASSGGEGVAQPQHF	TRBV6-1*01	0.000155	0.4474241653554313
CASSLTTGSYGYTF	TRBV4-1*01	0.000155	0.13851609333757595
CRGGGGTSGGYTF	TRBV20-1*01	0.000155	0.669354170527737
CSADSTYQPQHF	TRBV20-1*01	0.000155	0.9110187673569499
CASNLRASGSPRREQYF	TRBV19*01	0.000155	0.7911981519632006
CASSYNLAAGTYEQYF	TRBV6-5*01	0.000155	0.588824828241692
CASSVGQDPYGYTF	TRBV9*01	0.000155	0.39211359525747735
CASRGPGQGYLGKRDSNQPQHF	TRBV28*01	0.000155	0.9141399577107975
CASSLRAGGNNEQFF	TRBV7-3*01	0.000155	0.46740882060284406
CSAPGTSGSSYNEQFF	TRBV20-1*01	0.000155	0.7966740706396895
CASRCRGTTSYEQYF	TRBV6-4*01	0.000155	0.8599218747398931
CASSRTSLYGYTF	TRBV7-2*01	0.000155	0.4321003496514514
CASSQQGGNYGYTF	TRBV6-6*04	0.000155	0.1408097993715806
CASKEGQEVSPLHF	TRBV19*01	0.000155	0.7964474697072841
CASSLQREVYEQYF	TRBV28*01	0.000155	0.37410762517711926
CASSQPWLAGGQLSYEQYF	TRBV16*01	0.000155	0.6927684290011467
CASSLQGADNQPQHF	TRBV7-8*01	0.000154	0.11898391232108647
CASSNDGYPYEQYF	TRBV19*01	0.000154	0.7116267872519421
CASSEGSSSYEQYF	TRBV6-1*01	0.000154	0.11258647365291621
CATSVLPQFSGNTIYF	TRBV24-1*01	0.000154	0.8924334618190191
CATSRDKGVNQPQHF	TRBV15*01	0.000154	0.5372216077965198
CASSFTGAAYEQYF	TRBV27*01	0.000154	0.3029544523563367
CASSLLFNRQYF	TRBV28*01	0.000154	0.7063067475893978
CASSSDRAGNTIYF	TRBV6-2*01	0.000154	0.2772034903317808
CAYGQGNQPQHF	TRBV6-1*01	0.000154	0.25727265317540055
CASSEALGSYEQYF	TRBV6-1*01	0.000154	0.2472975221810221
CASSSSGVVDEQYF	TRBV7-8*01	0.000154	0.44881364740108004
CAWNPGLSGYTF	TRBV30*01	0.000154	0.9203443260338892
CASSLTQRSSYEQYF	TRBV5-1*01	0.000154	0.2638964410676118
CASRPQGANQPQHF	TRBV6-1*01	0.000154	0.3452662818813835
CASSLEGNGYTF	TRBV5-1*01	0.000154	0.2112928108098503
CATSRRATANYGYTF	TRBV15*01	0.000154	0.47587223826624303
CASSTGTAMSYEQYF	TRBV6-8*01	0.000154	0.547979173195261
CASSDAGSSYEQYF	TRBV13*02	0.000154	0.1968743954719369
CASSEVGERYTF	TRBV6-1*01	0.000154	0.34960529517667266
CASSLGQQGISPLHF	TRBV7-3*01	0.000154	0.6510337422535429
CASSSLSGNTIYF	TRBV19*01	0.000154	0.17598307921682238
CASRAGTGGFSQPQHF	TRBV28*01	0.000154	0.43528708138363825
CASSRTTDEQYF	TRBV6-6*04	0.000154	0.37446019109200135
CASSPLGSQPQHF	TRBV28*01	0.000154	0.2995888686341771
CASSLVYMGKGNSPLHF	TRBV5-1*01	0.000153	0.8774627144422458
CASSDLVVRDYEQYF	TRBV6-1*01	0.000153	0.8646132963764048
CASKKGKFNQPQHF	TRBV28*01	0.000153	0.567028382894971
CASREGAGSPLHF	TRBV10-1*01	0.000153	0.4208144801928653
CASRFDRGRLIYEQYF	TRBV28*01	0.000153	0.7214910635157322
CAISPGSGGLYEQYF	TRBV10-3*01	0.000153	0.4252132727783495
CASRRDSSYGYTF	TRBV19*01	0.000153	0.23402496949877907
CASSYSRGSGYTF	TRBV6-5*01	0.000153	0.23869638309461233
CASSITGYEQYF	TRBV28*01	0.000153	0.16291468732445136
CSARDGHSPLHF	TRBV20-1*01	0.000153	0.9243226014298283
CASSLGNDRPSYGYTF	TRBV28*01	0.000153	0.5047902675557799
CASSPGQNYEQYF	TRBV6-6*04	0.000153	0.26729036565671893
CASSGQGKTEAFF	TRBV2*01	0.000153	0.31592806038075205
CASSARQTYEQYF	TRBV9*03	0.000153	0.2918988595472984
CASSEAAGDGADEQYF	TRBV6-1*01	0.000153	0.33436184036755834
CASSRTGDSGNTIYF	TRBV5-1*01	0.000153	0.19972049056732882
CASSLDGPWYGYTF	TRBV7-2*01	0.000153	0.6779415235418854
CASSVSGDMEASGNTIYF	TRBV9*01	0.000153	0.6657875960508786
CASSSYRDNRKNSPLHF	TRBV27*01	0.000153	0.8856952359174881
CASSLKPTGKDEQYF	TRBV27*01	0.000153	0.7255636574855493
CASVGGKGYTF	TRBV19*01	0.000153	0.5647141713235708
CATSDYRDGDQPQHF	TRBV24-1*01	0.000153	0.7483706609230596
CASSWAHEQYF	TRBV28*01	0.000153	0.4853960735601875
CATSPIGDSNSGNTIYF	TRBV15*02	0.000153	0.4342385412060039
CSALKSDKGPAGYTF	TRBV20-1*01	0.000153	0.948055432823579
CASSSRYRGAPLHF	TRBV27*01	0.000153	0.7491387883133604
CACVRWTEAFF	TRBV30*01	0.000153	0.9547136850615346
CASSPGWGRYEQYF	TRBV19*01	0.000152	0.3913697980047378
CSAMGQGAGNTIYF	TRBV20-1*01	0.000152	0.8434652847966356
CAWSVGTTGIVQYF	TRBV30*01	0.000152	0.9359774559863759
CASSFGGSSYEQYF	TRBV27*01	0.000152	0.16112015058923518
CSASERQGDYGYTF	TRBV20-1*02	0.000152	0.6978204771985006
CASSPGTWNQPQHF	TRBV18*01	0.000152	0.24214017002774876
CASSLRTGVDEQYF	TRBV27*01	0.000152	0.47320227535779225
CASSTSRQASYEQYF	TRBV27*01	0.000152	0.42930176872276726
CASSYSWDGYEQYF	TRBV6-5*01	0.000152	0.6363155953183727
CASSADTGGYGYTF	TRBV2*01	0.000152	0.09508183313017265
CASSISGHYGYTF	TRBV19*03	0.000152	0.23123960095078658
CASSLRVAGDYEQYF	TRBV28*01	0.000152	0.3781071443436996
CSARSSSGTRRPYEQYF	TRBV20-1*05	0.000152	0.924336092389375
CASASGRGTNEQYF	TRBV6-1*01	0.000152	0.3351508776897645
CASSANSGNTIYF	TRBV9*03	0.000152	0.23164528673278498
CASSDKGRGTYEQYF	TRBV2*01	0.000152	0.36968329643293074
CASSLGQARSYEQYF	TRBV5-1*01	0.000152	0.459369700606397
CASSLWTGMNTEAFF	TRBV5-1*01	0.000152	0.32280796059566796
CASSYSRAADYGYTF	TRBV6-5*01	0.000152	0.44232906286834434
CSARDWRANTEAFF	TRBV20-1*01	0.000152	0.9415574915971152
CASSYYGQQNQPQHF	TRBV6-2*01	0.000152	0.5537585362812731
CASSARGEQYF	TRBV5-1*01	0.000152	0.17245717267304905
CASSPGTGSDHYGYTF	TRBV6-2*01	0.000152	0.2460864494261387
CASSETSGTSYEQYF	TRBV6-1*01	0.000151	0.14251617148957305
CSARDRTDFGELFF	TRBV20-1*01	0.000151	0.9426987501866806
CASSPGYEQYF	TRBV18*01	0.000151	0.11829972239694254
CASSRTQGPYYGYTF	TRBV6-2*01	0.000151	0.513775996304281
CASSWDRGLDGYTF	TRBV6-5*01	0.000151	0.7963358001576138
CASSRTQGVANTIYF	TRBV28*01	0.000151	0.4891378984633759
CASSDLPEAFF	TRBV2*01	0.000151	0.4902907225143711
CASSLVSGREDQPQHF	TRBV7-8*01	0.000151	0.4613847212220535
CASSFWRGGSTDTQYF	TRBV5-1*01	0.000151	0.7087386804218183
CSAPDTVQIYEQYF	TRBV20-1*01	0.000151	0.9676011576457321
CASTTVGDSPLHF	TRBV6-1*01	0.000151	0.45975078445639156
CASSYLDISSYEQYF	TRBV6-5*01	0.000151	0.6356633497845559
CASSQAGSGYGYTF	TRBV3-1*01	0.000151	0.1886950425612548
CASSPRSAGGPGEQYF	TRBV27*01	0.000151	0.4637549411894333
CAAGLADYNEQFF	TRBV19*01	0.000151	0.38963391037006345
CASSPGKGEEGYTF	TRBV6-4*01	0.000151	0.4682821233091134
CASSFVWAKGEQYF	TRBV7-9*01	0.000151	0.9706790237562981
CASSLGRMSSTF	TRBV11-2*01	0.000151	0.6766919505155005
CASRKPGQPRAGYTF	TRBV2*01	0.000151	0.7149572696800427
CASSSLPGQGTYEQYF	TRBV6-6*05	0.00015	0.3193961135392034
CASSFVGAGSYEQYF	TRBV28*01	0.00015	0.30459793923191364
CASSVKERVAEQYF	TRBV9*01	0.00015	0.8702859149381271
CSARDFEAGGGNTYEQYF	TRBV20-1*01	0.00015	0.9050000470603541
CASSYIRPDIGSEQYF	TRBV6-5*01	0.00015	0.9500575082426427
CASSPGPGYNSPLHF	TRBV7-6*02	0.00015	0.3829876205183302
CASSSGAWQPLHF	TRBV28*01	0.00015	0.6327048843847076
CASRTEVSPLHF	TRBV6-6*03	0.00015	0.6615921115014562
CASSEGTGGWDYGYTF	TRBV6-1*01	0.00015	0.3782118673073792
CSASPTTNPTTANHGYTF	TRBV20-1*02	0.00015	0.9170437670544318
CSAPLGTPYGYTF	TRBV20-1*01	0.00015	0.9104378705188195
CSDTGGNTEAFF	TRBV20-1*01	0.00015	0.44849766812758574
CSARKGQPQHF	TRBV20-1*01	0.00015	0.7644941807721672
CASTGRTWTANYGYTF	TRBV6-1*01	0.00015	0.8320540902652311
CASNNRVVGSPLHF	TRBV6-1*01	0.00015	0.8549773378495917
CAFQRDSGNTIYF	TRBV30*01	0.00015	0.3282815500008104
CASSEDRGVGVHTF	TRBV6-1*01	0.00015	0.7545354270300673
CASSPDGDYEQYF	TRBV18*01	0.00015	0.2382928886069274
CASTPGGTRPYNSPLHF	TRBV28*01	0.00015	0.7532236129883165
CASSLGGGSYEQYF	TRBV27*01	0.00015	0.09445096518472812
CASSLGVVGQQHF	TRBV7-8*01	0.00015	0.3556054564258089
CASSRVAGSSDTQYF	TRBV6-1*01	0.00015	0.4008531975538
CASSQDSSWDGYTF	TRBV3-1*01	0.00015	0.7787155871494247
CASSFHLAGTSYEQYF	TRBV28*01	0.000149	0.45467798903189405
CASSVESPTYEQYF	TRBV2*01	0.000149	0.6731544039378659
CASSLRQGGNSPLHF	TRBV5-1*01	0.000149	0.29459206851149894
CASTQGADYGYTF	TRBV28*01	0.000149	0.1801826882035996
CASSLAGGTDTQYF	TRBV6-6*01	0.000149	0.15043744440138415
CASSLEGGRFRGHSDEQYF	TRBV27*01	0.000149	0.9024622913167065
CASSFEGYEQYF	TRBV28*01	0.000149	0.16625047558095166
CASSPGLASQRGPYEQYF	TRBV27*01	0.000149	0.4388781310791093
CASSSPGTGSYEQYF	TRBV6-2*01	0.000149	0.1711472829598582
CASSLVTGSGNTIYF	TRBV7-9*01	0.000149	0.22256059016950303
CSARRGRTNTEAFF	TRBV20-1*01	0.000149	0.8183560625017321
CASSERRGRDYTF	TRBV6-1*01	0.000149	0.32785342232597336
CASSSPGQGASGYTF	TRBV6-5*01	0.000149	0.4088701459909228
CASSQERVPGNTIYF	TRBV4-3*01	0.000149	0.4685232853168973
CACKTGKFAFF	TRBV30*01	0.000149	0.9600872052817083
CASRSGTGGKNEQYF	TRBV19*03	0.000149	0.37060061545923817
CASWPAIGNTIYF	TRBV6-6*03	0.000149	0.7194057649781296
CSALAGGKVEQYF	TRBV20-1*01	0.000149	0.975547443856114
CASSYRGSYEQYF	TRBV6-5*01	0.000149	0.15557989003741576
CASSRSWGSSYEQYF	TRBV28*01	0.000149	0.355194089719389
CAWRTGTEAFF	TRBV30*01	0.000149	0.3817444599556028
CASSLGGAHNYGYTF	TRBV27*01	0.000149	0.16319839162981603
CASSLDRLENTIYF	TRBV11-2*01	0.000149	0.2749518444772846
CASSSRLGIYEQYF	TRBV19*01	0.000148	0.2850159104330471
CAWNGEDYEQYF	TRBV30*01	0.000148	0.6964556533590184
CASSIWGTDFYEQYF	TRBV27*01	0.000148	0.5826201208286778
CASSLAGGTAFF	TRBV28*01	0.000148	0.555802473419159
CASSEGRTGKGLYEQYF	TRBV2*01	0.000148	0.5241989976136593
CASSTSGVSYEQYF	TRBV27*01	0.000148	0.2019734594044213
CSATDRGPYEQYF	TRBV20-1*01	0.000148	0.8503502275235312
CASSSDRGHSPPYGYTF	TRBV5-1*01	0.000148	0.888600836242061
CASSLTGTSSGNTIYF	TRBV11-2*01	0.000148	0.12377907408566487
CASIPGAGSGVDGYTF	TRBV6-1*01	0.000148	0.7217524952310632
CASSQPSRGGYEQYF	TRBV28*01	0.000148	0.41010490849924713
CASSQEGTGDRDCTF	TRBV4-1*01	0.000148	0.9704178680002318
CASSESGSHNEQFF	TRBV6-4*01	0.000148	0.28325105809983986
CASSTPWSAREQYF	TRBV28*01	0.000148	0.9248616635241271
CASSQPGRNTEAFF	TRBV28*01	0.000148	0.2865702279749851
CAIKIPRDNNSPLHF	TRBV19*01	0.000148	0.9490355110139497
CASRPRDRRQYGYTF	TRBV3-1*01	0.000148	0.7272388756024968
CASSRQGLRSEAFF	TRBV19*01	0.000148	0.7128700333949386
CSAGPPQGYYEQYF	TRBV20-1*01	0.000148	0.9288307239061355
CASSLSRGQGNQPQHF	TRBV28*01	0.000148	0.18659770185666652
CASSLVGTNSYEQYF	TRBV11-2*01	0.000148	0.33824139255006674
CASRFEGGYEQYF	TRBV27*01	0.000148	0.2688810260116365
CASSLGTFGSYEQYF	TRBV7-8*01	0.000147	0.4221324746716094
CASSQTSYQGGPRRYGYTF	TRBV6-6*04	0.000147	0.6565978222784362
CASSRDRANYGYTF	TRBV19*01	0.000147	0.19597135543851474
CASSGSGRNYGYTF	TRBV6-6*05	0.000147	0.12186246653769647
CASSGEIYEQYF	TRBV6-1*01	0.000147	0.23135295293274258
CASNRFQGTLEAFF	TRBV6-6*04	0.000147	0.8136354286978191
CASSSKRQGRPVGYTF	TRBV27*01	0.000147	0.8722630025501606
CASSLGGSGRFYEQYF	TRBV7-2*01	0.000147	0.45489439510592145
CASSSLAGAGYEQYF	TRBV27*01	0.000147	0.12324137280781033
CASSSLGSSYNSPLHF	TRBV5-1*01	0.000147	0.34300805191775596
CASSLGWGREQYF	TRBV5-1*01	0.000147	0.4832328792319501
CASSGQGDGYTF	TRBV2*01	0.000147	0.20915200316655183
CSAREGRGYGYTF	TRBV20-1*01	0.000147	0.8454785583359801
CASKYRAGLNQPQHF	TRBV19*01	0.000147	0.6488887621908253
CASSPPGGYSPLHF	TRBV18*01	0.000147	0.44402827104341075
CASRSLDRVGGYTF	TRBV6-1*01	0.000147	0.7497613229760083
CASSSSGKPYEQYF	TRBV11-3*01	0.000147	0.14054900253953617
CASRATGGMNTEAFF	TRBV2*01	0.000146	0.2520303471674907
CATQSEGRNQPQHF	TRBV27*01	0.000146	0.5213162286832892
CSASGTGERGYTF	TRBV20-1*01	0.000146	0.8373558591486816
CASSDLQGPHYEQYF	TRBV28*01	0.000146	0.7146876018183321
CASSERQGLFSYEQYF	TRBV7-2*01	0.000146	0.6268026310598956
CAWAPGGGEKLFF	TRBV30*05	0.000146	0.8493253654185591
CSVGEPNYGYTF	TRBV20-1*01	0.000146	0.7823910000205773
CASSAWPGQPNSPLHF	TRBV5-1*01	0.000146	0.7779935417215383
CASTSLGPSPYEQYF	TRBV28*01	0.000146	0.6691562658221825
CASSLGHSSYEQYF	TRBV5-1*01	0.000146	0.34213694502409736
CATQPFQNTEAFF	TRBV19*01	0.000146	0.5529680406316417
CATSDYRSYEQYF	TRBV24-1*01	0.000146	0.6915304007132466
CASSLDSYGYTF	TRBV7-9*01	0.000146	0.12728090157181043
CASSLSVDYNTDTQYF	TRBV5-5*01	0.000146	0.37813669661145255
CATVQGASGYTF	TRBV2*02	0.000146	0.5538600751075557
CASSPPSGSVAQYF	TRBV18*01	0.000146	0.7955914767610949
CASCQGGSYEQYF	TRBV27*01	0.000146	0.3608974466773482
CASRGRSSYEQYF	TRBV11-1*01	0.000146	0.19003381378703088
CASSDSDTGELFF	TRBV6-4*01	0.000146	0.13427982108122394
CASSRPGQNTEAFF	TRBV19*03	0.000146	0.1914838746261095
CASSYSDRNYGYTF	TRBV6-5*01	0.000146	0.27022874648952433
CASSFRPIHEQYF	TRBV27*01	0.000146	0.6667183489360784
CATSDFYEQYF	TRBV24-1*01	0.000146	0.3192019584519919
CASSDSSGGSDTQYF	TRBV6-4*01	0.000146	0.21698183709917881
CASSEPYEQYF	TRBV6-1*01	0.000146	0.1252633996844482
CASSGQGASQPQHF	TRBV2*01	0.000146	0.22055304496528863
CASSLLGLAGPHEQYF	TRBV27*01	0.000146	0.5119550981803553
CASSDHKGDTIYF	TRBV5-1*01	0.000146	0.6847074054461395
CASNKGENTEAFF	TRBV6-6*03	0.000146	0.3128581900835893
CASSEWDSYGYTF	TRBV6-1*01	0.000146	0.31560028928430145
CASSLTPGETLHF	TRBV7-3*01	0.000145	0.5148672431933223
CASSIFIGAARPQHF	TRBV19*01	0.000145	0.7934549935458571
CAWVRGRGYEQYF	TRBV30*05	0.000145	0.6581134297213096
CASSPLRQGDNQPQHF	TRBV28*01	0.000145	0.5847636496018804
CASSSGNTGELFF	TRBV6-5*01	0.000145	0.10056368006881633
CASSLGGGEYNSPLHF	TRBV19*01	0.000145	0.5285549990812255
CASSPSLTGGVGYTF	TRBV6-6*04	0.000145	0.43048163543057694
CASSPRTGPGVVNYGYTF	TRBV18*01	0.000145	0.6084981829495493
CASSLEGWDEQYF	TRBV5-1*01	0.000145	0.4146012539012018
CASSSDGYYEQYF	TRBV5-1*01	0.000145	0.275228148495187
CSAPSGDRWEQYF	TRBV20-1*01	0.000145	0.9189070316822833
CASSEAVRGQHF	TRBV2*01	0.000145	0.8354789655225413
CASSMAQGGSYEQYF	TRBV19*03	0.000145	0.33753959652782284
CASSYSTSGAYEQYF	TRBV6-2*01	0.000145	0.2833362442830829
CASSRDRVNPSEQYF	TRBV3-1*01	0.000145	0.9120110330554679
CASSGTGVYEQYF	TRBV30*01	0.000145	0.13860863978482393
CASSYSNSGANVLTF	TRBV6-2*01	0.000145	0.3349416750536857
CANYDRSSYNEQFF	TRBV28*01	0.000145	0.27594063249116735
CSARDHTTNEKLFF	TRBV20-1*01	0.000145	0.9598818776229354
CASSPTTGGWNEQYF	TRBV7-2*04	0.000145	0.4326996322645145
CSARVTGGRNQPQHF	TRBV20-1*01	0.000145	0.8718492184884608
CASRRDRVSYEQYF	TRBV6-6*04	0.000145	0.3883353256835251
CASRPNSSGKLFF	TRBV28*01	0.000145	0.7630009317909857
CASSLFLTGPYEQYF	TRBV28*01	0.000145	0.3530603094944594
CASSQTDPYYEQYF	TRBV4-1*01	0.000145	0.5424169995481993
CASSQKVGTSGAYEQYF	TRBV4-3*01	0.000145	0.5771014933225705
CASQGDRYGYTF	TRBV6-1*01	0.000145	0.25029099465049365
CASSYSVRVTKVSATEAFF	TRBV6-5*01	0.000145	0.9707722846687484
CSARVETGVLGNQPQHF	TRBV20-1*01	0.000144	0.9272042998746843
CSARDPRLLHINQPQHF	TRBV20-1*01	0.000144	0.9666382427103318
CSAKPWTGLDEQYF	TRBV20-1*01	0.000144	0.9938665690111897
CASSDSAGDTGELFF	TRBV6-4*01	0.000144	0.12621097208253887
CASSFLTGGDYGYTF	TRBV6-6*05	0.000144	0.28219353347393056
CSANDRDEQYF	TRBV20-1*01	0.000144	0.8716352024873169
CASSEKGPESEKLFF	TRBV6-1*01	0.000144	0.4853670039128894
CASSLTGEVEKLFF	TRBV28*01	0.000144	0.3855114867566008
CASSYGDRRKPQHF	TRBV6-2*01	0.000144	0.7791033383222984
CSARGDFQAYEQYF	TRBV20-1*01	0.000144	0.966013775214751
CASREKLNTEAFF	TRBV6-1*01	0.000144	0.2965575572638463
CASVGTTSGRVREQFF	TRBV19*01	0.000144	0.8938445315875228
CASSLGWRETYEQYF	TRBV5-1*01	0.000144	0.5750209968781499
CASSLGQGWDYGYTF	TRBV5-1*01	0.000144	0.2615723916215258
CASISGAASLGNQPQHF	TRBV19*01	0.000144	0.7137472713080146
CASSEDDRRYGYTF	TRBV2*01	0.000144	0.5643071812490038
CASSDKNGYTF	TRBV6-1*01	0.000144	0.3087498747917709
CASSRGGGANTEAFF	TRBV10-1*01	0.000143	0.08786283257054092
CSSSGGPYEQYF	TRBV20-1*02	0.000143	0.3280730477469667
CASNKDGLSYEQYF	TRBV6-2*01	0.000143	0.4004128836146492
CASSNGQNYGYTF	TRBV18*01	0.000143	0.21769579823666363
CASSLMYSYNEQFF	TRBV27*01	0.000143	0.262848604999508
CASSYSLLQPQHF	TRBV6-5*01	0.000143	0.28341116864284666
CASSYTSGGAYEQYF	TRBV6-5*01	0.000143	0.30206944531344815
CASSPALSSGNTIYF	TRBV6-6*05	0.000143	0.4040227371186661
CATSRVKGTSYTF	TRBV15*01	0.000143	0.5823802931993239
CAISGYNQPQHF	TRBV10-3*01	0.000143	0.36589011422038314
CASSQTSGGTYEQYF	TRBV6-6*04	0.000143	0.1736462446919714
CASSRAFEQYF	TRBV3-1*01	0.000143	0.45325187763779756
CASSLGTGVGNQPQHF	TRBV5-1*01	0.000143	0.19164522947009655
CASSQPGGYSGSPLHF	TRBV5-1*01	0.000143	0.598797266911871
CASSSTGEGYTF	TRBV6-6*05	0.000143	0.133986926842707
CASSQESFGDGYTF	TRBV4-2*01	0.000143	0.7731388030930822
CASGLGNMGYGYTF	TRBV5-1*02	0.000143	0.7287075347175211
CASSSPGPYEQYF	TRBV19*03	0.000143	0.16629430118768807
CSARKQEHDEQYF	TRBV20-1*01	0.000143	0.9490275651433242
CASTTGGEQYF	TRBV6-2*01	0.000143	0.2542726362667419
CASSSGRNGEYEQYF	TRBV11-3*01	0.000143	0.37487747615600875
CASLWGGEQYF	TRBV7-2*01	0.000143	0.6826809783905587
CASSLVSGLRYEQYF	TRBV7-2*04	0.000143	0.5091139636520219
CASRGISGESYEQYF	TRBV6-1*01	0.000143	0.392983628208005
CASSLGGSFDNSPLHF	TRBV27*01	0.000142	0.5435006884616186
CASSEASALPSTIYF	TRBV6-1*01	0.000142	0.9408896095082209
CASNDRGQYEQYF	TRBV19*01	0.000142	0.4298623242965235
CASSSLQGRNQPQHF	TRBV6-2*01	0.000142	0.2997226373210371
CASRVGQGGPEAFF	TRBV6-1*01	0.000142	0.5998218351870529
CASSFRGRYYEQYF	TRBV27*01	0.000142	0.31397302105622305
CASSLQGSGYEQYF	TRBV2*01	0.000142	0.15257322449956487
CASSQDRHRGEQYF	TRBV3-1*01	0.000142	0.622837944108528
CASRPDGTSYGYTF	TRBV27*01	0.000142	0.3056798962141084
CAWSGTFNTEAFF	TRBV30*01	0.000142	0.6387832258023703
CASSPRTYYEQYF	TRBV19*03	0.000142	0.2946095334918805
CASIQDRDQPQHF	TRBV2*02	0.000142	0.47683464392574415
CASSLRPGPNQPQHF	TRBV28*01	0.000142	0.4187114963791721
CASSQQASGNTIYF	TRBV4-1*01	0.000142	0.26583240371183353
CASSPPGRLGNEQYF	TRBV6-6*04	0.000142	0.8341926473147283
CSASGRALYNEQFF	TRBV20-1*02	0.000142	0.8344069522547259
CASSILSGEQYF	TRBV6-6*05	0.000142	0.3209818741558477
CASSFGFRGPHQPQHF	TRBV28*01	0.000142	0.7150527357323526
CASNSWVAGGSYEQYF	TRBV6-5*01	0.000142	0.6385359352964015
CASSVGGKFYEQYF	TRBV6-1*01	0.000142	0.6210762866183975
CASSTGFNQPQHF	TRBV28*01	0.000142	0.21167821009918308
CATSDGYEQYF	TRBV24-1*01	0.000142	0.26942144355565045
CASSATSGQQPQHF	TRBV6-1*01	0.000142	0.12808444073479278
CASSYSGENTEAFF	TRBV5-6*01	0.000142	0.1798176209620775
CASSLRVEQYF	TRBV28*01	0.000142	0.4010639219207291
CASSPPGLADNEQFF	TRBV28*01	0.000142	0.7393704171896566
CASNYGLQPQHF	TRBV28*01	0.000142	0.4611963626528069
CASSEHRETPLHF	TRBV6-1*01	0.000142	0.8245935930735794
CASSEYRDGSYEQYF	TRBV10-1*01	0.000142	0.3769136826486647
CASSYSGDNQPQHF	TRBV6-5*01	0.000142	0.14131424926136388
CASSLVRGGTGSNTEAFF	TRBV11-2*01	0.000141	0.4489163152908914
CAWRDTGTQPQHF	TRBV30*01	0.000141	0.6722046571712509
CASSFGNTEAFF	TRBV11-2*01	0.000141	0.096682886277823
CASSLSGTGPQPQHF	TRBV28*01	0.000141	0.3275322517834096
CASTPGPDPSYEQYF	TRBV19*01	0.000141	0.7492687480362586
CASSHAPVQGNSGNTIYF	TRBV4-2*01	0.000141	0.6490330616810993
CASSPTGSFSYEQYF	TRBV5-1*01	0.000141	0.5343616291894894
CATSDPGQGQPQHF	TRBV24-1*01	0.000141	0.45708409970216096
CASSLSGPGGYTF	TRBV27*01	0.000141	0.24446185230640496
CASILNAGDTSNQPQHF	TRBV28*01	0.000141	0.6589309259010582
CASTIQWGLGEQYF	TRBV19*01	0.000141	0.9026416213435731
CASSPTTGGYGYTF	TRBV19*01	0.000141	0.18665363522085937
CASSDRVNSPLHF	TRBV6-6*05	0.000141	0.3969536574135157
CASSYGTGDTDTQYF	TRBV6-5*01	0.000141	0.21146488184271847
CASSQYEGHTEAFF	TRBV4-1*01	0.000141	0.6384101710896993
CASSGDWGYTF	TRBV18*01	0.000141	0.29552154559909016
CASRALGGAVRNEQYF	TRBV28*01	0.000141	0.6288391649121199
CASSDQGSNQPQHF	TRBV6-1*01	0.000141	0.11539800101900002
CATRVGGGYEQYF	TRBV27*01	0.000141	0.32997868641992284
CATSRDQQGFNSPLHF	TRBV15*01	0.000141	0.6838386717914794
CATSDKGLGSYEQYF	TRBV24-1*01	0.000141	0.6631503536332338
CASSPPSYEQYF	TRBV7-2*01	0.000141	0.21547364294444507
CASSSPTYLRGLKQYF	TRBV6-2*01	0.000141	0.9485919301001574
CASSIVVREDGYTF	TRBV19*01	0.000141	0.9692552860714003
CASSLARLGRDNTEAFF	TRBV7-6*01	0.000141	0.8255072623023206
CAISDAGTGGEQPQHF	TRBV10-3*01	0.000141	0.46447836872737125
CASSFRWLDGYTF	TRBV7-9*01	0.000141	0.9748090009358253
CASSDSTSGGADTQYF	TRBV6-4*01	0.000141	0.20818506008446644
CASSRSGTGVYEQYF	TRBV4-1*01	0.000141	0.28370118666181793
CASRYNQPNTEAFF	TRBV6-2*01	0.000141	0.7506584432241552
CASSDRVLNTEAFF	TRBV28*01	0.00014	0.3511364152719081
CASSSPGQGPTNYGYTF	TRBV6-2*01	0.00014	0.40119535147725144
CASSFRDRRYEQYF	TRBV6-5*01	0.00014	0.5259567332140982
CSARDSYSLEAFF	TRBV20-1*01	0.00014	0.9783427074231531
CASSPDREYYGYTF	TRBV6-6*05	0.00014	0.20179355932310428
CASSFGQVDEQYF	TRBV27*01	0.00014	0.5248752894764347
CASSLGQGSAYEQYF	TRBV27*01	0.00014	0.26688213693393825
CASSQGGTEQYF	TRBV3-1*01	0.00014	0.2148222897641631
CASSFGIWSYNSPLHF	TRBV28*01	0.00014	0.6978422708026347
CASSISENGYTF	TRBV19*01	0.00014	0.4517188331221571
CSAGQGNQPQHF	TRBV20-1*01	0.00014	0.5611913446625773
CASSLSRQIYEQYF	TRBV6-6*01	0.00014	0.5756148046251781
CASSTDRGLQPQHF	TRBV27*01	0.00014	0.34291342889274057
CASSLFQQYSYEQYF	TRBV28*01	0.00014	0.5107623998081638
CASSLRQTYEQYF	TRBV11-3*01	0.00014	0.2712116268484158
CASSPTVTYEQYF	TRBV28*01	0.00014	0.32415909533882437
CASSLEKGEQYF	TRBV11-3*01	0.00014	0.3320118353789478
CASSLRGRPNQPQHF	TRBV11-2*01	0.00014	0.3998968459499299
CATSDPREFSYNEQFF	TRBV24-1*01	0.00014	0.8321005951428575
CASSREGQRFTYEQYF	TRBV19*03	0.00014	0.6529709991935552
CASSPWDRGNTIYF	TRBV11-2*01	0.00014	0.6581672060137804
CSASLGPYNSPLHF	TRBV20-1*02	0.00014	0.7909577266188136
CATSDRQGENYTF	TRBV24-1*01	0.00014	0.5147511533186293
CAWSRTGSSGNTIYF	TRBV30*01	0.00014	0.18015490251800462
CASSILFQGNTEAFF	TRBV19*01	0.00014	0.378692653666332
CASRITSGSGLEQYF	TRBV6-2*01	0.00014	0.7343451676054484
CASLKDRVDQPQHF	TRBV28*01	0.00014	0.5310114096951516
CASSLRAFEAFF	TRBV7-2*01	0.00014	0.7377738009858757
CASSEQGFAAEQYF	TRBV6-1*01	0.00014	0.7547464185606108
CASSSPVWSILYYGYTF	TRBV27*01	0.000139	0.8376034243901236
CATLATPAVYEQYF	TRBV2*01	0.000139	0.8809816185070859
CASSLSSDYEQYF	TRBV27*01	0.000139	0.11300415151586529
CAWSPEQGRTEAFF	TRBV30*01	0.000139	0.8563212741385824
CASSIRSSYEQYF	TRBV19*01	0.000139	0.22934953333258531
CASSILPATGAGTEAFF	TRBV19*01	0.000139	0.747010385764271
CASSFEGTAYEQYF	TRBV6-5*01	0.000139	0.6457620291480104
CASSGGQPQHF	TRBV19*01	0.000139	0.09247418431191302
CSASYGSPLHF	TRBV20-1*04	0.000139	0.7967729974397461
CASNSGTGAGHTEAFF	TRBV28*01	0.000139	0.4750015874989167
CASSYRWEGGYEQYF	TRBV6-5*01	0.000139	0.5898592297551305
CASSLTLGTYEQYF	TRBV11-3*01	0.000139	0.28374544799479384
CASSVEGFGGELFF	TRBV6-4*01	0.000139	0.4481002097700017
CASSSTGTGRDSPLHF	TRBV28*01	0.000139	0.4360244900105253
CASSDGTGGTGELFF	TRBV6-4*01	0.000139	0.1797126489361083
CSAKIGAGSTEAFF	TRBV20-1*01	0.000139	0.8983147254766215
CASSEVITIYF	TRBV6-1*01	0.000139	0.6396216189806065
CASRGAGSYNSPLHF	TRBV6-1*01	0.000139	0.28445704707883873
CASSYVGTGGYTF	TRBV6-5*01	0.000139	0.4531993085191614
CASSVVPGDNYGYTF	TRBV9*01	0.000139	0.4809757340420688
CASSPTPGTHSYEQYF	TRBV3-1*01	0.000139	0.5872126218414867
CASRGNSYNSPLHF	TRBV6-1*01	0.000139	0.5453486273280853
CASSLPDRPRHF	TRBV28*01	0.000139	0.7387471228595446
CACQGQLNTEAFF	TRBV30*01	0.000139	0.7388419711158684
CASSLGPTQPQHF	TRBV27*01	0.000139	0.16781703051884378
CASSYRLGGNTIYF	TRBV6-5*01	0.000138	0.21259587013696202
CASNVGYNSPLHF	TRBV19*01	0.000138	0.4341383391309779
CSVGGTYNSPLHF	TRBV29-1*01	0.000138	0.7140449781028095
CASSIWTSGLVGSYEQYF	TRBV19*01	0.000138	0.4561019942668097
CANPRTGGFISNQPQHF	TRBV27*01	0.000138	0.7428933928934777
CASSERFGTPTYEQYF	TRBV6-1*01	0.000138	0.7681702390045659
CSASGRTSGTYEQYF	TRBV20-1*01	0.000138	0.6974340521942249
CASSAYGQYGYTF	TRBV9*03	0.000138	0.221595100131569
CASSQVSYGYTF	TRBV3-1*01	0.000138	0.13639750985716906
CASSPSGQDPYEQYF	TRBV6-6*04	0.000138	0.571417196359881
CASSKDRESSPLHF	TRBV19*01	0.000138	0.6231851670678922
CALGGWEPPRYTF	TRBV30*01	0.000138	0.9916964381294394
CASSRGDSYEQYF	TRBV4-1*01	0.000138	0.1927527983632188
CASSPGLAGMGHYEQYF	TRBV3-1*01	0.000138	0.38842390151152656
CASSHQRGASYEQYF	TRBV6-6*04	0.000138	0.30996744301603585
CASRDRGSQPQHF	TRBV27*01	0.000138	0.2194627788797298
CASSLDPTVGYTF	TRBV5-1*01	0.000138	0.6855203051719697
CASSYSIAAGRIYEQYF	TRBV6-2*01	0.000138	0.7834701084913066
CASSRTSGGSYEQYF	TRBV6-6*05	0.000138	0.1319375749960997
CASSQTFTGGYGYTF	TRBV3-1*01	0.000138	0.369620104041091
CAWSVRGGQPQHF	TRBV30*01	0.000137	0.43792465274462333
CASSHRTGSGNTIYF	TRBV6-6*04	0.000137	0.3249739614876243
CACHLSGYEQYF	TRBV30*01	0.000137	0.6187986977908588
CASSVGTGTEAFF	TRBV28*01	0.000137	0.13262690978943448
CASKMRDGFNSPLHF	TRBV2*01	0.000137	0.8936265912153784
CSAKEQGDTEAFF	TRBV20-1*01	0.000137	0.8973488167511677
CASIQGGASGNTIYF	TRBV28*01	0.000137	0.35998599993496244
CASSFGATGYEQYF	TRBV27*01	0.000137	0.24899734535841328
CASSDYGGQPQHF	TRBV6-1*01	0.000137	0.3664955166621902
CASSSGQGRTLSPLHF	TRBV5-1*01	0.000137	0.895614701518776
CASSLRTGGREQYF	TRBV28*01	0.000137	0.4065328949930608
CASSSQTGGYEQYF	TRBV7-2*01	0.000137	0.17747737441063471
CASSSYASYEQYF	TRBV28*01	0.000137	0.2048893788319313
CASSRDSLYEQYF	TRBV6-2*01	0.000137	0.35264269669146886
CASSITIPYGYTF	TRBV28*01	0.000137	0.8037342919432662
CSAPDREHGYTF	TRBV20-1*01	0.000137	0.8898524029773454
CASSLASPYNSPLHF	TRBV6-2*01	0.000137	0.39545653324295665
CASSYAPPGYGYTF	TRBV6-2*01	0.000137	0.8893059357602826
CASSLQGFRNGYTF	TRBV28*01	0.000137	0.8096494123807947
CASSYSWAGSSYEQYF	TRBV6-5*01	0.000137	0.5831152494294064
CASGDSSGNTIYF	TRBV19*01	0.000137	0.18112917942439974
CASSQESGTGVFSPLHF	TRBV3-1*01	0.000137	0.7672639985883228
CATSDGGGYEQYF	TRBV24-1*01	0.000137	0.29602609723829487
CASSPIENSPLHF	TRBV18*01	0.000137	0.40664804438314234
CASSFLEPGEGSYEQYF	TRBV19*01	0.000137	0.8078879201289497
CASARRENYEQYF	TRBV6-1*01	0.000137	0.4128689456391244
CASTPPPLGVYEQYF	TRBV6-1*01	0.000137	0.8720589000657911
CSAKSGSSSGELFF	TRBV20-1*01	0.000137	0.886261069693533
CASSYSGSSYEQYF	TRBV6-5*01	0.000136	0.12718851553281013
CASSSPGQGIYEQYF	TRBV27*01	0.000136	0.27264705603617695
CSARGEQGIAYEQYF	TRBV20-1*01	0.000136	0.9530824719227063
CSVWTGNTIYF	TRBV20-1*02	0.000136	0.6817929239481549
CATSREIRHNNYGYTF	TRBV15*01	0.000136	0.8762698157760647
CASFYLGGHTDTQYF	TRBV6-1*01	0.000136	0.8553599499516156
CASSSDQVGVYGYTF	TRBV6-2*01	0.000136	0.4016700708209189
CASRAALAVVGEQYF	TRBV6-6*05	0.000136	0.5639172906802448
CASSRPGTDGLYYGYTF	TRBV28*01	0.000136	0.3868560470333615
CASSSDLSGYTF	TRBV7-9*01	0.000136	0.18010588953694892
CASSDEGGRTGELFF	TRBV6-4*01	0.000136	0.3016193059225034
CASSEEGGAHEQYF	TRBV2*01	0.000136	0.41633531442596877
CASSSTGWAYEQYF	TRBV6-5*01	0.000136	0.6708866727884061
CSAGTDNSPLHF	TRBV20-1*01	0.000136	0.6694144008261642
CASSYSGYGGNQPQHF	TRBV6-5*01	0.000136	0.23340261375030316
CASSLRGPQQIYGYTF	TRBV11-2*01	0.000136	0.6008721337938786
CSARRTEGNSPLHF	TRBV20-1*01	0.000136	0.9473815101736899
CASSQVAQAAEAFF	TRBV3-1*01	0.000136	0.7128119078569842
CASSTRTGFGNTIYF	TRBV7-2*01	0.000136	0.41791954250201363
CSARGPGRSYEQYF	TRBV20-1*01	0.000136	0.9029879126311848
CASSQGKTWWYF	TRBV18*01	0.000136	0.9336611360373596
CASSWGPESYEQYF	TRBV19*01	0.000136	0.5317118251879379
CATSRDYEQYF	TRBV15*01	0.000136	0.1501853767197924
CASSDDLDRVNKASYNSPLHF	TRBV6-6*04	0.000136	0.9340526145509251
CAGSQMGKDSPLHF	TRBV6-1*01	0.000136	0.7004769524270719
CASSQGSGAYGYTF	TRBV4-1*01	0.000136	0.20112636913039483
CASSWSTNEKLFF	TRBV6-5*01	0.000136	0.28116128452177785
CASSPPGGRGNYGYTF	TRBV7-2*01	0.000136	0.3403075163783062
CASKRTGADEQYF	TRBV6-1*01	0.000136	0.63523267557976
CASSIRGTYEQYF	TRBV19*01	0.000135	0.250655944217375
CASDRAGELTEAFF	TRBV2*01	0.000135	0.7381031176712259
CASTKDRGLYEQYF	TRBV6-6*03	0.000135	0.5330335627037341
CASRVAGISPLHF	TRBV19*01	0.000135	0.7644669434175603
CSARGVGEEINTEAFF	TRBV20-1*01	0.000135	0.948539166482228
CASSQDTGGYRPQHF	TRBV2*01	0.000135	0.4116279005207916
CASSWDTSSYNEQFF	TRBV19*01	0.000135	0.301366035540655
CASSLFAGTGNTIYF	TRBV27*01	0.000135	0.23586052601122331
CASSSNGRRNQPQHF	TRBV7-8*01	0.000135	0.2403621239770806
CASSEGTSGSYEQYF	TRBV6-1*01	0.000135	0.11015844053081679
CASSLDPGMGQPQHF	TRBV5-1*01	0.000135	0.5603782119311581
CASAGQGARSNQPQHF	TRBV6-6*05	0.000135	0.5778104557416861
CASTFTGGPSYEQYF	TRBV27*01	0.000135	0.44675836260638496
CATSRTGGNQPQHF	TRBV15*02	0.000135	0.09780384798129357
CSARHDRNYGYTF	TRBV20-1*01	0.000135	0.8196123728203588
CASYDIPYGYTF	TRBV19*01	0.000135	0.666972368762975
CASSLAGQGAIYGYTF	TRBV11-3*01	0.000135	0.37205564839333016
CASSATGVNYGYTF	TRBV19*03	0.000135	0.21943098594710087
CAWSVGGKAFF	TRBV30*01	0.000135	0.7037171896353134
CASSAGTVPYEQYF	TRBV27*01	0.000135	0.49796536570297745
CASSLTPPGLAGGNSYEQYF	TRBV27*01	0.000135	0.7216654878070979
CASSFWGTNTEAFF	TRBV5-1*01	0.000135	0.6780757731326801
CSARDGRGYTF	TRBV20-1*01	0.000135	0.7730183252673782
CASSEFGSLDNSPLHF	TRBV6-1*01	0.000135	0.8293737933146877
CASSEPWGQIYEQYF	TRBV2*01	0.000135	0.6215746499396286
CASSPTGYNSPLHF	TRBV18*01	0.000135	0.3185163824924442
CASSSGSSYNEQFF	TRBV6-2*01	0.000135	0.11153182269869835
CATSDFRRGGYTF	TRBV24-1*01	0.000135	0.7598648460150589
CASSAPRGRVDSPLHF	TRBV6-1*01	0.000135	0.6873778406984445
CAWSVNPGLSPLHF	TRBV30*01	0.000135	0.9785392694580087
CASSLTATNYGYTF	TRBV13*01	0.000135	0.1921608555485049
CASSLEQGYYGYTF	TRBV5-1*01	0.000135	0.170209239966639
CASARQGEAQPQHF	TRBV19*01	0.000134	0.6089351352853619
CASSLGQGWQPQHF	TRBV27*01	0.000134	0.4441391213050749
CASSAGGYDEQYF	TRBV9*03	0.000134	0.26942524480297747
CASNPRARGLQPQHF	TRBV6-1*01	0.000134	0.6523925780462763
CASSLGTDHYEQYF	TRBV7-2*01	0.000134	0.2918138347576508
CASITGVGGYTF	TRBV19*01	0.000134	0.43085572665076416
CASSERVTSSYEQYF	TRBV6-1*01	0.000134	0.3574198544046375
CASSPGSSGNYEQYF	TRBV18*01	0.000134	0.14763125091271762
CASTGGVGANYGYTF	TRBV2*01	0.000134	0.27348766818413295
CASRPHSAGENTEAFF	TRBV2*01	0.000134	0.8188053729197846
CASSLTGRAEAFF	TRBV19*01	0.000134	0.5443933180199684
CASSSRVFPPRQPQHF	TRBV2*02	0.000134	0.9669627255279813
CAWSIPDRENTEAFF	TRBV30*01	0.000134	0.8851838594010812
CSARDSGGASYEQYF	TRBV20-1*01	0.000134	0.7654059823863021
CASSLYGIPYEQYF	TRBV7-8*01	0.000134	0.5237630597429918
CASIHTLTQGQASHNEQFF	TRBV7-2*01	0.000134	0.9457024100794098
CASSVSGGGSYEQYF	TRBV19*01	0.000134	0.16714670066941656
CASSLDGNSPLHF	TRBV11-3*01	0.000134	0.21034717367164074
CASSFSLGGSYSYEQYF	TRBV28*01	0.000134	0.5544390798715386
CSAREPLGRNYGYTF	TRBV20-1*01	0.000134	0.9930510998965572
CAISDLRQDYEQYF	TRBV10-3*01	0.000134	0.6128674524891281
CSAWDRYTGELFF	TRBV20-1*01	0.000134	0.9394230179416838
CASSYSRGGRGEQFF	TRBV6-5*01	0.000134	0.47120257304453966
CASSLMEGGLDGYTF	TRBV7-3*01	0.000134	0.7996361357471367
CASSSQSLGNSPLHF	TRBV3-1*01	0.000134	0.4567146383317364
CASSSPGGEQYF	TRBV6-5*01	0.000134	0.27731632517662885
CASSFPTSRNSYEQYF	TRBV7-2*01	0.000134	0.7294679548734421
CASRSGTGGYGYTF	TRBV6-4*01	0.000134	0.12093577393317606
CSAHRLGTGELFF	TRBV20-1*01	0.000134	0.8735662878441118
CASSYSSAGGGGTQYF	TRBV6-5*01	0.000134	0.5725856555647516
CASSGLGGSNQPQHF	TRBV6-2*01	0.000134	0.12666140362917705
CSAPPHDTEAFF	TRBV20-1*01	0.000133	0.9211517278559734
CSAREWAHGYTF	TRBV20-1*01	0.000133	0.9793007423516131
CASTPGSSYEQYF	TRBV28*01	0.000133	0.22753176971926278
CASRTPGTGGSGNTIYF	TRBV6-6*03	0.000133	0.2940816393989122
CASSLRQGETYEQYF	TRBV6-6*04	0.000133	0.30934529421405965
CATKPGPGNYGYTF	TRBV6-4*01	0.000133	0.5678886512907207
CATSALGAGVYEQYF	TRBV24-1*01	0.000133	0.4295455504823392
CASSLDGRSSYEQYF	TRBV5-1*01	0.000133	0.3210480538146784
CASSQDRGGASGNTIYF	TRBV4-2*01	0.000133	0.20620287794923087
CAIRGEARPSPLHF	TRBV10-3*01	0.000133	0.9476860861882795
CASSYSGRNQPQHF	TRBV6-2*01	0.000133	0.24800485599006794
CATLVKGAGNSPLHF	TRBV6-1*01	0.000133	0.8278085108596835
CASSGGTTEGAEAFF	TRBV2*01	0.000133	0.7552166964044152
CASKARYGYTF	TRBV19*01	0.000133	0.3338503450819263
CSARDDPRSAYSNQPQHF	TRBV20-1*01	0.000133	0.9678696936426231
CASRPGTEAYGYTF	TRBV28*01	0.000133	0.3261102708548587
CASSERWQISYNEQFF	TRBV6-1*01	0.000133	0.9330258651253436
CASSRSGGPIEQYF	TRBV18*01	0.000133	0.7163733359295901
CASSPRVTAEAFF	TRBV2*01	0.000133	0.6684793758129137
CASSSATKSYEQYF	TRBV6-5*01	0.000133	0.45270821671593936
CASSAGTGASPLHF	TRBV9*03	0.000133	0.24227880269276084
CSAWTRANSPLHF	TRBV20-1*01	0.000133	0.9759649266441249
CASSFFGGYEQYF	TRBV27*01	0.000133	0.25058830772162394
CASSYYGQVNQPQHF	TRBV6-5*01	0.000132	0.5496257303540957
CASSLLLWGYTF	TRBV7-8*01	0.000132	0.5119511069514736
CASSDSTSGGHEQFF	TRBV6-4*01	0.000132	0.4100966749965271
CASSPRQGWSEAFF	TRBV28*01	0.000132	0.5822001105533475
CASRSGSYGYTF	TRBV18*01	0.000132	0.12678691529117433
CASSHREYGYTF	TRBV28*01	0.000132	0.3278348368387224
CASNSGDYGYTF	TRBV28*01	0.000132	0.15824951163648934
CASISVAGLSYNEQFF	TRBV27*01	0.000132	0.7321484031868024
CASSIEGGRTMNTEAFF	TRBV19*01	0.000132	0.6387747125719168
CASSTWGMDTEAFF	TRBV19*01	0.000132	0.4090066370227936
CASSSGPLPEQYF	TRBV13*01	0.000132	0.8079068283422536
CASSNQGQAVSQPQHF	TRBV19*01	0.000132	0.5282955357278525
CASSYSIGGVNSPLHF	TRBV6-2*01	0.000132	0.4035265037972129
CAIRTNGDQPQHF	TRBV10-3*01	0.000132	0.6127041296780221
CASSLGALYGYTF	TRBV5-1*01	0.000132	0.17699812512074187
CASSYSDRDGSPLHF	TRBV6-5*01	0.000132	0.8318294830369687
CASSPGTATYEQYF	TRBV18*01	0.000132	0.3151344340686304
CASIPGSQNTEAFF	TRBV27*01	0.000132	0.5567853853749098
CSARVGVLAGSSYEQYF	TRBV20-1*01	0.000132	0.9364615119079378
CASSQRGAGQSTEAFF	TRBV3-1*01	0.000132	0.326569985068426
CASSPLAGPAYEQYF	TRBV6-2*01	0.000132	0.4373917205886367
CASSPGQNYGYTF	TRBV28*01	0.000132	0.17370413808833854
CASSYPRTSGSKSEQFF	TRBV6-5*01	0.000132	0.8626777778063144
CASSWSGYSYEQYF	TRBV28*01	0.000132	0.5401353549542414
CASSSAGVYGYTF	TRBV28*01	0.000132	0.13783214646725186
CASSVDSGTSGNEQYF	TRBV9*01	0.000132	0.29340843633713865
CAWRSRLQGSYGYTF	TRBV30*01	0.000132	0.41865478114726223
CASSNRGLGEAFF	TRBV19*03	0.000132	0.4817864085344388
CASSRDRGANYGYTF	TRBV19*03	0.000132	0.22738999537814755
CAWSVFGSPLHF	TRBV30*01	0.000132	0.6083287129977539
CAWSVGQDDNQPQHF	TRBV30*01	0.000131	0.5905085582064695
CASSLEWRNSYEQYF	TRBV7-2*01	0.000131	0.7023703058906537
CASSKIPANYGYTF	TRBV27*01	0.000131	0.5586491950543372
CSATGGTYGYTF	TRBV20-1*01	0.000131	0.6322920682503231
CSASSQLNEQYF	TRBV20-1*04	0.000131	0.8530869058643377
CASSPLTSGGSYEQYF	TRBV28*01	0.000131	0.29592859942721433
CASSLAGGQDYGYTF	TRBV7-6*01	0.000131	0.1220397314948604
CASSYDDGTGGFYGYTF	TRBV6-5*01	0.000131	0.36241363209608257
CASSRSGGDNSPLHF	TRBV11-1*01	0.000131	0.18411697936453375
CASSLTTGYEQYF	TRBV7-2*01	0.000131	0.14224769027538509
CASSLGSYEQYF	TRBV28*01	0.000131	0.08341791005071272
CASSIRDGRGEQYF	TRBV6-6*03	0.000131	0.46460338709781074
CASSQGRFSYEQYF	TRBV3-1*01	0.000131	0.4318953143251122
CASTPPGIDEQYF	TRBV6-6*04	0.000131	0.6653440577921503
CAWRSWGEAFF	TRBV30*01	0.000131	0.5917591816880877
CASSIGTSGSYEQYF	TRBV19*01	0.000131	0.20516915413541112
CASSSTSYQGREQYF	TRBV27*01	0.000131	0.4623596898780235
CASSLERTGNSPLHF	TRBV5-1*01	0.000131	0.3454222070437437
CASSQEVGGNEQFF	TRBV7-8*03	0.000131	0.3952226479986314
CASSLPSYEQYF	TRBV7-2*04	0.000131	0.1537230944342707
CASSEARGGHQPQHF	TRBV6-1*01	0.000131	0.273257228924807
CAWSSGTGAGAQHF	TRBV30*01	0.000131	0.6212482121213747
CASKKGLTEAFF	TRBV19*01	0.000131	0.268475003990303
CASSPWTLTYEQYF	TRBV27*01	0.000131	0.679946310456155
CAWSRSGGYTF	TRBV30*01	0.000131	0.3899315088033751
CASSLKGQKDSPLHF	TRBV7-3*01	0.000131	0.47436762278622857
CASRADRGYGNTIYF	TRBV28*01	0.000131	0.29500390693096434
CASSQDLSPEGYTF	TRBV4-3*01	0.000131	0.8077764031331064
CASSQTPPRGRPQPQHF	TRBV6-6*04	0.000131	0.8883663817302737
CASSEAPTLDGNQPQHF	TRBV6-1*01	0.000131	0.8261181003911364
CASSLLLQGGTEAFF	TRBV28*01	0.000131	0.38335914703746
CASKAVGGGQPQHF	TRBV27*01	0.000131	0.2570424484320982
CASSLAGEAYEQYF	TRBV4-1*01	0.000131	0.149733833415991
CASSVGRGGYTF	TRBV9*01	0.00013	0.16234646030358696
CASSYKTENTEAFF	TRBV6-7*01	0.00013	0.7676927239961634
CASSVWFAPLHF	TRBV2*01	0.00013	0.9516201406824332
CASTLLDRPNSPLHF	TRBV27*01	0.00013	0.8546290489926176
CASSEYYEQYF	TRBV6-1*01	0.00013	0.162774064523503
CASSIQDRNYGYTF	TRBV5-1*01	0.00013	0.39005853925516704
CATSDWGQEYGYTF	TRBV24-1*01	0.00013	0.6448475730305736
CASSDRELAYEQYF	TRBV6-1*01	0.00013	0.37536294829944356
CASRQLSNQPQHF	TRBV19*01	0.00013	0.30277968666314975
CASSYEDSYNSPLHF	TRBV6-5*01	0.00013	0.6110745916349243
CAWRKGGPNQPQHF	TRBV30*01	0.00013	0.4745711918464772
CAGKLAASTDTQYF	TRBV2*01	0.00013	0.71224942129845
CAISDVGSSYEQYF	TRBV10-3*01	0.00013	0.34924644307105784
CASSLGQTYGYTF	TRBV28*01	0.00013	0.13525742727095721
CASSYGTVYGYTF	TRBV6-2*01	0.00013	0.48174238952945886
CASSMGQAHEQYF	TRBV27*01	0.00013	0.5938945360953575
CASSYSAGQGAPGEQYF	TRBV6-2*01	0.00013	0.5736101464516897
CASSPPRTGAGNQPQHF	TRBV28*01	0.00013	0.43126749796980113
CASSSPGQLHYEQYF	TRBV19*01	0.00013	0.3921851886369002
CASSIQQGGPYEQYF	TRBV11-2*01	0.00013	0.2516330206556226
CASSDGGATDTQYF	TRBV6-4*01	0.00013	0.27001488250510924
CASSPPDRTDQPQHF	TRBV28*01	0.00013	0.6300071769319976
CASSDGWGSTDTQYF	TRBV6-4*01	0.00013	0.6597815963775537
CASSELQRGTGEQYF	TRBV2*01	0.00013	0.38046362627254493
CASSPPGQGQGEQYF	TRBV5-1*01	0.00013	0.4347437918957349
CASSLGKGGQPQHF	TRBV27*01	0.00013	0.1369107432337003
CASSVRDRLAYPIGYTF	TRBV9*01	0.00013	0.8669993365941102
CSARWAGLAGFEYEQYF	TRBV20-1*05	0.00013	0.9841210752560439
CASSIAQPGKTYGYTF	TRBV19*01	0.00013	0.5898035606857867
CASGRRASVNQPQHF	TRBV2*01	0.00013	0.6250663986903026
CASTITPINPYEQYF	TRBV28*01	0.00013	0.9440351430046364
CASSQGGSGANVLTF	TRBV4-2*01	0.00013	0.09577907758210179
CASRIEGQIYEQYF	TRBV2*02	0.00013	0.7034290136298688
CATRATGTQPQHF	TRBV15*02	0.00013	0.4718523327405731
CASGMGTGRNTEAFF	TRBV28*01	0.00013	0.5589244576994425
CASIQGNQPQHF	TRBV28*01	0.00013	0.163149720936713
CSARDLTYEQYF	TRBV20-1*01	0.00013	0.8982500034863691
CASSWDRGFGNYGYTF	TRBV5-1*01	0.00013	0.6025735038440929
CASSPDGTVFYEQYF	TRBV7-6*01	0.00013	0.8484049299800774
CASSQRGQDYGYTF	TRBV5-1*01	0.00013	0.18159012687208778
CASSLQGTGVRYEQYF	TRBV27*01	0.00013	0.569533313711122
CASSRTTGPNYEQYF	TRBV18*01	0.00013	0.3538930053484361
CASSPPHRGAGYTF	TRBV28*01	0.00013	0.8860601902872485
CASSLSQGWEGTEAFF	TRBV27*01	0.00013	0.5757133316139534
CAWSGRAYSNQPQHF	TRBV30*01	0.00013	0.5133846491907158
CAWNSATSHEQYF	TRBV30*01	0.00013	0.7743337422221911
CASSLNRDRGRYGYTF	TRBV7-2*01	0.00013	0.22686939323623914
CSANHGTLDEQYF	TRBV20-1*01	0.00013	0.9468817721087454
CASSVRLAGAYEQYF	TRBV27*01	0.000129	0.2664031487219457
CASSYMREGTDTQYF	TRBV6-2*01	0.000129	0.7709251886256766
CASSRTTNYGYTF	TRBV6-3*01	0.000129	0.2017676386930385
CASRDRVTGPNGYTF	TRBV27*01	0.000129	0.8718860411050834
CASSSGQGAQPQHF	TRBV27*01	0.000129	0.18630525301689183
CASSVVSGSYEQYF	TRBV6-1*01	0.000129	0.23058648701381704
CASTPGDYHGYTF	TRBV5-1*01	0.000129	0.5354376857219432
CASSGAQGIRFNQPQHF	TRBV2*01	0.000129	0.7387065358206517
CASSITTTLGYEQYF	TRBV28*01	0.000129	0.8762140474269585
CASSLAGQGQPQHF	TRBV5-1*01	0.000129	0.14108476694786734
CASSYGGSTDTQYF	TRBV5-1*01	0.000129	0.33893924024762506
CASSVRGADEQYF	TRBV28*01	0.000129	0.3242760292908497
CASSPHTGELFF	TRBV9*03	0.000129	0.18828269110648596
CASSPRAYGYTF	TRBV6-6*05	0.000129	0.18760077445389314
CASSPGQTTYEQYF	TRBV18*01	0.000129	0.38271953996829333
CASRERYNQPQHF	TRBV2*01	0.000129	0.32479490878970874
CASSLRAADEQYF	TRBV19*01	0.000129	0.44494208559020704
CASSPPIDRVGPYEQYF	TRBV18*01	0.000129	0.6976253256733164
CASSETGGDSNQPQHF	TRBV6-4*01	0.000129	0.13822828490660374
CASRPTGGHNSPLHF	TRBV6-1*01	0.000129	0.37220622274329296
CASSEGSAGYEQYF	TRBV2*01	0.000129	0.1649892020654608
CASSNRGDGEKLFF	TRBV18*01	0.000129	0.40889083340587745
CASSTSAGALYEQYF	TRBV7-8*01	0.000129	0.3491304258172053
CASSTGVRGYEQYF	TRBV19*01	0.000129	0.41199084684870524
CASTPAGGGYEQYF	TRBV28*01	0.000129	0.36995168467313716
CASSLNDRDHTF	TRBV28*01	0.000129	0.7402461136332468
CASSLRGYSNQPQHF	TRBV6-6*05	0.000129	0.22569185979877449
CATSEPGTGGKDEQYF	TRBV24-1*01	0.000128	0.6532133589612847
CASSLVGGTYEQYF	TRBV27*01	0.000128	0.16489482319546747
CASSQDRAYEQYF	TRBV3-1*01	0.000128	0.27956845093703353
CASSPGTGGNQPQHF	TRBV18*01	0.000128	0.10849073991906343
CASRSLGGRSYGYTF	TRBV11-2*01	0.000128	0.391969435134785
CASNRRTSGTYEQYF	TRBV6-6*04	0.000128	0.3361920217726235
CASSLSHRGYGYTF	TRBV27*01	0.000128	0.4839274770131922
CSAPGQGLPYEQYF	TRBV20-1*01	0.000128	0.9193861698893143
CASSQASGTGDEQYF	TRBV4-1*01	0.000128	0.3458796902332308
CSAEGLAGDKETQYF	TRBV20-1*04	0.000128	0.9122739577316015
CASSQQGGTEAFF	TRBV19*03	0.000128	0.10261824542564174
CASSLFPSDEQYF	TRBV27*01	0.000128	0.5697359329393075
CASSHGDGYTF	TRBV18*01	0.000128	0.2865416769472777
CASSLTGGAGSGYTF	TRBV7-2*01	0.000128	0.19079283149748244
CASSLGQPYEQYF	TRBV27*01	0.000128	0.12718793325494962
CASSTGQVYGYTF	TRBV6-6*03	0.000128	0.37318820857674145
CASSGRSMYEQYF	TRBV2*01	0.000128	0.37963922566674607
CSAGGTGRSGSGNTIYF	TRBV20-1*01	0.000128	0.7986748932102393
CASSPPSLAGEIEF	TRBV18*01	0.000128	0.8314409394540095
CASSQVGPFALHF	TRBV3-1*01	0.000128	0.6937463950072759
CASSAGGRAEAFF	TRBV9*03	0.000128	0.3823759722633348
CAWSRRAYEQYF	TRBV30*01	0.000128	0.4298135198225761
CASSWISTNRVRGTNEQFF	TRBV6-2*01	0.000128	0.8828659186792096
CASSQMSASGSSYEQYF	TRBV4-1*01	0.000128	0.4625380434703452
CASSFLGTGGEYEQYF	TRBV28*01	0.000128	0.20591915380124942
CASSQVLLTQNSPLHF	TRBV3-1*01	0.000128	0.816934017877897
CASMKGMGQPQHF	TRBV6-1*01	0.000128	0.7178463316371834
CASSLRDRGYYEQYF	TRBV18*01	0.000128	0.36810517810095295
CACNRGNWDGYTF	TRBV30*01	0.000128	0.9257348050909251
CASSEAQSGGGQPQHF	TRBV6-1*01	0.000128	0.26411600495427706
CASSLGGIYGYTF	TRBV5-1*01	0.000128	0.1664805143204848
CASTFGTTGNTIYF	TRBV5-1*01	0.000128	0.34363202956085775
CASSKTGRADTF	TRBV6-6*03	0.000128	0.8298549999599717
CSANRGWEQYF	TRBV20-1*01	0.000128	0.9464133946481229
CASSQEETGGYEQYF	TRBV4-2*01	0.000128	0.16574236536097556
CASSKQNSNYGYTF	TRBV2*02	0.000127	0.46905756279451044
CAWSVSGNTEAFF	TRBV30*01	0.000127	0.3122248391896621
CATSRDRGYEQYF	TRBV15*01	0.000127	0.15459364114685253
CASSLGGAYGYTF	TRBV27*01	0.000127	0.10541257826730664
CASSYQGFEQYF	TRBV6-2*01	0.000127	0.30509621229330963
CASSQGFVYSGNTIYF	TRBV4-1*01	0.000127	0.6295370984114502
CASSEVGYAVDEQYF	TRBV6-1*01	0.000127	0.59072822142784
CASNRRGSVGYGYTF	TRBV28*01	0.000127	0.6940251670157248
CASRGWRSSYEQYF	TRBV6-2*01	0.000127	0.4675572650445517
CSARDRGNTEAFF	TRBV20-1*01	0.000127	0.6456564753196592
CASSTLREQYF	TRBV28*01	0.000127	0.46092642124247746
CASSYSAGGSYEQYF	TRBV6-5*01	0.000127	0.11332379459301999
CASSLYPSPGSGNTIYF	TRBV11-3*01	0.000127	0.8977449196566668
CASRSDSPSASPLHF	TRBV27*01	0.000127	0.815773832241031
CASSYGRDTYEQYF	TRBV6-5*01	0.000127	0.23539614064940756
CASSYGLIYQGSTEAFF	TRBV6-2*01	0.000127	0.4509857064359807
CASSAPGLPPYNSPLHF	TRBV27*01	0.000127	0.7812095564797779
CASSQGQTGNEQFF	TRBV6-2*01	0.000127	0.3804071490060767
CAISVGYGYSGNTIYF	TRBV10-3*01	0.000127	0.6148526856491456
CASSYPTSGSSYEQYF	TRBV6-5*01	0.000127	0.5757581013845023
CASKLRSSQGGGSYGYTF	TRBV27*01	0.000127	0.5231731995585297
CASVLAGGLYEQYF	TRBV2*02	0.000127	0.3295941957811134
CASSVAFPRDRLGSYEQYF	TRBV9*01	0.000127	0.9069433416255328
CASSQSTGGRTDTQYF	TRBV6-6*04	0.000127	0.41801680896058896
CSARDPGQGDYEQYF	TRBV20-1*01	0.000127	0.8302850245763455
CASSVEVIPPPIGGYTF	TRBV9*01	0.000127	0.9798855401778072
CAWSRGPNEKLFF	TRBV30*01	0.000126	0.2974357388141507
CASSYNSGANVLTF	TRBV6-2*01	0.000126	0.13815113825006553
CASRTDRVNQPQHF	TRBV6-2*01	0.000126	0.376167692409341
CASRFLTGVGQPQHF	TRBV19*01	0.000126	0.5927610984512037
CASSLDTINSPLHF	TRBV7-3*01	0.000126	0.4661345945050646
CASSLGELNTEAFF	TRBV3-1*01	0.000126	0.1513620790789569
CASSPRSPGPSSYEQYF	TRBV18*01	0.000126	0.5241011618474579
CASSPRLAGLFYHEQYF	TRBV7-2*01	0.000126	0.923615532040329
CAISEEDWSVNYGYTF	TRBV10-3*01	0.000126	0.8353107948557048
CASSRPGQGSYEQYF	TRBV28*01	0.000126	0.21063391384276728
CASSSSSRTGYEQYF	TRBV7-2*01	0.000126	0.17032741700503673
CASKRPSQYNEQFF	TRBV27*01	0.000126	0.8187922316546976
CATSTEYGYTF	TRBV19*01	0.000126	0.17005399282383168
CASSLRGTNYGYTF	TRBV11-2*01	0.000126	0.12495233172396768
CASRQLQGISYNEQFF	TRBV27*01	0.000126	0.7034330299642627
CATSDLGQNYEQYF	TRBV24-1*01	0.000126	0.4901323615364729
CAVRRTGSSYEQYF	TRBV10-3*01	0.000126	0.21058472331823008
CASSYSEGPYEQYF	TRBV6-5*01	0.000126	0.262941261175102
CASSFRGPYEQYF	TRBV28*01	0.000126	0.27783266590655586
CASSDPGKSTDTQYF	TRBV2*01	0.000126	0.6154808331006921
CATRGAETWDAYEQYF	TRBV6-2*01	0.000126	0.9609790022408592
CASSFGTSGSYEQYF	TRBV27*01	0.000126	0.15556678215126762
CSASLRGQANYGYTF	TRBV20-1*04	0.000126	0.7318336677321124
CASSYRSSSYEQYF	TRBV6-2*01	0.000126	0.3192701329498454
CASSLEGYRGYTF	TRBV5-8*01	0.000126	0.45102235442318317
CASSSLRGHGNTIYF	TRBV11-2*01	0.000125	0.3125135414247568
CASSLSVTYEQYF	TRBV28*01	0.000125	0.21292056728177813
CASSIGSYGYTF	TRBV19*01	0.000125	0.15628158801876435
CASSTGQGNQPQHF	TRBV5-1*01	0.000125	0.07858725618416591
CASSLARGQGNTIYF	TRBV7-2*01	0.000125	0.2354789918131548
CASRIQILNTEAFF	TRBV2*01	0.000125	0.6501181461857758
CASSLIGQADLGLYF	TRBV28*01	0.000125	0.9332429211198007
CASRQGNQPQHF	TRBV28*01	0.000125	0.0794786033212338
CSAINRVRVSYEQYF	TRBV20-1*01	0.000125	0.9383604554200558
CASSLAGSYNEQFF	TRBV19*03	0.000125	0.1042905391887311
CASPGSSNYGYTF	TRBV2*01	0.000125	0.10803658105494758
CASSQDLITEAFF	TRBV28*01	0.000125	0.6709299432971014
CASSSHKDEQYF	TRBV28*01	0.000125	0.3070500856596529
CSARDANYEQYF	TRBV20-1*01	0.000125	0.8423340877666683
CASSSLEGSYNEQFF	TRBV6-2*01	0.000125	0.12534432845808116
CASSPQGEQYF	TRBV6-6*04	0.000125	0.22246267106753542
CSARPTVTTNYGYTF	TRBV20-1*04	0.000125	0.8994111722208668
CASSPQRSHYEQYF	TRBV18*01	0.000125	0.3219962472010947
CASRVGGETYEQYF	TRBV27*01	0.000125	0.3918164094830336
CAWSGSRPSPQHF	TRBV30*01	0.000125	0.7131192809933239
CATSDTGDEQYF	TRBV24-1*01	0.000125	0.42196561077227174
CSARDSFYEQYF	TRBV20-1*01	0.000125	0.8636215862012379
CASSLKGGRSTEAFF	TRBV27*01	0.000125	0.4032545828671328
CASSEFRGSDQPQHF	TRBV2*03	0.000125	0.33061105720762796
CAISESRGQGQSPLHF	TRBV10-3*01	0.000125	0.778499760692708
CASSIFFGTENTEAFF	TRBV19*01	0.000125	0.6915295234030373
CASSTTGGSYEQYF	TRBV7-3*01	0.000125	0.12266351800318315
CASSERASPYSNQPQHF	TRBV6-1*01	0.000125	0.4860863964764558
CASSSLRGKYWENGYTF	TRBV11-2*01	0.000125	0.9611207089532543
CASSVGDIGYTF	TRBV28*01	0.000125	0.4119427353197823
CASSLSDQVTYNSPLHF	TRBV28*01	0.000125	0.7602430207474545
CASSPSPGTNYEQYF	TRBV6-6*04	0.000125	0.43382548211251426
CASSPLGTVYNEQFF	TRBV11-2*01	0.000125	0.5970175725953268
CSARDLTSGRYEQYF	TRBV20-1*01	0.000125	0.9521066574717161
CASRVANNSPLHF	TRBV27*01	0.000125	0.5629862030645605
CASSQGQVDGYTF	TRBV7-8*03	0.000125	0.5084332611276404
CASSYSGPRLNTIYF	TRBV6-5*01	0.000124	0.7312737081978781
CASSYSRTGSQPQHF	TRBV6-5*01	0.000124	0.29677059925597715
CASSQNRAGNTEAFF	TRBV28*01	0.000124	0.23656409291454644
CASTPPLRDEQYF	TRBV13*02	0.000124	0.9108141911325142
CVGSLSSYEQYF	TRBV30*05	0.000124	0.27605334020832933
CATSRESVQEWLRSQPQHF	TRBV15*01	0.000124	0.9676865388639883
CASSEVADMNTEAFF	TRBV6-1*01	0.000124	0.4748224136853273
CASSSLDRITYEQYF	TRBV28*01	0.000124	0.48035412806475297
CASSVYRGTYEQYF	TRBV28*01	0.000124	0.3281840188620017
CASSRGQGEKLFF	TRBV18*01	0.000124	0.23136469729881573
CASSDSTSSGANVLTF	TRBV6-4*01	0.000124	0.17407917138179643
CASSEYREYVGKLFF	TRBV6-1*01	0.000124	0.9588546269874213
CASSWGGDRGGYGYTF	TRBV6-5*01	0.000124	0.5604187757207773
CASSLGWISYEQYF	TRBV13*01	0.000124	0.5861961447560158
CASSQDTAVAWQYF	TRBV4-1*01	0.000124	0.8278359006903984
CASKRDLGAEAFF	TRBV19*01	0.000124	0.884050230955252
CASSLPGQDTGYTF	TRBV28*01	0.000124	0.2867228579930249
CASSQDPTGTRVSEQYF	TRBV4-1*01	0.000124	0.9328411715523112
CASSILSTGSEAFF	TRBV19*01	0.000124	0.48952272070478337
CASSYGKNTEAFF	TRBV6-5*01	0.000124	0.15468524250761326
CSAEPQGYEQYF	TRBV20-1*01	0.000124	0.8513150858688606
CASSVTTGFYYGYTF	TRBV9*01	0.000124	0.4993306029862054
CAWSVVSGNTIYF	TRBV30*01	0.000124	0.5485063915224404
CASSEPFSILQYF	TRBV2*01	0.000124	0.9468974909837137
CASSELGAGAYNEQFF	TRBV2*03	0.000124	0.2484393974590396
CASSSSGTGYQPQHF	TRBV6-2*01	0.000124	0.23695462121548055
CAWSVSGGSGEQYF	TRBV30*01	0.000124	0.5903078436200301
CASSLLTPREGSYEQYF	TRBV4-1*01	0.000124	0.6077790200387961
CASSLGGGRTDTQYF	TRBV11-3*01	0.000124	0.1974111751790014
CASSLATGGYEQYF	TRBV5-1*01	0.000124	0.12268819024172542
CASSQRTYGYTF	TRBV14*01	0.000124	0.1622068161368029
CASSLVQSYEQYF	TRBV7-8*01	0.000124	0.19268910957232935
CSAQGLAGSYEQYF	TRBV20-1*04	0.000123	0.8159374707154637
CASSQGAYEQYF	TRBV18*01	0.000123	0.10668809442723713
CASTDRADYGYTF	TRBV6-2*01	0.000123	0.2598682823808752
CASSLTERNSPLHF	TRBV28*01	0.000123	0.5731954836194765
CAISSRGEPIYF	TRBV10-3*01	0.000123	0.6149286281138404
CASSSEGVGSYEQYF	TRBV19*01	0.000123	0.18837996359190212
CASIREKLRTEAFF	TRBV6-1*01	0.000123	0.9599775553734703
CSASQTGVTYEQYF	TRBV20-1*02	0.000123	0.8135135654823238
CASSQDLGGKGYGYTF	TRBV4-1*01	0.000123	0.5051543488545105
CANPPNRGPDTEAFF	TRBV19*01	0.000123	0.6393305298801535
CATSDSLDYGYTF	TRBV24-1*01	0.000123	0.4846527819828067
CASSPPGTETQYF	TRBV18*01	0.000123	0.5360817366759497
CASTLFWNTEAFF	TRBV6-1*01	0.000123	0.79034438507789
CASSLDGLDGYTF	TRBV5-1*01	0.000123	0.2986197126942462
CASSYSKGVQVLNTEAFF	TRBV6-5*01	0.000123	0.7976987019887335
CAISGPTGGSDNEQFF	TRBV10-3*01	0.000123	0.6203600794675683
CASSSRAYRMNTEAFF	TRBV28*01	0.000123	0.6643334352419601
CASSLIYLYPGEQYF	TRBV14*01	0.000123	0.9336280499045074
CASSLAGSYGYTF	TRBV27*01	0.000123	0.07388785162776017
CASSYLAGGKGSYEQYF	TRBV6-5*01	0.000123	0.3868406365859175
CASSSYGTGGAQPQHF	TRBV28*01	0.000123	0.35615927964609134
CASLTFGNSNQPQHF	TRBV6-1*01	0.000123	0.6593837530811562
CASSLVVGATYEQYF	TRBV11-2*01	0.000123	0.35206047273998936
CASSLAGTVNQPQHF	TRBV5-1*01	0.000123	0.23992778676042548
CASSRTSGGYEQYF	TRBV11-2*01	0.000123	0.13108111164384262
CASRQGADTGELFF	TRBV6-1*01	0.000123	0.1576817289187698
CAWSNRGEKLFF	TRBV30*01	0.000123	0.58356937811076
CSARAGASYTF	TRBV20-1*01	0.000123	0.8450109780558336
CASSPTTVLPMNTEAFF	TRBV7-8*03	0.000123	0.959484126594342
CATRRGRGRSSYEQYF	TRBV6-1*01	0.000123	0.43805664180218407
CASSLEWRGRNTEAFF	TRBV11-3*01	0.000123	0.8356904458122978
CASKIQGRMTGELFF	TRBV27*01	0.000123	0.7858617174201968
CSARDLEQGPYEQYF	TRBV20-1*01	0.000123	0.9602276280391222
CASKLGQESYEQYF	TRBV27*01	0.000123	0.5285963446999252
CASSPGNQPQHF	TRBV18*01	0.000123	0.08306882788638845
CASSQDTKGIYGYTF	TRBV4-2*01	0.000123	0.5492988701346844
CSARDSRSVWMEFF	TRBV20-1*01	0.000123	0.9786459750536564
CAILTDTYEQYF	TRBV10-3*01	0.000123	0.4954048347843391
CASSQGYGYTF	TRBV3-1*01	0.000123	0.10171284933783702
CASSPNQGADVGYTF	TRBV18*01	0.000123	0.4494804117815158
CASSRMEIGNTIYF	TRBV11-3*01	0.000123	0.3089993516669765
CASSSWRVLAGGGEQYF	TRBV27*01	0.000123	0.8562667191983808
CASSFSTSGRHNEQFF	TRBV6-2*01	0.000123	0.6427616335868502
CASSEGTGHGVAFF	TRBV10-1*01	0.000123	0.5462709203381052
CVSGRGYYEQYF	TRBV27*01	0.000122	0.5092594169206134
CASSLAGSGQPQHF	TRBV27*01	0.000122	0.10545638328502999
CASSLFSGEQYF	TRBV28*01	0.000122	0.4327432337363482
CASSDGVGYTF	TRBV2*01	0.000122	0.20175869185319067
CSARDMKGEVDEQYF	TRBV20-1*01	0.000122	0.9697901910326191
CASKRQNNSPLHF	TRBV6-1*01	0.000122	0.5464087502952935
CSAAPENEKLFF	TRBV20-1*01	0.000122	0.7989465207250133
CASSLGGRLTWEQYF	TRBV11-2*01	0.000122	0.8291298716190427
CSARGDTEAFF	TRBV20-1*01	0.000122	0.6363132228173759
CAISSQGVGNSPLHF	TRBV10-3*01	0.000122	0.5906746132189596
CAISDTGDSYEQYF	TRBV10-3*01	0.000122	0.5043957628236899
CASSSAGSYGYTF	TRBV28*01	0.000122	0.07732268749435518
CATSGQSSVSYEQYF	TRBV15*02	0.000122	0.4285281089815195
CASSLGQGLRYEQYF	TRBV5-1*01	0.000122	0.3764305335319045
CAISGQGADGYTF	TRBV19*01	0.000122	0.556076151111776
CASSPTVGYEQYF	TRBV5-1*01	0.000122	0.2911437680970076
CIVSGSRNEQYF	TRBV29-1*01	0.000122	0.5222129394974905
CASRIDREISYEQYF	TRBV6-1*01	0.000122	0.7459284211896003
CASSLEGGPYEQYF	TRBV27*01	0.000122	0.17715545651718398
CAGGEGYNSPLHF	TRBV6-1*01	0.000122	0.45662857221926584
CASSSGHLNGYTF	TRBV28*01	0.000122	0.5055749192115526
CSVEGDRDYGYTF	TRBV29-1*01	0.000122	0.6645224806095418
CASSQGSYNSPLHF	TRBV27*01	0.000122	0.2891792906442586
CSVEDPKRESYNEQFF	TRBV29-1*01	0.000122	0.978894564385027
CASSLTGLANYGYTF	TRBV27*01	0.000122	0.18468925189707155
CASSRPLRAGGEQYF	TRBV6-6*04	0.000122	0.9081150801916018
CSARDVGRIYEQYF	TRBV20-1*01	0.000122	0.9237424796649746
CATRQGFQPQHF	TRBV27*01	0.000122	0.5529310286969554
CAISEYRGPGNQPQHF	TRBV10-3*01	0.000122	0.6539076686750679
CSAHNQEYEQYF	TRBV20-1*01	0.000122	0.8624865656114541
CASSLIATNYNEQFF	TRBV27*01	0.000122	0.4058076775957993
CAWTTGTSGNTIYF	TRBV30*01	0.000122	0.3482676244375255
CASSPGQGSDEQYF	TRBV6-6*05	0.000122	0.2737924700820249
CASGGRTSNYGYTF	TRBV5-1*02	0.000122	0.3246284786028822
CSSFRGAYNSPLHF	TRBV20-1*01	0.000122	0.8119269930828832
CASSEFRAPSNQPQHF	TRBV7-2*01	0.000122	0.841928685580943
CASSPFRENTEAFF	TRBV18*01	0.000122	0.48674413948333783
CASSYSPDRASPLHF	TRBV6-5*01	0.000122	0.7185731305158525
CAWSGQGFTGNTIYF	TRBV30*01	0.000121	0.45789388897431776
CSARDARGGTEAFF	TRBV20-1*01	0.000121	0.8459274912652162
CATSREDRPDSGNTIYF	TRBV15*01	0.000121	0.6604890922366273
CASSPTGGDHGYTF	TRBV6-6*04	0.000121	0.4632957524910953
CASSQWEGVLNGYTF	TRBV4-2*01	0.000121	0.8509081834599586
CSAPGQVHSNQPQHF	TRBV20-1*01	0.000121	0.9192291700062302
CASRGTEYVGYTF	TRBV9*01	0.000121	0.47593118784222654
CSARESGVEQYF	TRBV20-1*01	0.000121	0.958744622166218
CASSYQGTTIYEQYF	TRBV6-5*01	0.000121	0.7681094325700284
CASSLAVSKGYEQYF	TRBV7-2*01	0.000121	0.5565604369572319
CASRQGQGYQPQHF	TRBV19*01	0.000121	0.2964556318690282
CASSPDREGGYTF	TRBV6-6*05	0.000121	0.23659989814201465
CASSAAGSPLHF	TRBV19*01	0.000121	0.21066475635626927
CASSYSSRGFAGNTIYF	TRBV6-5*01	0.000121	0.6609212663302697
CASSQEGGTSGYEQYF	TRBV4-2*01	0.000121	0.20792808383028685
CASSQVGTAGNTIYF	TRBV4-1*01	0.000121	0.385109839951266
CASSPGQGNSPLHF	TRBV3-1*01	0.000121	0.15639070652249706
CASSRVRMLGEQYF	TRBV6-6*04	0.000121	0.884679663393687
CASSGDRGNYEQYF	TRBV5-1*01	0.000121	0.2085012633191427
CSASLSRISYEQYF	TRBV20-1*04	0.000121	0.7674912259484615
CASSFRGAPGGYTF	TRBV28*01	0.000121	0.7290529804540195
CAITRTSRDEQYF	TRBV10-3*01	0.000121	0.7092210476304336
CASSLGQNTEAFF	TRBV28*01	0.000121	0.07778460346702763
CASRGTATYEQYF	TRBV6-1*01	0.000121	0.3783274030262115
CASSPSGEPAYEQYF	TRBV4-1*01	0.000121	0.5321134339538457
CASSTGQGFEAFF	TRBV19*03	0.000121	0.4643900738793159
CASSYRDGYGYTF	TRBV6-5*01	0.000121	0.21331999538149377
CASSPPRTNTYEQYF	TRBV18*01	0.000121	0.36533051945945566
CASSSTGQGGGYTF	TRBV28*01	0.000121	0.13715459413441541
CASSLSGTGYTF	TRBV27*01	0.000121	0.1367320695455573
CASSYSPRATEAFF	TRBV6-2*01	0.000121	0.6825018875371074
CASSPGQGGRYEQYF	TRBV6-6*05	0.000121	0.1912370217253784
CASSEDRGLSGNTIYF	TRBV9*01	0.000121	0.4066485765073098
CASSFGLGGYSNQPQHF	TRBV28*01	0.000121	0.27415351098348595
CATTRGPNSPLHF	TRBV2*01	0.000121	0.7514957358014436
CASSRRTGDDSPLHF	TRBV18*01	0.00012	0.5194870493577702
CSARPDRSYGYTF	TRBV20-1*01	0.00012	0.9242124733842917
CASSFGNGNTIYF	TRBV5-1*01	0.00012	0.21155621511215608
CAIRFVRDRVYQPQHF	TRBV10-3*01	0.00012	0.9686708958502378
CASSFQPTYEQYF	TRBV6-5*01	0.00012	0.42658503789363644
CASSFWWEGLTGLEQYF	TRBV7-2*01	0.00012	0.9688333563499227
CASSTPGQGARGYTF	TRBV5-1*01	0.00012	0.6662388998149686
CASTQREKSYEQYF	TRBV30*01	0.00012	0.749991107620229
CASLPGGRSYGYTF	TRBV27*01	0.00012	0.3742715725960189
CASRDRAVEGYTF	TRBV6-1*01	0.00012	0.6558802136020512
CSAKRGDLYGYTF	TRBV20-1*01	0.00012	0.9471478475610952
CASRIGNSPLHF	TRBV2*02	0.00012	0.21154275386862934
CASSFLGDSEQYF	TRBV27*01	0.00012	0.42244614313618606
CASSQEGTMSYGYTF	TRBV4-1*01	0.00012	0.6845123380902723
CSAGKGGGQPQHF	TRBV20-1*04	0.00012	0.8102717991547139
CAWRDRGEKLFF	TRBV30*01	0.00012	0.7586894879376767
CASSSLPGTSGTTGELFF	TRBV28*01	0.00012	0.41480340822155104
CSATLLLSGTGRNQPQHF	TRBV20-1*01	0.00012	0.9556750270718676
CASSPVGQGVRNEQYF	TRBV18*01	0.00012	0.793922130499667
CASSLDGYSYGYTF	TRBV11-2*01	0.00012	0.2825413088240254
CAIRGQRDYGYTF	TRBV10-3*01	0.00012	0.6511457492665907
CASSSSYEQYF	TRBV6-2*01	0.00012	0.09365258141671477
CSARAGTSGSYEQYF	TRBV20-1*01	0.00012	0.813797715108792
CASSQDWGLSGNTIYF	TRBV4-3*01	0.00012	0.6599402452930322
CASSVAPGLIYEQYF	TRBV6-1*01	0.00012	0.522871469989623
CASSLDRAYGYTF	TRBV27*01	0.00012	0.21076285596664784
CASSLRGHEQYF	TRBV27*01	0.00012	0.2841249048499184
CASSSYRLLGVDTEAFF	TRBV28*01	0.00012	0.7966757699193875
CASSPGTGIHQPQHF	TRBV3-1*01	0.00012	0.4555265813772377
CASSLGTGVSETQYF	TRBV11-3*01	0.00012	0.43890248283325595
CASSQYDRTDYGYTF	TRBV7-8*03	0.00012	0.5695785476096029
CASSSLDSGGFSGANVLTF	TRBV28*01	0.00012	0.38195927463176826
CASSLREGDEQYF	TRBV18*01	0.000119	0.2689366400512105
CASSSYRNPYNGYTF	TRBV7-2*01	0.000119	0.8448056090710215
CASKYRGGIEAFF	TRBV28*01	0.000119	0.8023155120965514
CASSYSPRQNNSPLHF	TRBV6-5*01	0.000119	0.832508753284118
CSARVWGGELFF	TRBV20-1*01	0.000119	0.9536652816254831
CASSPRDGGVYEQYF	TRBV6-6*04	0.000119	0.34483352861317995
CAGGRQDNSPLHF	TRBV30*05	0.000119	0.512160659287719
CSASLREGLGAFF	TRBV20-1*04	0.000119	0.9886448399215385
CASSPDRGASNQPQHF	TRBV11-2*01	0.000119	0.2274475941580617
CASSLHLQSGNTIYF	TRBV11-2*01	0.000119	0.6496940436379921
CASRNSASTGELFF	TRBV6-1*01	0.000119	0.4038734841116709
CSAIEQAYSYEQYF	TRBV20-1*01	0.000119	0.9730382140264332
CATTPSGIYEQYF	TRBV28*01	0.000119	0.4660189635052853
CASSLARFRGNYEQYF	TRBV7-8*01	0.000119	0.6308120952914483
CASSYIAGEDNEQFF	TRBV6-2*01	0.000119	0.8911036397535934
CAISESPDTYGYTF	TRBV10-3*01	0.000119	0.6669201637710648
CASSPGQGDQPQHF	TRBV18*01	0.000119	0.11802972171272111
CASRGQGAREGYGYTF	TRBV19*01	0.000119	0.535260306712325
CASSQEGQGRGGYTF	TRBV18*01	0.000119	0.43010274382549624
CSARSTTGTGDSYEQYF	TRBV20-1*05	0.000119	0.8487035544446333
CASSIGAGNNQPQHF	TRBV19*01	0.000119	0.17960958670437044
CASSYRAGGTQPQHF	TRBV6-5*01	0.000119	0.36034957038513976
CAISEPTRGYEQYF	TRBV10-3*01	0.000119	0.5699910714905948
CASSLEVGPPLHF	TRBV28*01	0.000119	0.8018306805430808
CASSGTNRPNYGYTF	TRBV18*01	0.000119	0.5330608054298928
CASSYLAGDPNEQFF	TRBV6-2*01	0.000119	0.6754789442754076
CAWRRTASNSPLHF	TRBV30*01	0.000119	0.8323462073742156
CASSKTGVEAFF	TRBV6-2*01	0.000119	0.517300126887138
CASSHQTGTSSSEQYF	TRBV3-1*01	0.000119	0.42277377977526426
CASSTRDRGFYEQYF	TRBV28*01	0.000119	0.4861013754491111
CATSRVEGYEQYF	TRBV15*01	0.000119	0.2776026539039948
CASSSPGSYEQYF	TRBV27*01	0.000119	0.16478020822317138
CASRVLGTGGTYEQYF	TRBV6-6*03	0.000119	0.30058806612050826
CSAPPPTGGSYEQYF	TRBV20-1*01	0.000119	0.9204971473604633
CASSIQPSGNTIYF	TRBV19*01	0.000119	0.2935776847822566
CASSRQGSGNTIYF	TRBV3-1*01	0.000119	0.15783730458856132
CASSHRGGTEAFF	TRBV4-1*01	0.000119	0.17885041613982566
CASRRGTGYSNSPLHF	TRBV28*01	0.000119	0.33652072163669644
CATSAGTGGSPLHF	TRBV15*02	0.000119	0.28949347208144777
CATLGQGLHEQYF	TRBV6-2*01	0.000119	0.8343984199012124
CASSYGTSGSNEQFF	TRBV6-2*01	0.000119	0.509441929541748
CASTDSAAYNEQFF	TRBV2*03	0.000119	0.3847949536197304
CAISYSGNYGYTF	TRBV10-3*02	0.000119	0.3277930575831947
CASSWLAGEQYF	TRBV27*01	0.000119	0.4184344687972175
CSARPREHEQFF	TRBV20-1*01	0.000119	0.9725016643898687
CAWSQAGSYEQYF	TRBV30*01	0.000118	0.3603123117716741
CSAPVGQGYEQYF	TRBV20-1*01	0.000118	0.8149542560395107
CSATKDRGDEQYF	TRBV20-1*02	0.000118	0.9010566666679477
CASSFRQDSYEQYF	TRBV6-5*01	0.000118	0.3885371168495001
CASSLWGVTQPQHF	TRBV7-2*01	0.000118	0.5018153259860566
CASRDTGGYEQYF	TRBV28*01	0.000118	0.0975282231597213
CASILRGTPNYGYTF	TRBV28*01	0.000118	0.6886240723189603
CASSRAQGNYGYTF	TRBV6-6*04	0.000118	0.15376518843503373
CASSSGQGGGPQHF	TRBV7-2*01	0.000118	0.10552335862714984
CASSDLAGADTQYF	TRBV6-4*01	0.000118	0.28766773701466525
CASRMTGGDYEQYF	TRBV28*01	0.000118	0.41613926579224597
CASSLGDPRAEAFF	TRBV28*01	0.000118	0.7163565987468778
CASSSGENTEAFF	TRBV6-6*05	0.000118	0.11955626849872755
CASSPRGTGDGNTIYF	TRBV11-2*01	0.000118	0.2905343887981504
CASSYPRQGRNTIYF	TRBV6-2*01	0.000118	0.7731386567318934
CASSLSGGGDTQYF	TRBV3-1*01	0.000118	0.21132390278793833
CATLAGGTNEQFF	TRBV15*02	0.000118	0.534691317304794
CASGTGSGNTIYF	TRBV2*01	0.000118	0.25981318939809245
CASSQGRLYGYTF	TRBV10-1*01	0.000118	0.27165644303585873
CASSLGWGTGAYEQYF	TRBV13*01	0.000118	0.39257789796344994
CASSHSGSSYNSPLHF	TRBV28*01	0.000118	0.312978484727214
CASSFEGPPNYGYTF	TRBV6-5*01	0.000118	0.64575875679711
CSAAGGGLDGELFF	TRBV20-1*01	0.000118	0.8873716906212835
CASSELRGGGYTF	TRBV6-1*01	0.000118	0.20745818587417048
CAWSSELPYTEAFF	TRBV30*01	0.000118	0.7779440193547374
CASSPHAYEQYF	TRBV18*01	0.000118	0.5284031624334458
CASSPPGLASTDTQYF	TRBV7-8*03	0.000118	0.5216880706111174
CASKWRARDGYTF	TRBV19*01	0.000118	0.9773543525048767
CASKTGMSQPQHF	TRBV19*01	0.000118	0.37795062423207393
CASSYRHNYGYTF	TRBV6-2*01	0.000118	0.4641505823013471
CSARVQGEDTGELFF	TRBV20-1*01	0.000118	0.9281190903534926
CASSPSSSYNEQFF	TRBV28*01	0.000118	0.16109202035635822
CASSPRSVTYEQYF	TRBV7-9*01	0.000118	0.2996568494790828
CATSSQGRDGYTF	TRBV15*02	0.000118	0.5432552723039659
CASPEKDVTNYGYTF	TRBV7-9*05	0.000118	0.5760555739945529
CASSLVMGGEQYF	TRBV11-3*01	0.000118	0.3498334806172807
CASSYVTQPNSPLHF	TRBV6-5*01	0.000118	0.9365529233461286
CASSRAWEWYF	TRBV6-2*01	0.000118	0.8400094316187954
CASRGGTLYGYTF	TRBV5-1*01	0.000118	0.5791277068559684
CAWSVEGATEAFF	TRBV30*01	0.000117	0.5608125218233454
CASSFGTSYEQYF	TRBV5-1*01	0.000117	0.1680076211835319
CASSDSGTSGTDTQYF	TRBV6-4*01	0.000117	0.1905448024589278
CASSLMATAYEQYF	TRBV7-2*01	0.000117	0.5407256277095838
CSASRDINQPQHF	TRBV20-1*02	0.000117	0.5785828628906106
CASSLGTGVTEAFF	TRBV28*01	0.000117	0.17374109928990922
CASSDRIGNTEAFF	TRBV6-1*01	0.000117	0.21728435753807532
CASSISGNTEAFF	TRBV19*01	0.000117	0.16905983766012436
CASNPTGDQPQHF	TRBV6-2*01	0.000117	0.30109463575234136
CASSLPGTSGYEQYF	TRBV4-1*01	0.000117	0.16707553696424896
CSASRGLAGVYEQYF	TRBV20-1*01	0.000117	0.7060999997385157
CAWSARQFYEQYF	TRBV30*01	0.000117	0.794037530088653
CSAEGHPYQPQHF	TRBV20-1*01	0.000117	0.9657458260339782
CATQEGQGVYGYTF	TRBV6-1*01	0.000117	0.5650361775333959
CASNARGPYYGYTF	TRBV6-6*05	0.000117	0.5819506007092177
CASSYGGGSPLHF	TRBV7-3*01	0.000117	0.2737791139818318
CTVQRNYGYTF	TRBV20-1*01	0.000117	0.676709606831917
CSARDWDPPWGEQYF	TRBV20-1*01	0.000117	0.9924500724880858
CASSQGTGAGYTF	TRBV3-1*01	0.000117	0.25532162830769695
CASSYSQGSGGNQPQHF	TRBV6-2*01	0.000117	0.1857171973345332
CASSLPGGYEQYF	TRBV6-6*05	0.000117	0.18290285807390513
CSARGQSDYEQYF	TRBV20-1*01	0.000117	0.8291305133925078
CSARDQREYEQYF	TRBV20-1*01	0.000117	0.8946188489096997
CASGYAGYQPQHF	TRBV6-1*01	0.000117	0.560625330158639
CSARTGSDEQYF	TRBV20-1*01	0.000117	0.8502530532129178
CASSPAGTGVNQPQHF	TRBV18*01	0.000117	0.3129951718788721
CASRAWRELYNEQFF	TRBV28*01	0.000117	0.9089959134479647
CSVTGASRNTEAFF	TRBV29-1*01	0.000117	0.7364826727664282
CASSALKYGYTF	TRBV11-1*01	0.000117	0.3900744714028561
CASGAEGRNSGNTIYF	TRBV19*01	0.000117	0.4056918202449867
CASSVRVPRGEQYF	TRBV28*01	0.000117	0.9037896213697196
CASSLSLGPGHLYEQYF	TRBV27*01	0.000117	0.635739379737644
CASSSLDRVGQPQHF	TRBV27*01	0.000117	0.4442799536312309
CASSSGVQGGMPQHF	TRBV7-2*01	0.000117	0.45831159135882643
CATSDWGPNEKLFF	TRBV24-1*01	0.000117	0.5874860701984065
CASSTWTGDSPLHF	TRBV11-3*01	0.000117	0.7046606604273677
CASSQWGAGGYTF	TRBV6-6*05	0.000117	0.4397983802627723
CSAREKGPYGYTF	TRBV20-1*01	0.000117	0.9463103065291707
CAWSRGVKLFF	TRBV30*01	0.000117	0.6299661478042027
CASSGHPNSPLHF	TRBV9*01	0.000117	0.5679161195572986
CSASEGQHREGYTF	TRBV20-1*04	0.000116	0.9710522008305171
CSALLGQGRSVEQYF	TRBV20-1*01	0.000116	0.9719453068983432
CASSPTTGVSEQYF	TRBV4-3*01	0.000116	0.542469998287821
CASSYSVGLRYGYTF	TRBV6-5*01	0.000116	0.7788670667848299
CATSDFRADQPQHF	TRBV24-1*01	0.000116	0.6299502941910564
CASSIDRQQPQHF	TRBV19*01	0.000116	0.27364082459056494
CASSHLAGEGYEQYF	TRBV18*01	0.000116	0.34330907499991004
CASSRGLAAPNEQFF	TRBV27*01	0.000116	0.8151613358442148
CASSLGSGNYGYTF	TRBV11-2*01	0.000116	0.07944735086270927
CASTNEIWESNTEAFF	TRBV19*03	0.000116	0.9480939305991585
CASSIGQGLSYEQYF	TRBV19*01	0.000116	0.267530040938213
CASTHRAGDYNEQFF	TRBV6-1*01	0.000116	0.6280827461369857
CASSSFRGRNYGYTF	TRBV28*01	0.000116	0.2841840831849663
CAISGGPDEQYF	TRBV10-3*01	0.000116	0.4934143879934268
CASSNEDRGGFSNQPQHF	TRBV6-2*01	0.000116	0.3936999175994007
CASSTRREGSSYEQYF	TRBV18*01	0.000116	0.2874863826860788
CASNGQGSYEQYF	TRBV2*01	0.000116	0.29753464454097583
CSATALQGQGYTF	TRBV20-1*01	0.000116	0.857130889801243
CSATGTVNQPQHF	TRBV20-1*01	0.000116	0.7466864412756592
CRGLAGATYEQYF	TRBV20-1*01	0.000116	0.5992919145167704
CASRNGQGNSNQPQHF	TRBV2*01	0.000116	0.33545518296060645
CATILAGDNEQFF	TRBV28*01	0.000116	0.8832159209748437
CSARPGKGEQYF	TRBV20-1*01	0.000116	0.9511935159555711
CASSLPGHLYTTNEKLFF	TRBV28*01	0.000116	0.7573621120781712
CASQGPGEIGTGELFF	TRBV6-1*01	0.000116	0.7980476561492885
CASSQDYSGTYEQYF	TRBV4-3*01	0.000116	0.22944486811667658
CSARGGSINQPQHF	TRBV20-1*01	0.000116	0.864298010803707
CASSDSDNTEAFF	TRBV6-4*01	0.000116	0.13864572129211858
CASSLEWGPGNEQFF	TRBV27*01	0.000116	0.8495192507110692
CSADRDRGPYGYTF	TRBV20-1*01	0.000116	0.7990513011456964
CAIGGTGGQPQHF	TRBV10-3*01	0.000116	0.5224599278112119
CATEFPSSYEQYF	TRBV10-3*01	0.000116	0.7305148458845594
CASSLYQFYSNQPQHF	TRBV28*01	0.000116	0.4590168342322005
CASSGGQGGGQPQHF	TRBV6-1*01	0.000116	0.1109953566692352
CASRPLSFSYEQYF	TRBV6-1*01	0.000116	0.8114259411401902
CATHAPEGNTIYF	TRBV6-1*01	0.000116	0.850025011731729
CASTPTGDGYTF	TRBV7-9*05	0.000116	0.5113664650825452
CASSLRGFAGDNYGYTF	TRBV7-2*01	0.000116	0.46103869534418357
CASSYGGGQGTGELFF	TRBV27*01	0.000116	0.3913610450988485
CASSLEAGGISYEQYF	TRBV5-1*01	0.000116	0.25921650287980036
CASRCQGAYEQYF	TRBV27*01	0.000116	0.7428262860170504
CASRTVPGAGDYEQYF	TRBV5-1*01	0.000116	0.3395849322562563
CASSVGSDRGNTIYF	TRBV9*01	0.000116	0.27880773068357956
CASSRHLNTEAFF	TRBV6-6*03	0.000115	0.2688620912429634
CASSLSGTVSHEQYF	TRBV11-3*01	0.000115	0.48225145639841144
CASRQNQGEYGYTF	TRBV5-1*01	0.000115	0.3393470472072598
CASSQDVSGQGRVKEQYF	TRBV4-3*01	0.000115	0.8989637943392991
CASSSDRGVVNQPQHF	TRBV6-2*01	0.000115	0.46550162614595475
CASREGQGYGYTF	TRBV3-1*01	0.000115	0.17006790728551974
CASSPDSSGNTIYF	TRBV5-1*01	0.000115	0.2017591910252876
CASSLESYEQYF	TRBV11-3*01	0.000115	0.10220757435495124
CASSPVGLAGPYEQYF	TRBV18*01	0.000115	0.5139925516762534
CASSEDGGGPYEQYF	TRBV6-1*01	0.000115	0.3758352341097918
CAWKPGPSSYEQYF	TRBV30*01	0.000115	0.6884931595199476
CSDMTSGSRNEQFF	TRBV20-1*01	0.000115	0.9459801359674027
CASSPKEAEAQHF	TRBV6-6*04	0.000115	0.7543896325564499
CASTSGAYEQYF	TRBV19*03	0.000115	0.15393247882351244
CSARAVNTEAFF	TRBV20-1*01	0.000115	0.8317413314676158
CATSDTRTSNQPQHF	TRBV24-1*01	0.000115	0.4340178050577345
CASTTTGRAGQPQHF	TRBV19*01	0.000115	0.4617818110841988
CASSTDRGYQPQHF	TRBV19*03	0.000115	0.354124715018838
CASSYSRNYGYTF	TRBV6-5*01	0.000115	0.15647785718838553
CASSLDHNYEQYF	TRBV11-2*01	0.000115	0.4575007696015855
CASRTPGYLNEKLFF	TRBV2*02	0.000115	0.738505956730822
CASSGSLAGDAYEQYF	TRBV7-2*01	0.000115	0.3161683772884949
CASRFDRSNSPLHF	TRBV4-1*01	0.000115	0.5692193405399242
CASSLEASGGTYEQYF	TRBV7-2*01	0.000115	0.17600007288560715
CASRRDAVATNEKLFF	TRBV2*01	0.000115	0.6251056223969872
CASSQVHGFDSDGYTF	TRBV4-1*01	0.000115	0.9456275099180782
CASSRTGLNQPQHF	TRBV19*01	0.000115	0.1940529268524581
CASSEPRDQPQHF	TRBV6-1*01	0.000115	0.335904763804285
CSARDTGTNSYEQYF	TRBV20-1*01	0.000115	0.7916615423389779
CASSLVGFAYEQYF	TRBV11-2*01	0.000115	0.47864059946480597
CASSLLPGLAERYEQYF	TRBV7-8*01	0.000115	0.6489764965931125
CASSETGTQSSYEQYF	TRBV6-1*01	0.000115	0.3130336746511582
CAWSARGDEQYF	TRBV30*01	0.000115	0.5703835174616992
CASSDQGGGSPLHF	TRBV6-4*01	0.000115	0.26109599733389294
CASSSGGWDEQYF	TRBV4-1*01	0.000115	0.3959383321688091
CASSATAGGNQPQHF	TRBV6-4*01	0.000115	0.1842043833950633
CASSYTRTGFGGYTF	TRBV6-2*01	0.000114	0.8230242227738973
CASRLTGTSGMVQYF	TRBV2*02	0.000114	0.9015042613748642
CASRARVQYEQYF	TRBV27*01	0.000114	0.5446764224777395
CASSSNLRDRGHEQYF	TRBV6-5*01	0.000114	0.8385111801483219
CASSTRRQGVNSPLHF	TRBV28*01	0.000114	0.6332937205517013
CASRLTDRLSYEQYF	TRBV6-6*04	0.000114	0.5603953773038592
CATLKAASYEQYF	TRBV6-2*01	0.000114	0.8583998178443583
CASSLGGQYGYTF	TRBV28*01	0.000114	0.11310020807283629
CASGAGQGYEQYF	TRBV5-1*02	0.000114	0.21292492246080294
CASSPGTAGYEQYF	TRBV19*03	0.000114	0.2405405432797791
CAWSGQYNQPQHF	TRBV30*01	0.000114	0.44662383940924677
CATRTSGSYEQYF	TRBV28*01	0.000114	0.31724513075441046
CASSEYTGNQPQHF	TRBV6-1*01	0.000114	0.18801245155319227
CASSLDYRGSGYTF	TRBV5-1*01	0.000114	0.3013911726510443
CASSLSTGVYGYTF	TRBV28*01	0.000114	0.2269867784187804
CSARDGRGYGYTF	TRBV20-1*01	0.000114	0.7364897753512202
CASSPLAGAMGEQFF	TRBV28*01	0.000114	0.490304769018384
CASSTGTGATYEQYF	TRBV27*01	0.000114	0.2005123467466902
CSASSDQPQHF	TRBV20-1*04	0.000114	0.5250058704638657
CASSYNDGTYEQYF	TRBV6-5*01	0.000114	0.29853727520292406
CASSHRGINQPQHF	TRBV3-1*01	0.000114	0.2962647907676544
CASSLSDGYEQYF	TRBV27*01	0.000114	0.15774776444593894
CASMGRLGSYNSPLHF	TRBV6-1*01	0.000114	0.6773640732917714
CASTRLGTGSGYTF	TRBV27*01	0.000114	0.5213347208514689
CSASSKQVEAFF	TRBV20-1*05	0.000114	0.927972714498759
CSAQTEYGYTF	TRBV20-1*01	0.000114	0.8455980357950035
CASSLLAGITSTDTQYF	TRBV27*01	0.000114	0.5909643312510048
CASSVVPTGVATEAFF	TRBV9*01	0.000114	0.4915870545638132
CASSRNPGTSGYEQYF	TRBV4-1*01	0.000114	0.4707738323318677
CASRPGQGAPYEQYF	TRBV5-1*01	0.000114	0.3599844344113316
CASSLDFSTYEQYF	TRBV11-3*01	0.000114	0.41671951550818204
CASSPLAEAFF	TRBV11-1*01	0.000114	0.3356377227959974
CAWSLLLRTSGRREQYF	TRBV30*01	0.000114	0.9593480525444698
CASGKTRTFRTGELFF	TRBV27*01	0.000114	0.9864111404675651
CASSTHGTQNTEAFF	TRBV6-6*05	0.000114	0.6453449672832049
CAWSVQYRANYGYTF	TRBV30*01	0.000114	0.8858572660627574
CASSLYGRNEKLFF	TRBV27*01	0.000114	0.32183270104049894
CASSASGDAYEQYF	TRBV6-4*01	0.000114	0.22851773905701409
CASSVETGSSGNTIYF	TRBV2*01	0.000114	0.17482984756364003
CASSIGQGATYEQYF	TRBV19*01	0.000114	0.28302461979400956
CASSLDLGGINTIYF	TRBV7-2*01	0.000114	0.5986331630669307
CASSVVYGRRQFF	TRBV9*01	0.000114	0.8208473462101072
CASSIGGSGANVLTF	TRBV19*01	0.000114	0.1283677985932084
CASSPGSLGYGYTF	TRBV6-6*05	0.000114	0.5127708845530499
CASRGTQNLRWQYF	TRBV2*01	0.000114	0.9440204790822352
CASSYGTDTYEQYF	TRBV5-1*01	0.000114	0.2553402598443682
CASRKEPALGEQYF	TRBV7-2*01	0.000114	0.9452765139181435
CASTKTGGDGYTF	TRBV4-1*01	0.000113	0.6624158865359341
CASGTANYGYTF	TRBV19*01	0.000113	0.2347521103867395
CASSYSLSGKEPYEQYF	TRBV6-2*01	0.000113	0.6943306415271984
CASSTGTGGNQPQHF	TRBV2*02	0.000113	0.08784252334559249
CAFSGTGNQPQHF	TRBV30*01	0.000113	0.3660015289782213
CASSQDGYEQYF	TRBV18*01	0.000113	0.18740432714526975
CSARDSSSGIYEQYF	TRBV20-1*01	0.000113	0.7805596827518778
CASSPPGTSFEQYF	TRBV18*01	0.000113	0.7336524351112665
CASSENRVGYEQYF	TRBV6-1*01	0.000113	0.3394453776367443
CASHSTGMRPQHF	TRBV28*01	0.000113	0.8404975630436071
CASSGQTGNTIYF	TRBV11-3*01	0.000113	0.1864661257452528
CASSLRTGLSPYEQYF	TRBV5-5*01	0.000113	0.6805055089469804
CASSSHGDGDTEAFF	TRBV28*01	0.000113	0.3293354500102797
CASSLVGKGSYEQYF	TRBV7-2*01	0.000113	0.363454620784183
CAISAWRDNEQFF	TRBV10-3*01	0.000113	0.934337598795782
CASSYSGFGYTF	TRBV6-5*01	0.000113	0.3009545740544595
CSARDRIDGGYNQPQHF	TRBV20-1*01	0.000113	0.9505947324201325
CASSLGGDSNYGYTF	TRBV11-3*01	0.000113	0.1155840498747818
CASSYLGEGNTIYF	TRBV6-5*01	0.000113	0.4630262903284029
CSASRGHVNEKLFF	TRBV20-1*02	0.000113	0.7471451072106958
CASSLDQSYGYTF	TRBV18*01	0.000113	0.10964068192384463
CASSSGDIYEQYF	TRBV28*01	0.000113	0.22201022623099853
CASSLELAGGYYEQYF	TRBV7-8*01	0.000113	0.25664532143898866
CASSPRGRDNEKLFF	TRBV18*01	0.000113	0.5132981611424012
CSARHRDGNTEAFF	TRBV20-1*02	0.000113	0.9330014126375565
CASTRGDEQYF	TRBV6-2*01	0.000113	0.3265097811632697
CASTPSSGEGSHEQYF	TRBV6-1*01	0.000113	0.3812896096704939
CASSLNIAGGLGEQYF	TRBV5-1*01	0.000113	0.7961958444467627
CASRLTGGGRTEAFF	TRBV6-6*03	0.000113	0.2672838052881175
CSAGSLGFSDYEQYF	TRBV20-1*01	0.000113	0.897090039526451
CASSSTTYPYEQYF	TRBV19*01	0.000113	0.6988143067601513
CASSLPGTNYGYTF	TRBV3-1*01	0.000113	0.1785107270869156
CASTHRGSDGYTF	TRBV28*01	0.000113	0.846372752863914
CASSRADNQPQHF	TRBV6-2*01	0.000113	0.12849029370478132
CATAPSPGQGASQPQHF	TRBV27*01	0.000113	0.8358423741830507
CASSKAGAQAGELFF	TRBV5-1*01	0.000113	0.8154123797584917
CASSYAGGSQPQHF	TRBV6-2*01	0.000113	0.185470310198471
CASSPATINQPQHF	TRBV7-8*03	0.000113	0.3289445386259553
CASSNPRGYQSQHF	TRBV6-6*05	0.000113	0.8438307674567173
CASSFEGTKPQHF	TRBV6-2*01	0.000113	0.798624246442387
CSAYPRGRPSPYAFF	TRBV20-1*01	0.000113	0.9910159256481806
CASSDTGKQHTGELFF	TRBV6-4*01	0.000113	0.632622990556241
CASRGGVTNEKLFF	TRBV2*01	0.000113	0.3170423817234765
CSVDLQGKGSPLHF	TRBV29-1*01	0.000113	0.891117636031314
CATSEREGQPQHF	TRBV24-1*01	0.000113	0.3790683324880444
CASSPSGAGRWNEQYF	TRBV5-1*01	0.000113	0.7261119514456891
CASSYAGTLHNEQFF	TRBV6-2*01	0.000113	0.7769737707950662
CASSFAGYNTEAFF	TRBV5-1*01	0.000113	0.3119015377359751
CATWEGLSYEQYF	TRBV6-1*01	0.000113	0.838360000227568
CASSRSPLYGYTF	TRBV3-1*01	0.000113	0.46988742870747635
CASSVAVGGGYEQYF	TRBV9*01	0.000113	0.3266037400311268
CASRDGYYEQYF	TRBV27*01	0.000113	0.35244904036318164
CASNPKGAGYEQYF	TRBV27*01	0.000112	0.5696771580113774
CASSFHKGASGNTIYF	TRBV11-3*01	0.000112	0.5632557948282951
CAWNWVAGSSYEQYF	TRBV30*01	0.000112	0.8032332652702374
CASSFYRNSPLHF	TRBV27*01	0.000112	0.5597217597239379
CASRITGASSYNEQFF	TRBV19*01	0.000112	0.5603296224243293
CASSPKAVNSPLHF	TRBV7-2*01	0.000112	0.6862577431261129
CATRDKRSYEQYF	TRBV6-6*01	0.000112	0.7040402902362682
CASSLHQKGNYGYTF	TRBV18*01	0.000112	0.41236775454070584
CASSPGQGPYEQYF	TRBV6-6*05	0.000112	0.22911934004283846
CASSPLFNYGYTF	TRBV27*01	0.000112	0.43879662676982134
CATSDHRDTSYEQYF	TRBV24-1*01	0.000112	0.646133079674308
CASSENRAVNQPQHF	TRBV2*01	0.000112	0.580458696074362
CASSLVEGSDTEAFF	TRBV11-3*01	0.000112	0.3546055410835864
CASSSGDRLFEQYF	TRBV5-1*01	0.000112	0.6671902667671085
CASSSGLVYEQYF	TRBV7-2*01	0.000112	0.22173390749548405
CSARDRGRYEQYF	TRBV20-1*01	0.000112	0.8475769927603511
CASSIMGAEQYF	TRBV19*01	0.000112	0.6874422762131711
CRADWGRAFF	TRBV20-1*01	0.000112	0.9679828803618372
CASSGTSGNYNEQFF	TRBV28*01	0.000112	0.14269536443519737
CASSQDKASSYEQYF	TRBV4-1*01	0.000112	0.6169168148677787
CASIAGGGNQPQHF	TRBV2*01	0.000112	0.23151227935050142
CASSEALDNEQFF	TRBV6-1*01	0.000112	0.6574876232601056
CASSQTGDNSPLHF	TRBV19*01	0.000112	0.17824619471779873
CASSFGRGNQPQHF	TRBV28*01	0.000112	0.08766774921504597
CASSAGQIYNEQFF	TRBV6-2*01	0.000112	0.6094808087626392
CASSLYRNTEAFF	TRBV27*01	0.000112	0.14006369458158754
CASSVVTGLGYNSPLHF	TRBV7-9*04	0.000112	0.8407703834386955
CASRRTGNPNQPQHF	TRBV2*01	0.000112	0.614255056966559
CAWSVLGRGELFF	TRBV30*01	0.000112	0.8114707726312249
CSARDWSNEQFF	TRBV20-1*01	0.000112	0.9131325815190089
CASSGGASDTDTQYF	TRBV6-2*01	0.000112	0.33743601916329163
CSVEEQGAGYEQYF	TRBV29-1*01	0.000112	0.6874776607939013
CASSLGTGNTIYF	TRBV5-1*01	0.000112	0.1328631104549012
CSAREGQHLASYNSPLHF	TRBV20-1*05	0.000112	0.973362463416269
CSAPHVGSGATNEKLFF	TRBV20-1*01	0.000112	0.8988395565018751
CASSDHSGANVLTF	TRBV6-4*01	0.000112	0.23958482162237815
CASSYTGAGNQPQHF	TRBV2*01	0.000112	0.21380223378350321
CASGPGQGQYSNQPQHF	TRBV27*01	0.000112	0.4159078839050726
CASTDSSYEQYF	TRBV6-2*01	0.000111	0.17639233991967407
CASSIGSGGSKSNQPQHF	TRBV19*01	0.000111	0.4718243665791292
CASRPDRSGEQYF	TRBV19*01	0.000111	0.36155075343483767
CASSPGQGYEQYF	TRBV5-1*01	0.000111	0.11829972239694254
CSAAPGRRISGNTIYF	TRBV20-1*01	0.000111	0.8883156545450761
CASTIAGRINSPLHF	TRBV3-1*01	0.000111	0.8161851764819403
CANREDRGSYEQYF	TRBV10-3*01	0.000111	0.1972381660319321
CASSSGGLNLAFF	TRBV2*01	0.000111	0.35741799264124474
CSAREGKDYTF	TRBV20-1*01	0.000111	0.8894847220631673
CASSPLKSPIYGYTF	TRBV18*01	0.000111	0.7689147436670882
CASSSGQGAFQPQHF	TRBV27*01	0.000111	0.36618497412192935
CASSLIGDSGNTIYF	TRBV7-3*01	0.000111	0.26591768065741417
CATSRGGTDYGYTF	TRBV15*01	0.000111	0.1299813530141426
CASSQMTGFEGYTF	TRBV18*01	0.000111	0.9054909629887293
CAWSLPGLAGVEQYF	TRBV30*01	0.000111	0.8500438247662041
CASSDTSGGVSEQFF	TRBV6-4*01	0.000111	0.47212562388102813
CASRNRGHYNSPLHF	TRBV27*01	0.000111	0.7627879289977934
CASRRGLEFFEQFF	TRBV30*01	0.000111	0.7267843871114068
CAWSPDRALQPQHF	TRBV30*01	0.000111	0.8907227062204179
CASSPRDSNSPLHF	TRBV18*01	0.000111	0.35054512698038276
CASSLSGDGYTF	TRBV11-1*01	0.000111	0.20573111306929398
CSAYFGTENSNQPQHF	TRBV20-1*01	0.000111	0.9575269067220027
CASTPGLAVNEQFF	TRBV6-2*01	0.000111	0.6631560123159095
CASSERLSGTGNSPLHF	TRBV4-1*01	0.000111	0.4054564515582094
CASSSGTRSNQPQHF	TRBV19*01	0.000111	0.2198045218074866
CASHPQGSGNTIYF	TRBV6-1*01	0.000111	0.4884630321875628
CAWSLTGGRYNEQFF	TRBV30*01	0.000111	0.6385497611843544
CASSQWDKPSYGYTF	TRBV3-1*01	0.000111	0.7097741621835881
CASSQDIWDDQPQHF	TRBV3-1*01	0.000111	0.7971850570208814
CSARESGGDYNEQFF	TRBV20-1*01	0.000111	0.8568715634933652
CASSIKPFTYEQYF	TRBV19*01	0.000111	0.7896567468621011
CASSFRGALQPQHF	TRBV28*01	0.000111	0.6089278538206763
CASSPPSLYEQYF	TRBV18*01	0.000111	0.575725605206416
CASSLGYNEQFF	TRBV5-1*01	0.000111	0.13995518130589432
CASKSMPEQYF	TRBV6-1*01	0.000111	0.6588019278561091
CASRRDRGLGYGYTF	TRBV6-2*01	0.000111	0.46966299099489156
CASSPQGASQPQHF	TRBV28*01	0.000111	0.24035241638302407
CASSIMSDSYEQYF	TRBV19*01	0.000111	0.5655220239311624
CASSLRATEAFF	TRBV28*01	0.000111	0.22111006164533636
CSAMSSGSSYEQYF	TRBV20-1*05	0.000111	0.7473251196711569
CASSQLPLDYGYTF	TRBV3-1*01	0.000111	0.7728358809238921
CASSLGRGYGYTF	TRBV5-6*01	0.000111	0.08508003882746037
CASSGTSGTDTQYF	TRBV6-4*01	0.000111	0.18819015589363763
CASSLLAGGPYEQYF	TRBV6-5*01	0.000111	0.2155313630334724
CASVTGLSGNTIYF	TRBV30*01	0.00011	0.3972984222112751
CASSWTGSGELFF	TRBV28*01	0.00011	0.3258273988996082
CSAYLAEQEMPEISLHF	TRBV20-1*01	0.00011	0.9944036516927851
CATRSDSEGGYTF	TRBV24-1*01	0.00011	0.6644071193673874
CSVEWTLNTEAFF	TRBV29-1*01	0.00011	0.9468649692803324
CASKKGQGSSYEQYF	TRBV19*01	0.00011	0.32841696949404503
CASSLKESGYTF	TRBV11-3*01	0.00011	0.49050490728572904
CANYHQVFGYTF	TRBV28*01	0.00011	0.9641967685239582
CASSENDEQYF	TRBV6-1*01	0.00011	0.40978047312664156
CASSYPGLVGTYEQYF	TRBV6-2*01	0.00011	0.5144237631502827
CASSQDRSQGAEQYF	TRBV3-1*01	0.00011	0.4387927848355304
CASSQGEREPDTQYF	TRBV4-3*01	0.00011	0.7360766496025604
CSARLAGDTGELFF	TRBV20-1*04	0.00011	0.7968422866171975
CASRPDRNQPQHF	TRBV5-1*01	0.00011	0.2348411021530222
CSAREDVGQGNSPLHF	TRBV20-1*01	0.00011	0.854888393377763
CASSQDSRQGNEQYF	TRBV4-1*01	0.00011	0.35479199669828637
CSATRMERPTYEQYF	TRBV20-1*01	0.00011	0.9843674493122019
CSALLAGRTQETQYF	TRBV20-1*04	0.00011	0.9530719162153769
CASTRTGVTEAFF	TRBV28*01	0.00011	0.3631588800850635
CASSQKPGLDTSSYEQYF	TRBV4-1*01	0.00011	0.35136935284988036
CASSQLLDNEQFF	TRBV4-3*01	0.00011	0.5878440421622723
CASSFLAGGPSDEQYF	TRBV28*01	0.00011	0.5155391702958814
CATSRDQGTGDNQPQHF	TRBV15*01	0.00011	0.25715531367282835
CASSQDKESYNEQFF	TRBV4-3*01	0.00011	0.4860098083083997
CASSILANTGELFF	TRBV19*01	0.00011	0.31114633432704736
CASSIGQGLTEAFF	TRBV19*01	0.00011	0.3583507259544959
CSALTGGAGYGYTF	TRBV20-1*01	0.00011	0.6926838938972941
CASSIGGTEAFF	TRBV19*01	0.00011	0.11887438820358859
CASSLDRSRGSNYGYTF	TRBV11-3*01	0.00011	0.3426757109094327
CASSIGTGLWNYGYTF	TRBV19*01	0.00011	0.7528468384837345
CASSLEGQGTGNTIYF	TRBV7-2*01	0.00011	0.13770846578829188
CASSIGGQPNYGYTF	TRBV7-3*01	0.00011	0.264337934552211
CASQRRQDREAFF	TRBV7-2*01	0.00011	0.8982206040297678
CASSQTYEQYF	TRBV3-1*01	0.00011	0.17236006689621758
CASSLRTHLTGGELFF	TRBV27*01	0.00011	0.856250799814576
CASTRGHGNSPLHF	TRBV6-1*01	0.00011	0.5333212796802996
CASSERGGTDTQYF	TRBV6-4*01	0.00011	0.13826928644106093
CATSDSGSGGSHNQPQHF	TRBV24-1*01	0.00011	0.3681326990949212
CASSPGAPPTDTEAFF	TRBV5-1*01	0.00011	0.7537091355749961
CASSPWDIFGNTIYF	TRBV9*01	0.00011	0.5635683117144845
CASSILGTDETQYF	TRBV19*01	0.00011	0.34016466044752564
CASSFLLMNTEAFF	TRBV28*01	0.000109	0.3038109811081748
CASSPTRSYEQYF	TRBV6-6*05	0.000109	0.24268477083368398
CASSSRTSKGNEQYF	TRBV7-2*01	0.000109	0.7068964597514741
CASSESKGQAYEQYF	TRBV10-1*01	0.000109	0.5045931537287343
CASSRDRGHGYTF	TRBV11-2*01	0.000109	0.35490779137149364
CASGLQGLAGELFF	TRBV28*01	0.000109	0.6572385327916165
CSASGTSGSDEQFF	TRBV20-1*02	0.000109	0.7927056053267387
CASSLFSPQGAPSGNTIYF	TRBV7-2*01	0.000109	0.7465544229343023
CSARKSGSEQYF	TRBV20-1*01	0.000109	0.9459158802120373
CASSLAGGTSDYEQYF	TRBV5-1*01	0.000109	0.18097914906590595
CASRRGNAFNQPQHF	TRBV19*01	0.000109	0.682205238293775
CASSVGGGTGNTIYF	TRBV9*01	0.000109	0.14241805499105537
CASSVARQASWGGYTF	TRBV9*01	0.000109	0.6401306920715937
CASSSGWRQSNEQYF	TRBV28*01	0.000109	0.7361220841261222
CASTYGLTNTEAFF	TRBV28*01	0.000109	0.4787328150754989
CSAATGQRNSPLHF	TRBV20-1*01	0.000109	0.8409445328634869
CSARGENYGYTF	TRBV20-1*01	0.000109	0.7767625825138649
CSAIAPKTYGYTF	TRBV20-1*01	0.000109	0.9891664160977406
CASSSTGVEQYF	TRBV5-1*01	0.000109	0.38898237050277407
CASSMSGTGAYEQYF	TRBV19*01	0.000109	0.2557285065546235
CASTGGRWANYGYTF	TRBV19*01	0.000109	0.7833016016173318
CASRRGTGNQPQHF	TRBV6-2*01	0.000109	0.11757975234636127
CSVDHPSTEKAYEQYF	TRBV29-1*01	0.000109	0.9245100759879155
CASSLLQGANYGYTF	TRBV6-6*05	0.000109	0.18680037915823805
CASSQEGGYYYGYTF	TRBV4-2*01	0.000109	0.16566690216024663
CASSYSNGEQPQHF	TRBV6-5*01	0.000109	0.27305238271846455
CASSSTGENSPLHF	TRBV6-2*01	0.000109	0.17234219489938432
CARGAGGNYEQYF	TRBV2*01	0.000109	0.32366573080605415
CASSIRSRETQYF	TRBV19*01	0.000109	0.5346703298957669
CASSNLAGEGTDTQYF	TRBV19*03	0.000109	0.33211956674931653
CASSPRGAGTPLGYTF	TRBV7-2*01	0.000109	0.9302772793739723
CASSQDRTEYYEQYF	TRBV4-3*01	0.000109	0.41225816211915367
CSARQGGVINSPLHF	TRBV20-1*01	0.000109	0.9299348384661511
CAISEGGSYEQYF	TRBV10-3*01	0.000109	0.24477250535299833
CASIRGRGNTIYF	TRBV6-1*01	0.000109	0.3132277914474227
CATSDFLGEQYF	TRBV24-1*01	0.000109	0.5635547069054845
CSAKKGATEAFF	TRBV20-1*01	0.000109	0.7788766755142386
CASSFLDYNSPLHF	TRBV28*01	0.000109	0.5186373927575335
CASSLQGNQPQHF	TRBV6-5*01	0.000109	0.0798561215515376
CASSLEAGSYEQYF	TRBV7-2*01	0.000109	0.13416441258502798
CASSEKMNTEAFF	TRBV6-1*01	0.000109	0.24700114155741515
CASSSRRGGWGDTQYF	TRBV7-2*01	0.000109	0.5878519848089896
CASSQRQGANIYEQYF	TRBV6-6*04	0.000109	0.5463440262409549
CASSSTGQIYYEQYF	TRBV5-1*01	0.000109	0.6231544998368251
CASSLSRAGGRNEQFF	TRBV27*01	0.000109	0.43979133140773613
CASSKDRAIEQFF	TRBV6-6*03	0.000109	0.7573116360163233
CASSLDAGSNQPQHF	TRBV7-6*01	0.000109	0.1879506375661174
CASSDQRQGPYEQYF	TRBV11-3*02	0.000109	0.41880166924409246
CASSSFGYNSYTF	TRBV6-2*01	0.000108	0.2544395141920595
CASRREGTNTGELFF	TRBV6-2*01	0.000108	0.29920436470019424
CASSEDEGGKDEQFF	TRBV2*01	0.000108	0.7535413591512389
CASSFTRGPYEQYF	TRBV7-2*01	0.000108	0.4638318059817081
CARVTVYPNYEQYF	TRBV19*01	0.000108	0.8490830712228936
CASSHPLGIYGYTF	TRBV4-1*01	0.000108	0.5987330500185876
CASSLQGQPQHF	TRBV7-2*01	0.000108	0.10712438029024073
CASSQHRSRVSYEQYF	TRBV6-6*04	0.000108	0.6518719537287941
CASIVGLAYSYEQYF	TRBV2*01	0.000108	0.7184515781420229
CASSLSYPGPRDTIYF	TRBV27*01	0.000108	0.9470824297182081
CASSEGPLPSYEQYF	TRBV6-1*01	0.000108	0.6578272071396823
CASSILEGASTEAFF	TRBV6-5*01	0.000108	0.36221491347437246
CASSQETAGSYEQYF	TRBV4-1*01	0.000108	0.32733524083507964
CASSTWDRYNEQFF	TRBV27*01	0.000108	0.7749579060279544
CASSQVEQGYEQYF	TRBV4-2*01	0.000108	0.21295505089154823
CASSPRTGLAFF	TRBV18*01	0.000108	0.41262505932281285
CASSPTGDEQYF	TRBV6-6*05	0.000108	0.3034816238614939
CASPTSGEDKHGYTF	TRBV7-3*01	0.000108	0.7620964992237865
CATPKLAGGGEQFF	TRBV6-2*01	0.000108	0.9060475971923978
CASSQSGGSYEQYF	TRBV4-1*01	0.000108	0.15667558714466134
CASRGDSNEQFF	TRBV7-3*01	0.000108	0.21961041332634046
CASSQGQGFGNTIYF	TRBV3-1*01	0.000108	0.25654417554380865
CASRWTSSSYEQYF	TRBV6-1*01	0.000108	0.5781594346071989
CASIDRGDTEAFF	TRBV28*01	0.000108	0.3361106596044769
CASSSRQSYEQYF	TRBV11-3*01	0.000108	0.19455604206671176
CASRYLETQHF	TRBV2*02	0.000108	0.5744720837159141
CSARDSRPGDITTYEQYF	TRBV20-1*01	0.000108	0.9510001753283002
CASSLDPGISIYYGYTF	TRBV11-2*01	0.000108	0.5669769531969721
CASSVGQSSGSYEQYF	TRBV9*01	0.000108	0.1507450976877172
CASSEGAGSNQPQHF	TRBV6-1*01	0.000108	0.08905795225062299
CATSDTGSTEAFF	TRBV10-1*01	0.000108	0.19046216866372292
CASSQKGGAERAYYEQYF	TRBV4-2*01	0.000108	0.6135196204779076
CASSLSGGSTGELFF	TRBV28*01	0.000108	0.19005788859112369
CASSPRGGQDYEQYF	TRBV4-1*01	0.000108	0.2145559858132338
CASSPSDRNQPQHF	TRBV18*01	0.000108	0.3103132172780031
CASSGQGARQPQHF	TRBV27*01	0.000108	0.24021856163403416
CASSQVQDLYEQYF	TRBV4-1*01	0.000108	0.5501335202748775
CASSQVQNSPLHF	TRBV3-1*01	0.000108	0.4173231640886768
CATSDLTGYGYTF	TRBV24-1*01	0.000108	0.29047643935119394
CAWSGLNRHGELFF	TRBV30*01	0.000108	0.7820181348590172
CATSREGLAGAGYEQYF	TRBV15*02	0.000107	0.224162989316521
CASSYRIGRWPDTQYF	TRBV6-5*01	0.000107	0.976746094287467
CSAALTGFRGSPLHF	TRBV20-1*02	0.000107	0.9677806471044641
CASSYGRNYGYTF	TRBV6-2*01	0.000107	0.1947109133649338
CASSLSGSHGNTIYF	TRBV5-5*01	0.000107	0.3238544441148833
CASRGTGGGEYEQYF	TRBV28*01	0.000107	0.1604904605235967
CSARDVTGPYEQYF	TRBV20-1*01	0.000107	0.9098868339143414
CASSIDSSFNQPQHF	TRBV19*01	0.000107	0.32684672387298797
CASSLLTNYEQYF	TRBV27*01	0.000107	0.1540747771568513
CASSLGRVDEQYF	TRBV5-1*01	0.000107	0.32700804766844405
CASSSQGQGTGNTIYF	TRBV28*01	0.000107	0.138202570069031
CASSPPPGQGMYEQYF	TRBV27*01	0.000107	0.611940492032851
CAWSITTSGLWQFF	TRBV30*01	0.000107	0.8921725213208123
CASSPRTGGVEQYF	TRBV18*01	0.000107	0.37330880639608094
CASSAGRSNQPQHF	TRBV6-1*01	0.000107	0.10377620873640739
CASSRDSSYEQYF	TRBV6-6*03	0.000107	0.2404499180449112
CATSDSGQGVTGELFF	TRBV24-1*01	0.000107	0.44279901599969335
CATSLRPGNNSPLHF	TRBV24-1*01	0.000107	0.7348944280961328
CSARDGTSGETQYF	TRBV20-1*01	0.000107	0.8767889199013382
CASSVGLNYEQYF	TRBV9*01	0.000107	0.22777952159060064
CASSYGNYEQYF	TRBV19*03	0.000107	0.27572605090249014
CAAIWGDEQYF	TRBV6-5*01	0.000107	0.7659532119097529
CASSQDIASGTGNTIYF	TRBV4-1*01	0.000107	0.42311855735523246
CATMGGSEQYF	TRBV6-1*01	0.000107	0.7920423079694321
CASSTSGEQYF	TRBV6-6*03	0.000107	0.20917294456378294
CASRSGNTIYF	TRBV28*01	0.000107	0.201395443574599
CASSFPQAYEQYF	TRBV28*01	0.000107	0.390755766613265
CASSVNMDEAFF	TRBV6-1*01	0.000107	0.522329194490679
CASSQGGQPQHF	TRBV7-3*01	0.000107	0.08272400545788051
CASSSTGAGYTF	TRBV5-1*01	0.000107	0.2045981690683001
CASSMGAGSSGNTIYF	TRBV19*01	0.000107	0.1702899543785524
CASSISRTGWIYGYTF	TRBV11-2*01	0.000107	0.7105895816843167
CATSVRGRNTGELFF	TRBV24-1*01	0.000107	0.3751940168125394
CASSPPLAVGEQYF	TRBV18*01	0.000107	0.7257072315736454
CASSSIRNSYEQYF	TRBV6-6*03	0.000107	0.4554675782751348
CASSQATTYEQYF	TRBV3-1*01	0.000107	0.45320947441022463
CASSLRQGPLEQYF	TRBV7-2*01	0.000107	0.7519133644018028
CASSSQVSEAFF	TRBV6-5*01	0.000107	0.3180473957846204
CASSVAVDTGELFF	TRBV6-4*01	0.000107	0.4116027032885904
CSARPLDRAGKAFF	TRBV20-1*01	0.000107	0.9966480715686318
CASSPAREGLSYEQYF	TRBV19*01	0.000106	0.6034407212039383
CASHLAGVNTGELFF	TRBV28*01	0.000106	0.528621096186595
CASSPRQTYRGTGELFF	TRBV18*01	0.000106	0.8612423859130487
CASSRQGFGNTIYF	TRBV3-1*01	0.000106	0.24719595132829508
CASSYPSGTGTGELFF	TRBV6-5*01	0.000106	0.48841862067369257
CASSRNGPTNGPQHF	TRBV18*01	0.000106	0.44353448816277663
CASSLHPDSYEQYF	TRBV18*01	0.000106	0.3870327178356013
CASSSHPPAAFF	TRBV7-9*01	0.000106	0.8022151144128682
CASSRAEGVSYEQYF	TRBV19*01	0.000106	0.2416314821425923
CSARDGQGATYEQYF	TRBV20-1*01	0.000106	0.8742797612802564
CASKLSGVNEQFF	TRBV28*01	0.000106	0.6562668930844566
CASSLGPEADNSPLHF	TRBV5-1*01	0.000106	0.33758382022931777
CASSPRTGYDQPQHF	TRBV18*01	0.000106	0.3183182568537639
CSAVSRRATRYGYTF	TRBV20-1*01	0.000106	0.965448833600223
CASSLLSRTQPQHF	TRBV28*01	0.000106	0.5817244788077555
CATSDLQGAVQYF	TRBV24-1*01	0.000106	0.9066100928000018
CASSFRVNSPLHF	TRBV28*01	0.000106	0.6120115299588297
CASSLATLLGQPQHF	TRBV28*01	0.000106	0.775225026543553
CASSYSSGGVGEQYF	TRBV6-5*01	0.000106	0.4737924530723499
CASSGRTVSNYGYTF	TRBV6-1*01	0.000106	0.29949489824611425
CASSSGTGGDNEQFF	TRBV11-3*01	0.000106	0.27979512490358804
CASSSRDRVSYEQYF	TRBV4-1*01	0.000106	0.31684659161178136
CSARDAGLIFYEQYF	TRBV20-1*01	0.000106	0.9667239114821216
CATSGGRGSYEQYF	TRBV24-1*01	0.000106	0.2762141078327023
CSAGDPGLAGETYEQYF	TRBV20-1*01	0.000106	0.8978269432867518
CASSRGQGINEKLFF	TRBV2*01	0.000106	0.27973007838089714
CASSSGGAWNSPLHF	TRBV7-3*01	0.000106	0.6621803653948574
CATLERSNQPQHF	TRBV6-1*01	0.000106	0.5709588722318578
CSARGAGYNEQFF	TRBV20-1*01	0.000106	0.7588460244609697
CASSLLDPNEKLFF	TRBV5-1*01	0.000106	0.522443145756592
CSAPSPATNEKLFF	TRBV20-1*01	0.000106	0.8638903206822375
CASSLLQGSEQFF	TRBV28*01	0.000106	0.287569327556049
CASSFPGYGYTF	TRBV6-5*01	0.000106	0.2792511378930959
CASSVRGIYTF	TRBV9*01	0.000106	0.30304142226817893
CASTVEIASSYNEQFF	TRBV2*01	0.000106	0.6277446667165278
CASSSFGLNTEAFF	TRBV6-6*05	0.000106	0.23802693468383193
CSATSNRAYSNQPQHF	TRBV20-1*02	0.000106	0.9271575214689523
CATSTSGRDTGELFF	TRBV27*01	0.000106	0.2942061350232352
CASSLARQGAEQYF	TRBV7-8*01	0.000106	0.3757393767169349
CASKEGSIGEKLFF	TRBV6-1*01	0.000106	0.6475247316606157
CASSPPGVHEQYF	TRBV18*01	0.000106	0.5543220868962422
CASSIRSSYEQYF	TRBV19*01	0.000106	0.22934953333258531
CASSRNRQGAGEQYF	TRBV19*01	0.000106	0.3599582741283229
CASSLPGPGNQPQHF	TRBV7-9*01	0.000106	0.2976053974312109
CASSIQGQSSHF	TRBV19*01	0.000106	0.5306136382803649
CASSEESNSPLHF	TRBV2*01	0.000106	0.36364967312969454
CASSYSLDSAYEQYF	TRBV6-5*01	0.000106	0.3446777561841207
CASSMRDYGYTF	TRBV19*01	0.000105	0.19799887641467578
CASRAGTPTYEQYF	TRBV6-2*01	0.000105	0.5828900667763469
CASSVEGIVGYTF	TRBV6-2*01	0.000105	0.40914494322420264
CASSLAGSSSNSPLHF	TRBV5-1*01	0.000105	0.20003103375836567
CASSPAYEGYEQYF	TRBV18*01	0.000105	0.40813245360373057
CASSYSGQGYEQYF	TRBV6-5*01	0.000105	0.16888437494660818
CASLERSEQYF	TRBV19*01	0.000105	0.40611284583532
CASSRLRTDLRHNYGYTF	TRBV6-2*01	0.000105	0.8690727160294899
CASSQPRGQKIWNTIYF	TRBV4-1*01	0.000105	0.8506426352051137
CASSSQGREIAGELFF	TRBV6-5*01	0.000105	0.7256848304948721
CASSFVDRGLTYEQYF	TRBV11-3*01	0.000105	0.7316299167266008
CSASGTNSGNTIYF	TRBV20-1*02	0.000105	0.6074440117038096
CASHRGRMTEAFF	TRBV6-1*01	0.000105	0.7565545173395423
CASSYQGNSGYTF	TRBV6-5*01	0.000105	0.4019425957732728
CASRGQNTGELFF	TRBV28*01	0.000105	0.14042351124309035
CATLKRDRQYF	TRBV6-1*01	0.000105	0.9277676235669944
CASSSSRDRGFHEQYF	TRBV6-5*01	0.000105	0.6714008224831486
CASSRDRMGSPLHF	TRBV5-1*01	0.000105	0.4261867844095963
CAWRGGDKWGSYNSPLHF	TRBV30*01	0.000105	0.9398607744671554
CASSPPGRQNTEAFF	TRBV18*01	0.000105	0.5489487009286619
CASRVDIGNTIYF	TRBV28*01	0.000105	0.3649994102510184
CASSESLVSGKYF	TRBV10-1*01	0.000105	0.8490060049291455
CSAGVGYEQYF	TRBV20-1*01	0.000105	0.769331230459948
CASSPVGPSSYNSPLHF	TRBV18*01	0.000105	0.5002950131550814
CASSQGQRSGANVLTF	TRBV6-6*04	0.000105	0.19229283401238356
CASSGRQPGNNSPLHF	TRBV11-1*01	0.000105	0.47643422085788883
CASSMSPQDWAEAFF	TRBV19*01	0.000105	0.8459156516657318
CASSQLASNTGELFF	TRBV3-1*01	0.000105	0.3682952221734655
CASSQEVGGPYEQYF	TRBV4-1*01	0.000105	0.24942055118171969
CASGTGVFYEQYF	TRBV19*01	0.000105	0.5812111704381762
CASSYDGQAGDTQYF	TRBV5-1*01	0.000105	0.6148532784751117
CASSWEGLGYEQYF	TRBV28*01	0.000105	0.4926310376699051
CATTLTGQEKLFF	TRBV2*01	0.000105	0.5712449705097884
CASTDINTGELFF	TRBV6-1*01	0.000105	0.3293359502840127
CSASGPGKQYF	TRBV20-1*02	0.000105	0.8107447861949993
CASSLAPGVLTGELFF	TRBV28*01	0.000105	0.43300770334894045
CASSLDTGLEQYF	TRBV5-1*01	0.000105	0.47805800057787423
CASSLLAGSGANVLTF	TRBV28*01	0.000105	0.17242792922579125
CASSLRRTSGNTIYF	TRBV3-1*01	0.000105	0.3615552525248111
CASSPVAREHEQYF	TRBV18*01	0.000105	0.6132748638636725
CAWTRDNSPLHF	TRBV30*01	0.000105	0.5156632579959032
CASRADREGRAFF	TRBV7-3*01	0.000105	0.9239079278487754
CASSPLRVSAFF	TRBV11-2*01	0.000105	0.8750240222218015
CASEGPEKLFF	TRBV2*01	0.000105	0.42891765117365127
CSARDASSGSTDEQYF	TRBV20-1*01	0.000105	0.8447616540570775
CASSYLEWPYEQYF	TRBV28*01	0.000105	0.8344049097929148
CASSQVQAGSAQYF	TRBV3-1*01	0.000105	0.8848009108859589
CASSLVVYNEQFF	TRBV11-3*01	0.000105	0.5091713995938426
CSAYGASTNYGYTF	TRBV29-1*02	0.000105	0.8434005377708331
CASSNPGNTIYF	TRBV9*01	0.000105	0.2499646598427561
CSAREGVTRIPPLHF	TRBV20-1*01	0.000104	0.9973313708812743
CASSLSGTLSGNTIYF	TRBV27*01	0.000104	0.3794268725832304
CASSLAGIRQDNYGYTF	TRBV5-5*01	0.000104	0.8110811513667592
CASSPRSGPYEQYF	TRBV11-2*01	0.000104	0.2081189227621948
CASSLGGSGTEAFF	TRBV5-1*01	0.000104	0.10726050761893262
CATSRDRGDTIYF	TRBV15*02	0.000104	0.5895564360969235
CASKRPGNYEQYF	TRBV4-1*01	0.000104	0.424778984694633
CSAAPMAGERNEQFF	TRBV20-1*01	0.000104	0.9680877054299781
CASTLDRGPYEQYF	TRBV6-5*01	0.000104	0.3757740777589703
CASSYRRSNQPQHF	TRBV6-2*01	0.000104	0.40806253099831646
CASSEYEQYF	TRBV2*03	0.000104	0.09365258141671477
CAISRTGHRFSTDTQYF	TRBV10-3*01	0.000104	0.8985628179219889
CASSYSALGQGGFEQFF	TRBV6-5*01	0.000104	0.7316910031731224
CASSQDWDYSNQPQHF	TRBV14*01	0.000104	0.31218008098324757
CASSLQHGGADEQFF	TRBV6-5*01	0.000104	0.7039843613798993
CASSVRDRAFVGYTF	TRBV9*01	0.000104	0.6023645488761651
CASRASESYNEQFF	TRBV19*01	0.000104	0.46364980426802993
CASTYLDSNQPQHF	TRBV6-5*01	0.000104	0.6198308137109101
CASSLTGYNSPLHF	TRBV11-3*01	0.000104	0.23623954062380176
CSARARQVSDGYTF	TRBV20-1*01	0.000104	0.9862053621481318
CASSYSRDEQYF	TRBV6-5*01	0.000104	0.24910788479128798
CASSMGVRGLYNSPLHF	TRBV28*01	0.000104	0.6434956944949053
CASSEGHSFSGNTIYF	TRBV2*01	0.000104	0.7378183556061286
CASSTRQGALGETQYF	TRBV27*01	0.000104	0.7320547179939558
CASSLGLAGVYEQYF	TRBV7-8*01	0.000104	0.15388550454772662
CASSFGWNQPQHF	TRBV27*01	0.000104	0.2329260223711435
CASSIFFNEQFF	TRBV5-1*01	0.000104	0.7335766752684062
CAWGGSYGYTF	TRBV30*05	0.000104	0.5870732513222048
CASSLDYGYTF	TRBV7-9*01	0.000104	0.1050678941613106
CASSSGYRDIAYEQYF	TRBV5-1*01	0.000104	0.6542438118571892
CAAKSSATRTYEQYF	TRBV28*01	0.000104	0.6652133193497971
CASSELDRVDNEQFF	TRBV6-1*01	0.000104	0.7622247503177705
CSVMASRHSNQPQHF	TRBV20-1*01	0.000104	0.9221230427959903
CSARVAGGFSYEQYF	TRBV20-1*01	0.000104	0.9366245716371916
CASSLGLSNQPQHF	TRBV19*03	0.000104	0.14753230272203327
CASSLQGSRNTIYF	TRBV7-8*01	0.000104	0.26306398034663947
CASSDSPGYGYTF	TRBV6-4*01	0.000104	0.1802952738020808
CSARADLRGLHTQPQHF	TRBV20-1*01	0.000104	0.983612085613133
CSAPGLAGGPTEQYF	TRBV20-1*01	0.000104	0.9094130304191903
CASSYSGSKRAQHF	TRBV6-5*01	0.000104	0.918599572515223
CSASVGAPEQFF	TRBV20-1*04	0.000104	0.979218306208639
CASSQDQGSNQPQHF	TRBV4-3*01	0.000104	0.12053646699386279
CASSYTEDQPQHF	TRBV6-5*01	0.000104	0.34259631459581674
CASSQGSPSDPYEQYF	TRBV4-2*01	0.000104	0.6589343953542756
CASSVAGTGLNSPLHF	TRBV9*03	0.000104	0.5440195132428491
CASSPGSSDYGYTF	TRBV18*01	0.000104	0.13013925572494062
CASSQQGTYEQYF	TRBV5-1*01	0.000104	0.2529584806027378
CSARDGRRLGGYTF	TRBV20-1*01	0.000104	0.965750416019885
CASSRSYEQYF	TRBV3-1*01	0.000104	0.10004635454862451
CASNELSRVRRSEAFF	TRBV19*01	0.000103	0.9346902687137225
CSARAGNQPQHF	TRBV20-1*01	0.000103	0.6100138154100615
CASRDGQGRNEKLFF	TRBV27*01	0.000103	0.4578480344191049
CSARYEGSEQYF	TRBV20-1*01	0.000103	0.9168214018901764
CASRDPGGSAVEAFF	TRBV2*01	0.000103	0.8012106384363605
CSARDWGASSTEAFF	TRBV20-1*01	0.000103	0.9471100487578674
CASSEESNQPQHF	TRBV10-1*01	0.000103	0.22669284210609952
CASINGYEQYF	TRBV6-1*01	0.000103	0.5282641391582464
CASSTLYEQYF	TRBV3-1*01	0.000103	0.1633530107645371
CASSVEQTGNTIYF	TRBV9*01	0.000103	0.22234788010199605
CASRGINQPQHF	TRBV27*01	0.000103	0.1601178799021976
CASSPLEFLAESYEQYF	TRBV28*01	0.000103	0.6993240718906819
CATSRDGGFNYGYTF	TRBV15*01	0.000103	0.34142369101795894
CASTQGAVGNQPQHF	TRBV19*01	0.000103	0.30964477686758735
CASTPDRGTGELFF	TRBV11-1*01	0.000103	0.4678810531042907
CAISVNRVATGDEQYF	TRBV10-3*01	0.000103	0.8151620363479639
CASSASSGLGSDTQYF	TRBV6-1*01	0.000103	0.4228095916592462
CASSYPGTGVRGYTF	TRBV6-2*01	0.000103	0.8777972961184686
CASSLDRGTLGGYTF	TRBV7-2*01	0.000103	0.6484813804848036
CATSRVDRGEPQHF	TRBV15*01	0.000103	0.6997259416971446
CASSLSPGTDGYTF	TRBV27*01	0.000103	0.5245406722891724
CASRPSPYEQYF	TRBV6-1*01	0.000103	0.557509776036001
CASRRVGAGYTF	TRBV5-1*01	0.000103	0.4304983090607081
CASSYSVLRGVGHEQYF	TRBV6-5*01	0.000103	0.9284368283125393
CATSRRDRPYNSPLHF	TRBV15*02	0.000103	0.752847570459005
CASVPPGLAGPEQYF	TRBV11-2*01	0.000103	0.9181641094810326
CASSLAASSSYEQYF	TRBV5-5*01	0.000103	0.127086863166857
CASSLDPGLDYEQYF	TRBV11-2*01	0.000103	0.395644245978359
CASSLSEGSDEQYF	TRBV6-2*01	0.000103	0.2899506980647507
CASRRTGANEKLFF	TRBV27*01	0.000103	0.33048262957477553
CASSISDTREAFF	TRBV18*01	0.000103	0.515970997694546
CASTSPPGGEQFF	TRBV6-1*01	0.000103	0.593779367396174
CASSSPSQGISSYEQYF	TRBV6-5*01	0.000103	0.38983439378917034
CASSSSEQVVHEQYF	TRBV7-2*01	0.000103	0.7820577380946581
CASSLGGAGTYGYTF	TRBV5-1*01	0.000103	0.15511708790096723
CASSSPGPPSPLHF	TRBV6-5*01	0.000103	0.7401593911551715
CASSSTTLGREQYF	TRBV5-1*01	0.000103	0.7783945156343169
CASHPGTGDAGELFF	TRBV5-1*01	0.000103	0.6253802261118641
CASSPSGPYNEQFF	TRBV19*01	0.000103	0.30492680272516093
CASSHTRDPSPLHF	TRBV4-3*01	0.000103	0.9520324900325131
CASSADSGYEQYF	TRBV18*01	0.000103	0.1466994100241263
CSARYRFYEQYF	TRBV20-1*04	0.000103	0.9742228970961078
CASSLSPRISSGNTIYF	TRBV28*01	0.000103	0.7387151413495652
CASSYPGTGMTEAFF	TRBV6-5*01	0.000103	0.6013510730613721
CASSLEDRTYEQYF	TRBV7-2*01	0.000103	0.3516905696014373
CASSLAAADTQYF	TRBV7-9*01	0.000103	0.2539243945263444
CSAPRAYNEQFF	TRBV20-1*01	0.000103	0.8304024270428346
CASSSDRAGYTF	TRBV6-6*05	0.000103	0.2614128790401583
CASLLAANTGELFF	TRBV6-1*01	0.000103	0.33694312125612597
CASLGQGWTEAFF	TRBV2*01	0.000103	0.5742629533209891
CASSQDGGDGYTF	TRBV3-1*01	0.000102	0.2438774838846271
CASSAPAYGYTF	TRBV6-1*01	0.000102	0.3864411186367989
CASSSNPGTIPSWEQYF	TRBV5-1*01	0.000102	0.853053032616367
CASSLGAEGNTIYF	TRBV11-3*01	0.000102	0.17345522257993384
CASSETGPHQPQHF	TRBV19*01	0.000102	0.4461851999907469
CASTRTNSPYEQYF	TRBV6-1*01	0.000102	0.7342514601370691
CASSDLDSISGANVLTF	TRBV6-1*01	0.000102	0.6049977857270639
CASSLAGNTEAFF	TRBV5-1*01	0.000102	0.08433380428393676
CASSFHGTGGDGELFF	TRBV28*01	0.000102	0.7486485617135559
CASSSASGLEHNEQFF	TRBV6-2*01	0.000102	0.2923055338526576
CASSFRQGGKGEAFF	TRBV6-5*01	0.000102	0.7070045821884549
CASSLGQANSYGYTF	TRBV27*01	0.000102	0.26744709781140535
CASSSRTGGSYEQYF	TRBV6-6*05	0.000102	0.11241053589118656
CASSYFRNNEQFF	TRBV6-2*01	0.000102	0.5581669816779176
CASSPDRGYEQYF	TRBV5-1*01	0.000102	0.1228291462692367
CASSIGGRDRYMNTEAFF	TRBV19*01	0.000102	0.5341226158079974
CATSRDTRSFYNEQFF	TRBV15*01	0.000102	0.7312054155931752
CASSLTGTGRTEAFF	TRBV27*01	0.000102	0.2081154060894116
CASSNPGQGNYGYTF	TRBV6-6*03	0.000102	0.24090061800278442
CASSYQGYNQPQHF	TRBV6-5*01	0.000102	0.17439589444105386
CATLTGDNYSNQPQHF	TRBV28*01	0.000102	0.6464345887911498
CASSPKDRGSNQPQHF	TRBV18*01	0.000102	0.6480089078310102
CATSIGGESLYEQYF	TRBV15*02	0.000102	0.8791641944512348
CASSRNTGSYEQYF	TRBV5-1*01	0.000102	0.15688865752420425
CASSWAGGYEQYF	TRBV6-2*01	0.000102	0.2639711060537473
CASSLDLFEQYF	TRBV11-2*01	0.000102	0.5743289141595019
CASSLASRSYYEQYF	TRBV5-1*01	0.000102	0.38650865307882737
CASRLGFGYGYTF	TRBV6-5*01	0.000102	0.24988023242967525
CSARVFGNTEAFF	TRBV20-1*01	0.000102	0.7856528293790568
CASSEEGTSGRCEQFF	TRBV6-1*01	0.000102	0.8488279443699255
CAWSVLWDRGPEQYF	TRBV30*01	0.000102	0.9794083916619649
CSATGSSNQPQHF	TRBV20-1*01	0.000102	0.49262775454009683
CASSLGGVAGRYEQYF	TRBV3-1*01	0.000102	0.3103790192551975
CASSIIQGGDTEAFF	TRBV19*01	0.000102	0.2793294945720835
CASSQGRSHYGYTF	TRBV9*01	0.000102	0.2975214892354241
CAWSVWGASPFGGELFF	TRBV30*01	0.000102	0.9323176730233033
CASTRDGAYEQYF	TRBV6-1*01	0.000101	0.36310816646368743
CASRGGQEEETQYF	TRBV28*01	0.000101	0.4694929709258108
CASSLTRDQPQHF	TRBV11-2*01	0.000101	0.26716851358685617
CASSVTDDRVYEQYF	TRBV9*01	0.000101	0.6053341803515481
CASSLGEDYNEQFF	TRBV6-2*01	0.000101	0.2023930184813623
CASSTGDYGYTF	TRBV6-2*01	0.000101	0.09019984302682932
CASSVNPQAESSYEQYF	TRBV9*01	0.000101	0.828929612463992
CASSTGGRYEQYF	TRBV2*02	0.000101	0.12556709393801577
CASSSRDTHQYPEAFF	TRBV19*01	0.000101	0.8443698155560643
CATSDQTGLYYGYTF	TRBV24-1*01	0.000101	0.6805512787784896
CASSSGQLYGYTF	TRBV7-9*01	0.000101	0.2384706654386439
CASSADRGQGYSNQPQHF	TRBV7-8*01	0.000101	0.279889156051241
CASSWRDSNSPLHF	TRBV6-5*01	0.000101	0.5764152509257421
CASRSRLSVYSPLHF	TRBV6-1*01	0.000101	0.8113549564160109
CASSRMGAFSEAFF	TRBV6-6*04	0.000101	0.8926813078243976
CASSESGHPYEQYF	TRBV10-1*01	0.000101	0.521827305539586
CASQWVGDQPQHF	TRBV28*01	0.000101	0.7266616581521724
CASMREGSYEQYF	TRBV7-2*01	0.000101	0.5157371246543849
CASKPRGTYEQYF	TRBV28*01	0.000101	0.40798175713322476
CASSLTGQNNQPQHF	TRBV7-2*01	0.000101	0.2883421941144088
CASSPRQGSYGYTF	TRBV3-1*01	0.000101	0.17095590679789274
CASSQPRGEAFF	TRBV7-8*03	0.000101	0.3845662406508163
CASSLDRDPWTYEQYF	TRBV11-2*01	0.000101	0.8545914562859479
CASSSAGTRREAFF	TRBV28*01	0.000101	0.6733765305082384
CAGGQVYEQYF	TRBV2*01	0.000101	0.6061884040541877
CASSEYQASGLRGTQYF	TRBV6-1*01	0.000101	0.9416423166755271
CAWDTGTGVSEAFF	TRBV30*05	0.000101	0.7467090336421982
CASSFVSGTDTQYF	TRBV28*01	0.000101	0.43391044083785385
CASSEPGQGYEQYF	TRBV2*01	0.000101	0.18095156802067108
CASSLEPAEQPQHF	TRBV7-9*01	0.000101	0.4816860119852629
CASSYSETGELFF	TRBV6-5*01	0.000101	0.2026382781578136
CASSRNNGTVSYEQYF	TRBV6-4*01	0.000101	0.6315744992744191
CASTAWGEVYEQYF	TRBV5-1*01	0.000101	0.6901444666559066
CASSLQPSSYEQYF	TRBV5-1*01	0.000101	0.30877461773459525
CASSLGGGYEQYF	TRBV3-1*01	0.000101	0.09315886729352758
CASSLGREPYSNQPQHF	TRBV13*01	0.000101	0.42696368457010875
CASSRTPSGDYEQYF	TRBV6-2*01	0.000101	0.4518355015864497
CASSRDSHMIQPQHF	TRBV6-6*03	0.000101	0.8231989010301056
CSAPPDPRSYGYTF	TRBV20-1*01	0.000101	0.9504859616164055
CASSPRGQGNQPQHF	TRBV18*01	0.0001	0.14022048845370083
CASSRSDSYEQYF	TRBV6-1*01	0.0001	0.1962336291748214
CASRFLNRQGGAEAFF	TRBV18*01	0.0001	0.9698040252302673
CAWSVGVGYEKLFF	TRBV30*01	0.0001	0.5686455718938104
CASSSGQDLAEQYF	TRBV7-2*01	0.0001	0.7233936071763765
CASVGGSTGELFF	TRBV2*01	0.0001	0.32635639388928767
CASSQVLGRSSGNTIYF	TRBV4-1*01	0.0001	0.440529375002396
CASSYGDPNTEAFF	TRBV6-2*01	0.0001	0.5987091351793484
CSARAILYPNTIYF	TRBV20-1*01	0.0001	0.9869758755921582
CAINEFGQGAGEQYF	TRBV10-3*01	0.0001	0.8338400217903779
CASSPRQGMNTEAFF	TRBV19*01	0.0001	0.2318932428290643
CASSLATGGDYEQYF	TRBV5-1*01	0.0001	0.15124448505401417
CASSLGTVLSYEQYF	TRBV5-1*01	0.0001	0.5541587077938966
CSASDDRGLSYEQYF	TRBV20-1*01	0.0001	0.7702447008505905
CASSEAVRFSREELFF	TRBV2*01	0.0001	0.7850315330440765
CASDRGHLDQPQHF	TRBV19*01	0.0001	0.8406066375933295
CSAPLQGNTEAFF	TRBV20-1*01	0.0001	0.7525440530350339
CASSLQGAGNQPQHF	TRBV27*01	0.0001	0.08158645588270663
CASSWDRRAGEQYF	TRBV28*01	0.0001	0.7036430664965824
CASSSPGNQPQHF	TRBV6-2*01	0.0001	0.17970503979782973
CASSRDRGQSGEQYF	TRBV19*01	0.0001	0.5236619783318202
CASTPLGGSNQPQHF	TRBV7-2*01	0.0001	0.5030342191518605
CASSERGLASYEQYF	TRBV7-2*01	0.0001	0.23478440601926445
CASSWDTIRENQPQHF	TRBV6-5*01	0.0001	0.819534017107862
CAISETPTRTSGYTF	TRBV10-3*01	0.0001	0.955579377662648
CASSLGEGASEKLFF	TRBV11-2*01	0.0001	0.27721757074660175
CASSQGEGSSYEQYF	TRBV4-2*01	0.0001	0.13443602122851828
CASSGRDRVRDQPQHF	TRBV19*01	0.0001	0.6988768783228957
CASRLTGEDTEAFF	TRBV28*01	0.0001	0.4318976981527988
CASSLRPQSANYGYTF	TRBV7-2*01	0.0001	0.5959478335449307
CASSSPGTAYGYTF	TRBV7-2*01	0.0001	0.4577546815312799
CASTDRGHSGELFF	TRBV6-6*05	0.0001	0.5083263269122358
CASSEGVLGTEAFF	TRBV6-1*01	0.0001	0.3466111496174327
CASSQIQGNYNEQFF	TRBV28*01	0.0001	0.30280833843773175
CASSPGEASYEQYF	TRBV18*01	0.0001	0.26090706340105835
CASSLGTGGYGYTF	TRBV5-1*01	0.0001	0.0842811635532797
CASRPIGGGWNTEAFF	TRBV6-1*01	0.0001	0.48279315121350985
CASSLGLANTEAFF	TRBV7-2*01	0.0001	0.08390037305794172
CASSTLGESTEAFF	TRBV6-2*01	9.9e-05	0.30267499552881255
CASSPTPHSNQPQHF	TRBV7-2*01	9.9e-05	0.7341032155529444
CSASENSPYEQYF	TRBV20-1*04	9.9e-05	0.8830894842755843
CASSYSGGGSFSPLHF	TRBV6-5*01	9.9e-05	0.8594635104935306
CASSDPGQVYGYTF	TRBV6-1*01	9.9e-05	0.36204796014322166
CASSRHGPSEDGGYTF	TRBV5-1*01	9.9e-05	0.8972747383417607
CASSQEGGTGANVLTF	TRBV4-3*01	9.9e-05	0.14251021327796184
CASSYGQGGNTEAFF	TRBV6-2*01	9.9e-05	0.15155196151562939
CASSLGVGWIPVSYTF	TRBV11-2*01	9.9e-05	0.9725367606897759
CASRTRAGHSYEQYF	TRBV6-6*04	9.9e-05	0.5887702928194616
CASSQEVVRDETQYF	TRBV4-1*01	9.9e-05	0.9503096367312499
CSALQGYPTYEQYF	TRBV20-1*01	9.9e-05	0.9798411883081916
CASSDSSGGTDTQYF	TRBV6-4*01	9.9e-05	0.1762456136409751
CATQGAGGSYEQYF	TRBV24-1*01	9.9e-05	0.29855694716590314
CATSEGGVRQPQHF	TRBV24-1*01	9.9e-05	0.5715457632575611
CASSIALNTEAFF	TRBV19*01	9.9e-05	0.301649653255307
CASSQDGNYGYTF	TRBV3-1*01	9.9e-05	0.1602514334762075
CASSSPFTRDRSPTRGYEQYF	TRBV28*01	9.9e-05	0.914459839486425
CASSSKPKTGLNSPLHF	TRBV27*01	9.9e-05	0.813943916171882
CASSPEGGVTNSPLHF	TRBV5-1*01	9.9e-05	0.4763205297432224
CASSIATGWGTEAFF	TRBV19*01	9.9e-05	0.6394773308630735
CASSEGLAGSNEQFF	TRBV6-4*01	9.9e-05	0.22482287814255825
CASSPRQGVNTEAFF	TRBV6-4*01	9.9e-05	0.2338551063545487
CSASRDRVNTEAFF	TRBV20-1*02	9.9e-05	0.5975956462303073
CASSRQETYEQYF	TRBV6-2*01	9.9e-05	0.3987365925875452
CASGLQGEQYF	TRBV6-2*01	9.9e-05	0.32673148769274013
CASSSIFGGLGRGYSNQPQHF	TRBV7-8*01	9.9e-05	0.7925562199817638
CATSRDILAGSYEQYF	TRBV15*01	9.9e-05	0.592320289141346
CASSLQGSYSNQPQHF	TRBV27*01	9.9e-05	0.14914185134404306
CASSLSASGSYEQYF	TRBV28*01	9.9e-05	0.17554104107314666
CASSRTGESNQPQHF	TRBV6-6*04	9.9e-05	0.2443979177310107
CSAPRQGARNTEAFF	TRBV20-1*01	9.9e-05	0.9076444790746064
CASTRDGEYYGYTF	TRBV6-1*01	9.9e-05	0.39486688962583616
CSAREGGVNTEAFF	TRBV20-1*01	9.9e-05	0.733960760826069
CAISEIGGYEQFF	TRBV10-3*01	9.9e-05	0.5192000622186912
CASSPGRAWGYTF	TRBV6-6*05	9.9e-05	0.5932094248045354
CASSQPGRYGYTF	TRBV3-1*01	9.9e-05	0.28049534376711577
CASSLQDNEQFF	TRBV7-2*01	9.9e-05	0.27394690649760706
CASSLVARSYNEQFF	TRBV27*01	9.9e-05	0.7118615914915608
CASSYWGSGTDTQYF	TRBV9*01	9.9e-05	0.6879968056941406
CSASPGTGGGEQYF	TRBV20-1*04	9.9e-05	0.8208585479629904
CASSIGEGSEAFF	TRBV19*01	9.9e-05	0.1756217984630407
CSAVLTSGNTIYF	TRBV20-1*04	9.9e-05	0.845732120477931
CASSEGTVFPTGDEQYF	TRBV2*01	9.9e-05	0.9615357391383016
CASSLLAGGYQETQYF	TRBV7-2*04	9.9e-05	0.5010048100236638
CASSLVTTNTGELFF	TRBV28*01	9.9e-05	0.3517689885702864
CASSQKGGYNSPLHF	TRBV3-1*01	9.9e-05	0.49131740003265484
CASSGTQTYNEQFF	TRBV9*01	9.9e-05	0.5138080652609689
CASNPGNSYEQYF	TRBV9*01	9.9e-05	0.3902531799372318
CSARRQVGELFF	TRBV20-1*01	9.9e-05	0.979388788591838
CASSPLAGGPRDTQYF	TRBV7-2*01	9.9e-05	0.40748927459131856
CASSPTGQGNYEQYF	TRBV7-9*04	9.9e-05	0.3115253128330523
CASSGLAGYNEQFF	TRBV2*01	9.9e-05	0.16746691308602515
CASSRTGSNQPQHF	TRBV18*01	9.9e-05	0.10009412767493386
CASSGTGHNSPLHF	TRBV9*01	9.9e-05	0.25745205525701753
CSASGRYSNQPQHF	TRBV20-1*01	9.9e-05	0.8149312261184246
CSELSGQGPYEQYF	TRBV29-1*01	9.9e-05	0.794478523939551
CASSQEHGNTIYF	TRBV4-3*01	9.9e-05	0.25730336035795653
CSVVFLHSYEQYF	TRBV29-1*01	9.9e-05	0.9227323209777601
CSVERGANTEAFF	TRBV29-1*01	9.9e-05	0.44872938491383974
CASSQVENTIYF	TRBV14*01	9.9e-05	0.3629254352180701
CASSLGGQTSSYEQYF	TRBV7-2*01	9.8e-05	0.22456040543103317
CASSSRKGPYEQYF	TRBV19*01	9.8e-05	0.4826138815131701
CASSYSNLEWGANTGELFF	TRBV6-5*01	9.8e-05	0.9477352360514081
CASSQEDAGQNYGYTF	TRBV4-1*01	9.8e-05	0.3485676202688245
CASSEHGLSYEQYF	TRBV2*01	9.8e-05	0.3343440378352026
CASSLGQGSGPQHF	TRBV7-9*01	9.8e-05	0.11555573240506993
CASSGVRNTEAFF	TRBV6-2*01	9.8e-05	0.08871229683028051
CSERLPPPYGYTF	TRBV20-1*01	9.8e-05	0.9753969037905692
CASQPYGTDNLYEQYF	TRBV11-2*01	9.8e-05	0.6971159918622724
CASTRDGGSGANVLTF	TRBV6-2*01	9.8e-05	0.21188138399348433
CASSLVSTRAGNTIYF	TRBV5-1*01	9.8e-05	0.5981230177630291
CASQNGGSGANVLTF	TRBV6-1*01	9.8e-05	0.24668215960290737
CASSSTPRDRGALHF	TRBV28*01	9.8e-05	0.9266445152884399
CASSERGGQPQHF	TRBV6-1*01	9.8e-05	0.10865145701917585
CASSSRTGAGNTIYF	TRBV13*01	9.8e-05	0.19624013488792424
CAALSRDSTGEQYF	TRBV10-3*01	9.8e-05	0.651098481417621
CASSLFGGHAEAFF	TRBV5-1*01	9.8e-05	0.6065243659356799
CASSLARDEQYF	TRBV13*01	9.8e-05	0.2696428639594506
CASQVGTSGREPYEQYF	TRBV6-6*04	9.8e-05	0.7405077947037875
CASSPPGTGSIYEQYF	TRBV18*01	9.8e-05	0.41088346815320115
CASSLDDRARSYEQYF	TRBV11-1*01	9.8e-05	0.7780008098287496
CASSPWTSGRGYEQYF	TRBV5-1*01	9.8e-05	0.7042428397667575
CASSPNIPMNTEAFF	TRBV27*01	9.8e-05	0.5779908030763709
CASGYGTAYEQYF	TRBV28*01	9.8e-05	0.7974050179311294
CSANSGGNTEAFF	TRBV20-1*01	9.8e-05	0.47555236653644256
CASSSSGTGAPYEQYF	TRBV5-1*01	9.8e-05	0.2386775803254814
CATRPGQGETDEQYF	TRBV24-1*01	9.8e-05	0.7764817006673946
CASSLGQGEGEKLFF	TRBV6-6*04	9.8e-05	0.2655382915108398
CASSSPGLGAYEQYF	TRBV6-6*05	9.8e-05	0.2861196178824238
CAISGQDSGNTIYF	TRBV10-3*01	9.8e-05	0.39173428042028446
CASSLGTGRTEAFF	TRBV4-1*01	9.8e-05	0.15383564020508453
CSASPTIRVQPQHF	TRBV20-1*01	9.8e-05	0.9822651046635802
CSASTQGKNTEAFF	TRBV20-1*04	9.8e-05	0.6755989679106054
CASTQGYGNTIYF	TRBV19*01	9.8e-05	0.3276683270827338
CSAGGQDLEQYF	TRBV20-1*01	9.8e-05	0.9355338940452488
CASSDSSGSTDTQYF	TRBV6-4*01	9.8e-05	0.17792429988076558
CAIPAQANYGYTF	TRBV11-2*01	9.8e-05	0.619037899052087
CASSIRGSYEQYF	TRBV19*01	9.8e-05	0.16692729763799327
CASSWGGGTEAFF	TRBV27*01	9.8e-05	0.1512910881245474
CASSEFGEETQYF	TRBV6-1*01	9.8e-05	0.2864496745270067
CASSQTLLTGSDYEQYF	TRBV3-1*01	9.8e-05	0.6325801428491132
CASSPPGQGGSYEQYF	TRBV18*01	9.8e-05	0.2606311908427107
CASSPSAGLGYEQYF	TRBV7-3*01	9.8e-05	0.5292071036186611
CSARGGAGNQPQHF	TRBV20-1*01	9.8e-05	0.7100697578687438
CASSQDNNQPQHF	TRBV4-1*01	9.8e-05	0.24033728961262443
CAISGQSYGYTF	TRBV10-3*01	9.8e-05	0.26753821701064107
CASSSLGGAYNEQFF	TRBV6-5*01	9.8e-05	0.2536928671508205
CASSLSSGGASEQYF	TRBV11-3*01	9.8e-05	0.20598432546929038
CASSTKQGVHAPQHF	TRBV28*01	9.8e-05	0.8600514334298188
CAWSVGEAYNEQFF	TRBV30*01	9.8e-05	0.5350091645431891
CASSPDRLSYEQYF	TRBV6-6*04	9.8e-05	0.2650554091475408
CASSFPGTSSDYTF	TRBV13*01	9.8e-05	0.5414642502845138
CASSLDQGPNYGYTF	TRBV13*01	9.7e-05	0.2344235041381489
CASSEEAGGQETQYF	TRBV6-1*01	9.7e-05	0.29336852407009417
CATSPTGMQPQHF	TRBV24-1*01	9.7e-05	0.6253335008502469
CASSPTGNQPQHF	TRBV6-6*04	9.7e-05	0.09823432079292384
CASGILRDPNTEAFF	TRBV27*01	9.7e-05	0.8833355315675012
CASRVQSGGYTF	TRBV6-1*01	9.7e-05	0.47260729217819186
CASSNRGGGYTF	TRBV27*01	9.7e-05	0.12647785270099754
CASITGGSDNSPLHF	TRBV6-2*01	9.7e-05	0.33234796403806693
CASSLVGADQPQHF	TRBV7-9*01	9.7e-05	0.13363017692935025
CASSLRRDGYTF	TRBV11-2*01	9.7e-05	0.5251148476025842
CASNRDKGIYGYTF	TRBV6-1*01	9.7e-05	0.6520941860433568
CASSLSGATIYF	TRBV7-2*01	9.7e-05	0.7998658802892481
CASSYSASPLHF	TRBV6-5*01	9.7e-05	0.4764395770792125
CSGPRDNTEAFF	TRBV20-1*01	9.7e-05	0.6057746892458138
CSARGGTEQYF	TRBV20-1*01	9.7e-05	0.8278630152621274
CASRKGGGGSNQPQHF	TRBV6-1*01	9.7e-05	0.19661740625469892
CASSPPPPGGYTF	TRBV6-6*04	9.7e-05	0.763120572076797
CASSPGLAGTRSYEQYF	TRBV6-1*01	9.7e-05	0.43037804618292214
CASRERAGGGVYNEQFF	TRBV5-1*01	9.7e-05	0.3481309815002768
CSARPHVISAPGNTIYF	TRBV20-1*01	9.7e-05	0.9854269017278104
CAWSVHVGSYNSPLHF	TRBV30*01	9.7e-05	0.8018913452456171
CASHESTRPALYGYTF	TRBV28*01	9.7e-05	0.9006733167550145
CASSLSSTSGYNEQFF	TRBV11-1*01	9.7e-05	0.2878049917549607
CASSYTGFFYEQYF	TRBV7-9*01	9.7e-05	0.6839686844525771
CSARGAGEMQPQHF	TRBV20-1*01	9.7e-05	0.8984571767679814
CASSQGGNTEAFF	TRBV3-1*01	9.7e-05	0.08239111999760126
CASSLGYGYTF	TRBV5-1*01	9.7e-05	0.08508003882746037
CASSQEAGIFYEQYF	TRBV4-1*01	9.7e-05	0.695878545945958
CASESVGKNTEAFF	TRBV6-6*04	9.7e-05	0.4407556995966111
CAWSGGIQETQYF	TRBV30*01	9.7e-05	0.7896997504097258
CSAPTGDTEAFF	TRBV20-1*01	9.7e-05	0.7256103458469534
CATSEQGARETQYF	TRBV24-1*01	9.7e-05	0.7057562998749475
CASSLGRGTEAFF	TRBV7-2*01	9.7e-05	0.08952776403835704
CATSRDAGSSGTEAFF	TRBV15*01	9.7e-05	0.270109550490809
CASSTGHPDQPQHF	TRBV19*01	9.7e-05	0.5957795398888975
CASRRTGGTDTQYF	TRBV6-2*01	9.7e-05	0.24101977241173914
CASTILQGVRDTEAFF	TRBV6-1*01	9.7e-05	0.8297911977920054
CASSYGQLVYEQYF	TRBV6-5*01	9.7e-05	0.498891042501173
CASSPGQGAYEQYF	TRBV11-3*01	9.7e-05	0.19116359570884625
CASSLGSYSGANVLTF	TRBV28*01	9.7e-05	0.1728102236482969
CASSLVAGFEFGELFF	TRBV7-2*01	9.7e-05	0.8410897863458853
CASSKQGFGYTF	TRBV9*01	9.7e-05	0.2655952092369503
CASSPGHSRVEAFF	TRBV18*01	9.7e-05	0.8238751578911561
CASSEGTGGSYEQYF	TRBV6-1*01	9.6e-05	0.08813216298354785
CSAQGSLYEQYF	TRBV20-1*01	9.6e-05	0.8886001990159044
CAWSGPGGRSEKLFF	TRBV30*01	9.6e-05	0.6682254711758676
CASSSLADGSYEQYF	TRBV7-2*01	9.6e-05	0.30364750610666175
CASSQLEGTEAFF	TRBV14*01	9.6e-05	0.13373090283201908
CSAEGPSYEQYF	TRBV20-1*01	9.6e-05	0.760133338814271
CASSQVIWTGRNQPQHF	TRBV4-1*01	9.6e-05	0.7549530092574616
CASSYSGFSASYEQYF	TRBV6-5*01	9.6e-05	0.6143963204001155
CASSHFSRGNQPQHF	TRBV19*01	9.6e-05	0.7132086663576118
CASSDSGENTGELFF	TRBV6-4*01	9.6e-05	0.14795676563702354
CASSPLLGDTEAFF	TRBV18*01	9.6e-05	0.5612662890256226
CASMETATNEKLFF	TRBV6-1*01	9.6e-05	0.7167385349857727
CASRQGDQPQHF	TRBV27*01	9.6e-05	0.1383959344042031
CASSSRTSGTRSSYNEQFF	TRBV28*01	9.6e-05	0.5084007373867797
CASSVGGQGNQPQHF	TRBV9*01	9.6e-05	0.1311279621666071
CASTSGGATDTQYF	TRBV6-2*01	9.6e-05	0.2735080504191059
CATRGEANQPQHF	TRBV24-1*01	9.6e-05	0.4575229229581516
CASSPRPGLAGVGQYF	TRBV19*01	9.6e-05	0.8231402676986207
CASSYWDRGDSYEQYF	TRBV6-5*01	9.6e-05	0.8359648817856328
CASRLAGSGNTGELFF	TRBV28*01	9.6e-05	0.19972694977710514
CASSSSGTWRREAFF	TRBV28*01	9.6e-05	0.9206871574990989
CSARTLTGNQPQHF	TRBV20-1*02	9.6e-05	0.8743821898102975
CASSYGSNEQYF	TRBV6-5*01	9.6e-05	0.18250629282928232
CASSFLEKYWDGYTF	TRBV7-2*01	9.6e-05	0.9569635728093723
CASSKGLPAYEQYF	TRBV6-1*01	9.6e-05	0.6836393835228768
CASSPESSYGYTF	TRBV7-8*03	9.6e-05	0.19011435976928123
CASSPSAGRQFF	TRBV3-1*01	9.6e-05	0.901530466998386
CASSQGKGRDRGLLDYGYTF	TRBV11-2*01	9.6e-05	0.8608192245253818
CASSYSRYGTGGIGELFF	TRBV6-5*01	9.6e-05	0.8397225284795253
CATSMTSGRGSGELFF	TRBV15*02	9.6e-05	0.8565277196666031
CASSLRSLREFGEQFF	TRBV28*01	9.6e-05	0.9214557726851318
CASSIAGSPYEQYF	TRBV19*01	9.6e-05	0.4316621093472813
CSAISGQLNTEAFF	TRBV20-1*01	9.6e-05	0.8949399519405853
CASSPDGPEQYF	TRBV7-2*01	9.6e-05	0.5810728007487722
CASTPRTRDRVHNEQFF	TRBV5-1*01	9.6e-05	0.9690908558034176
CASRQTGGDHPYEQYF	TRBV6-1*01	9.6e-05	0.6871224352995626
CSARAPTTQGPYGYTF	TRBV20-1*01	9.6e-05	0.9499883772610519
CASSLRARVNYGYTF	TRBV7-2*01	9.6e-05	0.406686530469056
CASSWGDSSYNEQFF	TRBV5-6*01	9.6e-05	0.46162397067588695
CASSQTLRGSYEQYF	TRBV4-1*01	9.6e-05	0.7149356110280115
CASSRTASGNTIYF	TRBV6-6*04	9.6e-05	0.31279983953142204
CASSGGLAGGTGTSYEQYF	TRBV9*01	9.6e-05	0.18956648818175786
CSAEGLTGELLYNSPLHF	TRBV20-1*01	9.6e-05	0.9413254234911135
CASSIETSGGYNEQFF	TRBV19*01	9.6e-05	0.3856033406924857
CASSQDRTSSPRQYF	TRBV4-2*01	9.6e-05	0.8504268650774637
CSASDDRGLYEQYF	TRBV20-1*01	9.6e-05	0.7622304540632244
CASSEKHQPQHF	TRBV6-1*01	9.6e-05	0.4989707298214453
CASSPPKGVDNSPLHF	TRBV18*01	9.6e-05	0.7728193470217878
CASSLGEGVEAFF	TRBV7-8*01	9.6e-05	0.35682450153797146
CASSLSVGAGGSYEQYF	TRBV7-2*04	9.6e-05	0.23685518595910907
CASSEYVGTENSPLHF	TRBV25-1*01	9.6e-05	0.8573476362480841
CASSDTQISNQPQHF	TRBV7-8*03	9.6e-05	0.621717049442102
CSAREPGGRSYEQYF	TRBV20-1*01	9.6e-05	0.9219381713601684
CASSLARGQYGYTF	TRBV7-2*01	9.6e-05	0.20832866634843678
CASSYEVTGGGLYSNQPQHF	TRBV6-5*01	9.6e-05	0.38589879703376184
CASSPMDSHGYTF	TRBV7-9*01	9.6e-05	0.6899771229237919
CSARDLRGGRNTEAFF	TRBV20-1*01	9.6e-05	0.9365676556397161
CASSYGSSGANVLTF	TRBV6-2*01	9.6e-05	0.39585513884243956
CASWVAGDLEQYF	TRBV6-2*01	9.6e-05	0.8782876653660265
CASSYLSDNSPLHF	TRBV6-5*01	9.5e-05	0.5506079333527099
CASSEFVVGTASYEQYF	TRBV25-1*01	9.5e-05	0.5895686956854488
CASSFGQLSGTNEKLFF	TRBV28*01	9.5e-05	0.7686024417012477
CAWSPKQGVSNQPQHF	TRBV30*01	9.5e-05	0.6988820212056857
CASSSLAGVTYEQYF	TRBV5-1*01	9.5e-05	0.22967693612432094
CASSYSDNLYEQYF	TRBV6-5*01	9.5e-05	0.2841150970711288
CATAGTSGGEQYF	TRBV24-1*01	9.5e-05	0.5998585756095758
CASSYGGLDGYTF	TRBV6-5*01	9.5e-05	0.6462569920921627
CASSLGQGALHEQYF	TRBV7-9*01	9.5e-05	0.5886547207388622
CSARDLEAGVYGYTF	TRBV20-1*01	9.5e-05	0.8863537807099429
CASSYSTVNTEAFF	TRBV6-2*01	9.5e-05	0.43036444223578085
CASSLQGNYGYTF	TRBV11-2*01	9.5e-05	0.12289421526093737
CASKQDLAGLLSGVETQYF	TRBV2*01	9.5e-05	0.8886659816868885
CASSQDTSEGIIYEQYF	TRBV4-1*01	9.5e-05	0.5588859511720067
CASSVEGNSGNTIYF	TRBV9*01	9.5e-05	0.19566848125323394
CAWIFAGTSYGYTF	TRBV30*01	9.5e-05	0.8372634920052895
CSARDEGNTEAFF	TRBV20-1*01	9.5e-05	0.6884938370412156
CASSLGARTGWGADTQYF	TRBV27*01	9.5e-05	0.8104591321226234
CASTRARVGISGNTIYF	TRBV19*01	9.5e-05	0.6897126268434765
CSAKVRGLDVGNEQFF	TRBV20-1*01	9.5e-05	0.9784015467897725
CASSVVAGAAYEQYF	TRBV9*01	9.5e-05	0.3516253262235687
CASSPGQGSHEQYF	TRBV5-1*01	9.5e-05	0.342264594075064
CASRRDGHNEQFF	TRBV6-6*04	9.5e-05	0.43875244680326014
CASSLIAGGSGNTIYF	TRBV7-8*01	9.5e-05	0.27634761252303597
CASSLQGYSNQPQHF	TRBV5-1*01	9.5e-05	0.20329723612413692
CASSGTVLDTEAFF	TRBV2*03	9.5e-05	0.644873727160736
CASSEYLGNQPQHF	TRBV6-1*01	9.5e-05	0.458665170699993
CASSLAGHITEAFF	TRBV5-1*01	9.5e-05	0.4462761800098278
CASRSSGGYTF	TRBV2*01	9.5e-05	0.12489355909112058
CATSEFREGSTGELFF	TRBV24-1*01	9.5e-05	0.6678995509354314
CASSKTGGRGQPQHF	TRBV18*01	9.5e-05	0.3730824736187782
CASSFQGTGVYEQYF	TRBV28*01	9.5e-05	0.36780847735463473
CASSGDRGRDGYTF	TRBV6-1*01	9.5e-05	0.5486469521921452
CASSSGAASYEQYF	TRBV11-2*01	9.5e-05	0.16463847221675365
CASSQAGGTYEQYF	TRBV3-1*01	9.5e-05	0.19213424609934468
CASSLVYRGKEQPQHF	TRBV11-2*01	9.5e-05	0.7899368073922758
CASSQNPQGYGNTIYF	TRBV5-1*01	9.5e-05	0.5385713563580876
CASSLVGTYNSPLHF	TRBV7-9*01	9.5e-05	0.37287301928288114
CASSSGPLGPTEAFF	TRBV5-1*01	9.5e-05	0.7340979799638243
CASSLSRDKQPQHF	TRBV7-2*01	9.5e-05	0.415867059058459
CASSSTGSYEQYF	TRBV7-3*01	9.5e-05	0.09365258141671477
CASSPAPGQNSPLHF	TRBV5-1*01	9.5e-05	0.5952319669580677
CASSQRTHGGYTF	TRBV14*01	9.5e-05	0.6358639145252001
CASAADRGYEQYF	TRBV5-1*02	9.5e-05	0.2261894135625383
CASSLSGSPLHF	TRBV27*01	9.5e-05	0.22470254852425126
CASTSLDRGDEKLFF	TRBV27*01	9.5e-05	0.7850044537784322
CAIKSETGNQPQHF	TRBV10-3*01	9.5e-05	0.7361920555169555
CASPPPRGDTEAFF	TRBV19*01	9.5e-05	0.7401669339828497
CSARHSGQHYEQYF	TRBV20-1*01	9.5e-05	0.9678395258827749
CASNTLTGELFF	TRBV27*01	9.5e-05	0.41622957101841007
CASSETTSGTYEQYF	TRBV25-1*01	9.5e-05	0.23385942077058233
CASSPGTANYEQYF	TRBV5-6*01	9.5e-05	0.23566607657264932
CASPPFGGQSTEAFF	TRBV19*01	9.5e-05	0.729221268523605
CASSDSSGSYNEQFF	TRBV6-4*01	9.5e-05	0.11849786672049889
CSAIDIMNTEAFF	TRBV20-1*01	9.5e-05	0.7977403863514108
CASSLEGNQPQHF	TRBV5-1*01	9.4e-05	0.1185681397238252
CATRGLAGDSYEQYF	TRBV10-3*01	9.4e-05	0.5097211659848017
CASSYSMILSTEQYF	TRBV6-5*01	9.4e-05	0.7361875408461126
CASSTGHGTSF	TRBV11-2*01	9.4e-05	0.6555949301300701
CASSEAGRGNQPQHF	TRBV2*01	9.4e-05	0.18622672658780376
CAWSPWGLALNYEQYF	TRBV30*01	9.4e-05	0.8483211370060136
CSARKYRSFSYEQYF	TRBV20-1*01	9.4e-05	0.9943759116805645
CASRRPVTADPFF	TRBV6-1*01	9.4e-05	0.9861480226344074
CASSQDGGTGIYGYTF	TRBV4-1*01	9.4e-05	0.5619753879184552
CASSIRDSANTEAFF	TRBV19*01	9.4e-05	0.33496902679924717
CASRPGTGTNYGYTF	TRBV5-1*01	9.4e-05	0.1925016971549553
CATGGVGNQPQHF	TRBV24-1*01	9.4e-05	0.2355468156018851
CASQRAGLYEQYF	TRBV27*01	9.4e-05	0.43821801238906166
CAWSPRGLPLHF	TRBV30*01	9.4e-05	0.960495050941271
CASSQLEGSPYYYEQYF	TRBV3-1*01	9.4e-05	0.5819183504411545
CSAKSNWLISGNTIYF	TRBV20-1*05	9.4e-05	0.9933469860368845
CSASRPGTEGRYTF	TRBV20-1*02	9.4e-05	0.9690143427075735
CASSYYGRTEAFF	TRBV6-2*01	9.4e-05	0.20361762827276683
CASSRPQTAGESYEQYF	TRBV2*02	9.4e-05	0.4958404181897203
CASSLGTGSSYEQYF	TRBV18*01	9.4e-05	0.10993922835554672
CASSLDGVWSNTIYF	TRBV5-1*01	9.4e-05	0.7487703258557267
CATSRDLAGTGNTIYF	TRBV15*01	9.4e-05	0.43299871830528586
CASSERGARLPYGYTF	TRBV6-4*01	9.4e-05	0.7864052663876253
CASSWGLVTGELFF	TRBV27*01	9.4e-05	0.5086436898186731
CASSDSGEVNEQFF	TRBV6-4*01	9.4e-05	0.33545392066204804
CASSLSLNTGELFF	TRBV5-1*01	9.4e-05	0.2037814081236618
CATSDPRFFASRETQYF	TRBV24-1*01	9.4e-05	0.9288974563579234
CASSQEGTRRSSYEQYF	TRBV4-3*01	9.4e-05	0.6268521544976856
CAITGPGLAGVYEQYF	TRBV10-3*01	9.4e-05	0.6183566811597034
CASSLLAAGGTYEQYF	TRBV7-8*01	9.4e-05	0.2421989335331586
CASSLGQGNQPQHF	TRBV28*01	9.4e-05	0.07656437116797021
CASSHPGGAYEQYF	TRBV4-1*01	9.4e-05	0.22240737315588688
CSARAGKPQHF	TRBV20-1*01	9.4e-05	0.8562258687260171
CASSLYFRDTGSSGNTIYF	TRBV5-1*01	9.4e-05	0.7736633921714421
CASSPGTGPNSPLHF	TRBV19*01	9.4e-05	0.45598776870619234
CASSPRQGAVEKLFF	TRBV5-1*01	9.4e-05	0.5809736838226571
CASSLLAGDLSEQYF	TRBV27*01	9.4e-05	0.47377419732391873
CASSLSGGSSYEQYF	TRBV6-2*01	9.4e-05	0.18626040345767939
CATSTGTDSYEQYF	TRBV15*02	9.4e-05	0.2555533847283067
CASSSIRTGNTIYF	TRBV27*01	9.4e-05	0.22383120079954752
CASSLSSTGYGYTF	TRBV5-1*01	9.4e-05	0.09944501598494623
CATRDTSYEQYF	TRBV10-3*01	9.4e-05	0.44590661914506324
CASSLRQGAPGYTF	TRBV7-2*01	9.4e-05	0.6096299720632338
CASSPGAGELFF	TRBV9*01	9.4e-05	0.16436587080745627
CASSTGNTEQFF	TRBV7-8*01	9.4e-05	0.14587197434118818
CSARDLRWGLVDVYF	TRBV20-1*01	9.4e-05	0.9932333359400073
CASSLGRVNEQYF	TRBV6-2*01	9.4e-05	0.3307506323435979
CASSQDFGGSYEQYF	TRBV4-3*01	9.4e-05	0.18081226402080347
CASRYREEDRVYGYTF	TRBV7-2*01	9.4e-05	0.9321365378878462
CASSVRADYGYTF	TRBV9*03	9.3e-05	0.28086609093475023
CASSFGQVNTEAFF	TRBV27*01	9.3e-05	0.25519048485594037
CASSAPWARGGYTF	TRBV6-1*01	9.3e-05	0.9565245775398419
CASSSFFTRTNEQFF	TRBV28*01	9.3e-05	0.885558499337463
CASSLEGLSPLHF	TRBV11-3*01	9.3e-05	0.4956083235042006
CSAIKDDSSEQYF	TRBV20-1*02	9.3e-05	0.928910115764557
CASSYSGLAGGLEVEQYF	TRBV6-5*01	9.3e-05	0.641001773445368
CASSFDRASGNTIYF	TRBV6-5*01	9.3e-05	0.21360224264310343
CASSPLDGTYNEQFF	TRBV6-4*01	9.3e-05	0.5251198454738777
CASSPATGLDSPLHF	TRBV4-2*01	9.3e-05	0.7885993562241742
CASSFFPGQGYEQYF	TRBV5-1*01	9.3e-05	0.7201424861209524
CASRPGQGYGYTF	TRBV6-2*01	9.3e-05	0.19283737675954338
CASGPRTGDGYTF	TRBV5-1*02	9.3e-05	0.7956812797138746
CASEFQGSEQYF	TRBV2*01	9.3e-05	0.4348095889070145
CASRRTGQPQHF	TRBV6-1*01	9.3e-05	0.190780776623108
CASRDPGTSYEQYF	TRBV19*01	9.3e-05	0.3834525414156032
CASSYQGAYEQYF	TRBV6-5*01	9.3e-05	0.2193541207669682
CASSVGGDYGYTF	TRBV9*01	9.3e-05	0.13595606907391938
CASSIRSNEQFF	TRBV19*01	9.3e-05	0.269326822181307
CSAANLRDGYTF	TRBV29-1*01	9.3e-05	0.9049303308801309
CASTRGTSGSLSHEQYF	TRBV6-2*01	9.3e-05	0.75786315509276
CASRLLFRGSSTEAFF	TRBV19*01	9.3e-05	0.8677973030266972
CAWTNGAGRRSPLHF	TRBV30*01	9.3e-05	0.9320192426778958
CASSRGGQVTEAFF	TRBV6-6*04	9.3e-05	0.38381846580694284
CASSQGLDTGELFF	TRBV4-2*01	9.3e-05	0.16231407276764043
CASSKDGNTEAFF	TRBV6-6*03	9.3e-05	0.1727631626021918
CASRRSMNTEAFF	TRBV6-2*01	9.3e-05	0.20635601559695593
CAVLRGPGTEAFF	TRBV20-1*01	9.3e-05	0.58549066306091
CASSEFYEQYF	TRBV6-1*01	9.3e-05	0.15142919121819842
CASSPASQGRSYEQYF	TRBV11-3*02	9.3e-05	0.6096185106931973
CASSLIGAGGSLEQYF	TRBV5-1*01	9.3e-05	0.6517387341186888
CASSDGTGGANVLTF	TRBV6-4*01	9.3e-05	0.198065006791699
CASSHSGQGNYGYTF	TRBV9*01	9.3e-05	0.20803033167747761
CASSDNRGAGNTIYF	TRBV7-8*01	9.3e-05	0.3481742808502245
CASSPAAGEVYGYTF	TRBV4-3*03	9.3e-05	0.28712546473126316
CAWSFSSEQYF	TRBV30*01	9.3e-05	0.43975976972290215
CAISENYGYTF	TRBV10-3*01	9.3e-05	0.2756389524006819
CASSQGYEQYF	TRBV18*01	9.3e-05	0.09946602807537497
CASSRIRDLSSEQYF	TRBV19*03	9.3e-05	0.8852521012869066
CASSPEGNQPQHF	TRBV9*01	9.3e-05	0.19846640507130647
CASSPGQGYEQYF	TRBV5-1*01	9.3e-05	0.11829972239694254
CSARAGGQPQHF	TRBV20-1*01	9.3e-05	0.6906420984108617
CASSPLYEQYF	TRBV6-2*01	9.3e-05	0.151182457764937
CASSRYRVPSGNTIYF	TRBV3-1*01	9.3e-05	0.9142814160067718
CASSQGRRHYSYEQYF	TRBV3-1*01	9.3e-05	0.6878382590139416
CASSSTAPWEKLFF	TRBV6-5*01	9.3e-05	0.6580004996909267
CASSQGRSNYGYTF	TRBV16*01	9.3e-05	0.1485006029081045
CASSLGPSYEQYF	TRBV11-2*01	9.3e-05	0.1394385441967052
CASSIVTSGSKAYEQYF	TRBV19*01	9.3e-05	0.6330748347973384
CASSLAGDVSSGNTIYF	TRBV7-9*01	9.3e-05	0.1602351834928313
CASSVEVRGAYYGYTF	TRBV9*01	9.3e-05	0.48866570111574953
CASARNWRGANVLTF	TRBV2*01	9.3e-05	0.8044227207558521
CASSLDRTTYVEQFF	TRBV7-2*01	9.3e-05	0.7612319924386982
CAISVFPLSYEQYF	TRBV10-3*01	9.3e-05	0.9398964894496379
CASIPENPGRSYNEQFF	TRBV28*01	9.3e-05	0.960882681747194
CASSTQTQGRGSGYTF	TRBV19*01	9.3e-05	0.775556670307491
CASSLAQQAGEQYF	TRBV5-6*01	9.3e-05	0.5221193507873375
CASSTKTGGSGYTF	TRBV27*01	9.3e-05	0.5879309755501576
CASSLGGTSAGELFF	TRBV5-1*01	9.3e-05	0.5584240087909361
CASSFFTGANEQYF	TRBV7-9*01	9.3e-05	0.5662621371067604
CASSIERGLQQYF	TRBV27*01	9.3e-05	0.6823917691699739
CSAKTGSSYEQYF	TRBV20-1*01	9.3e-05	0.825234290408548
CATSDFRSEQFF	TRBV24-1*01	9.3e-05	0.7621824013848496
CASTGRRDRGMDQPQHF	TRBV6-6*05	9.3e-05	0.7107035415551155
CASSSVRDRGLGNEKLFF	TRBV28*01	9.3e-05	0.7807891662746869
CASSLGLGDTEAFF	TRBV13*01	9.3e-05	0.17904365718007748
CASSFEPGPYEQYF	TRBV5-1*01	9.2e-05	0.4765130593325541
CASSSGTGSYNEQFF	TRBV19*03	9.2e-05	0.10461834195256334
CSARVAEYEQYF	TRBV20-1*01	9.2e-05	0.9097764015875813
CASSQATQPTNYGYTF	TRBV4-2*01	9.2e-05	0.4472433824630134
CASSYSGGMNTEAFF	TRBV6-5*01	9.2e-05	0.22980977408391087
CASSRAGGLETQYF	TRBV3-1*01	9.2e-05	0.3048255713562059
CASRRQLGDSSPLHF	TRBV27*01	9.2e-05	0.7922882482681175
CASSSGQGAYGYTF	TRBV7-9*01	9.2e-05	0.12147891774628132
CSARDQSNSPLHF	TRBV20-1*01	9.2e-05	0.8888370743546198
CASSLGGLLAFF	TRBV11-3*01	9.2e-05	0.3631606721414993
CASSFGSEGEYF	TRBV5-1*01	9.2e-05	0.7412322733439564
CASSPDRGATYEQYF	TRBV27*01	9.2e-05	0.27254282584090933
CASSLSDRTETQYF	TRBV27*01	9.2e-05	0.5159148699899196
CSAPTGVWPMGQFF	TRBV20-1*01	9.2e-05	0.9980209680314457
CASSEGEYNEQFF	TRBV6-1*01	9.2e-05	0.16157351950602822
CSARPGGQPQHF	TRBV20-1*01	9.2e-05	0.7029390836172491
CASSPRIGLRWEKPLHF	TRBV28*01	9.2e-05	0.9346476850288767
CASSWGDSKHNSPLHF	TRBV11-3*01	9.2e-05	0.7247403899989704
CAWSVEVTNTGELFF	TRBV30*01	9.2e-05	0.5476345116376861
CATSETGNGETQYF	TRBV24-1*01	9.2e-05	0.6709830667786971
CASSPPTGTYEQYF	TRBV6-6*04	9.2e-05	0.19335516422219579
CASSYTTANEQFF	TRBV6-2*01	9.2e-05	0.7219748938902647
CASTAGVEAFF	TRBV2*01	9.2e-05	0.5170887657509603
CASSFIGSNTGELFF	TRBV27*01	9.2e-05	0.5412971166894991
CASSMGRLNQPQHF	TRBV19*01	9.2e-05	0.39856211077039183
CASSSGQVSYEQYF	TRBV11-2*01	9.2e-05	0.3285197296292392
CATSKRITGELFF	TRBV15*02	9.2e-05	0.4936827132205725
CAWSEPNQPQHF	TRBV30*01	9.2e-05	0.5189662687841431
CASSWPTGAGAFYEQYF	TRBV5-1*01	9.2e-05	0.6398499331619044
CASSYSGPPLNTEAFF	TRBV6-2*01	9.2e-05	0.826557663548785
CASKKYPTSGRGEQFF	TRBV27*01	9.2e-05	0.9787605394254598
CASTHRGTAGGEAFF	TRBV19*01	9.2e-05	0.8664690503806338
CASSMGLRGGTEAFF	TRBV19*01	9.2e-05	0.6381068474092594
CASSLEPNWRYEQYF	TRBV27*01	9.2e-05	0.6732367156096317
CASSQTTGGDDEQYF	TRBV4-1*01	9.2e-05	0.5384208246760566
CASSESGSGYEQYF	TRBV2*03	9.2e-05	0.13963925812392408
CASSTSGRYNEQFF	TRBV27*01	9.2e-05	0.26990878334087653
CASSLLGSPQPQHF	TRBV7-2*04	9.2e-05	0.25345067468751764
CASNRVGGEAFF	TRBV27*01	9.2e-05	0.461798306627346
CASSLTGRNTEAFF	TRBV6-2*01	9.2e-05	0.16636336345793376
CASSGWTGGGEQYF	TRBV2*01	9.2e-05	0.3589582861574547
CASSLAGVGSPLHF	TRBV5-6*01	9.2e-05	0.34035816582554773
CSAREGTVNTEAFF	TRBV20-1*01	9.2e-05	0.9160168519826087
CASSLSGLPQHF	TRBV7-8*01	9.2e-05	0.4351708102351183
CASSLDGQQYF	TRBV4-2*01	9.2e-05	0.3716791402424553
CASSLRTSGGTQYF	TRBV3-1*01	9.2e-05	0.4583540015046386
CASSFPGGAYEQYF	TRBV5-1*01	9.2e-05	0.37932366732568684
CACSQKARETQYF	TRBV30*01	9.2e-05	0.9935807109316624
CASRGAGDHEQFF	TRBV6-1*01	9.2e-05	0.4662944214245506
CASSSLLPGQSNSPLHF	TRBV7-2*01	9.2e-05	0.7416213166358557
CASSRPGHLGNTIYF	TRBV19*01	9.2e-05	0.603069720872869
CASSLAGRGVETQYF	TRBV28*01	9.2e-05	0.5019652369744674
CASSDSSGSTDTQYF	TRBV6-4*01	9.2e-05	0.17792429988076558
CASSQDRRGPYEQYF	TRBV4-2*01	9.2e-05	0.3605922870994302
CASSLGALTGELFF	TRBV11-3*01	9.2e-05	0.24769242344196055
CASSLPRGYEQYF	TRBV28*01	9.2e-05	0.20747566989133545
CASRRDRRNFMNTEAFF	TRBV6-6*04	9.2e-05	0.6810207756018319
CSAREMSSGSGEQYF	TRBV20-1*01	9.2e-05	0.9115679755619513
CASSLARDREQYF	TRBV7-2*01	9.2e-05	0.4732947806990825
CASSRTGHHEQYF	TRBV9*01	9.2e-05	0.5370644604511772
CASSLRGTYEQYF	TRBV10-1*01	9.2e-05	0.12813690371869912
CASSYSPGGTDEAFF	TRBV6-5*01	9.2e-05	0.39238729195863764
CASSQEVRGQGKDEQYF	TRBV4-3*01	9.1e-05	0.5495975788533687
CSARVQGGMDNSPLHF	TRBV20-1*01	9.1e-05	0.8655706092332448
CASSLGAQSSYGYTF	TRBV28*01	9.1e-05	0.22774500938436276
CASSPMVGVNTEAFF	TRBV3-1*01	9.1e-05	0.5571537547223404
CASSIGTVEAFF	TRBV19*01	9.1e-05	0.4165858068112864
CASSYWQGVDQPQHF	TRBV6-5*01	9.1e-05	0.6784096884771185
CASSPVGGDYEQYF	TRBV18*01	9.1e-05	0.17618158624173416
CASSPGTGPYGYTF	TRBV7-6*01	9.1e-05	0.29268102499951143
CATSDLLADEQYF	TRBV24-1*01	9.1e-05	0.6170207107606083
CASSPPAGSEQYF	TRBV18*01	9.1e-05	0.4620908626889315
CSARGQGNEKLFF	TRBV20-1*01	9.1e-05	0.7500818468631756
CASSYGHSPLHF	TRBV6-5*01	9.1e-05	0.5234747226433962
CASSQAETSGYEQYF	TRBV4-2*01	9.1e-05	0.2776103158939674
CASSHQYPTSYEQYF	TRBV4-1*01	9.1e-05	0.6960246241532215
CASSESTGPYEQYF	TRBV6-4*01	9.1e-05	0.17488027681405732
CSAYSGLSYEQYF	TRBV20-1*01	9.1e-05	0.8740030176710042
CATARDGAGGPLSYGYTF	TRBV6-2*01	9.1e-05	0.9386869540079771
CASSDSGHYNSPLHF	TRBV6-4*01	9.1e-05	0.513351752333013
CASSRGETDTGELFF	TRBV28*01	9.1e-05	0.2379731241921646
CASSPGTGGQPQHF	TRBV18*01	9.1e-05	0.12238627170674998
CASSNEGEGYTF	TRBV11-2*01	9.1e-05	0.18988336246751625
CASSYMLAERPESEQYF	TRBV6-5*01	9.1e-05	0.9497783134071287
CASSEDPASSNSPLHF	TRBV10-2*01	9.1e-05	0.6239194295870772
CSASPLASLLYEQYF	TRBV20-1*04	9.1e-05	0.8659232755743879
CASAWRSDNQPQHF	TRBV6-6*05	9.1e-05	0.4397503567475311
CASSPSDTRGYTF	TRBV18*01	9.1e-05	0.47881467953748164
CSARDRAGNTIYF	TRBV20-1*01	9.1e-05	0.8489025777267054
CSTWGDMNTEAFF	TRBV20-1*01	9.1e-05	0.8201623002350575
CAGRRDRDEAFF	TRBV28*01	9.1e-05	0.744100469546971
CASSPGYYEQYF	TRBV28*01	9.1e-05	0.22063306081261386
CASSVYDTGTDSTDTQYF	TRBV2*01	9.1e-05	0.4723143178666226
CASLSRLRMNTEAFF	TRBV28*01	9.1e-05	0.5223611605653548
CASSDGTSGANEQFF	TRBV6-4*01	9.1e-05	0.29542145199669534
CSARDDLQGAYEQYF	TRBV20-1*01	9.1e-05	0.867631006336071
CASSGTGRSPKAFF	TRBV6-1*01	9.1e-05	0.7807221332189672
CASSDRDGSYEQYF	TRBV6-1*01	9.1e-05	0.21675008203145857
CASSAAYEQYF	TRBV4-2*01	9.1e-05	0.10570958811113625
CASSLTSGYPQETQYF	TRBV13*01	9.1e-05	0.7463322075546333
CASSEAHSTEEKLFF	TRBV2*01	9.1e-05	0.5933861477306289
CSADEGDRVTDTQYF	TRBV20-1*01	9.1e-05	0.947366639911003
CASSFGLINEQFF	TRBV27*01	9.1e-05	0.5856782975234197
CASTGQGARTGELFF	TRBV2*01	9.1e-05	0.5485392860189153
CASSDSGTNNQPQHF	TRBV6-6*03	9.1e-05	0.2219709429388454
CASSFSGTAQYGYTF	TRBV11-3*01	9.1e-05	0.5295707574186046
CASSLGLTTYEQYF	TRBV7-2*01	9.1e-05	0.3240962233553962
CATSKERYYEQYF	TRBV6-1*01	9.1e-05	0.7086174211805893
CASTGSGANVLTF	TRBV6-2*01	9.1e-05	0.1343442180707281
CASSLELSPLHF	TRBV7-9*01	9.1e-05	0.572903231045728
CAWSVLAGPNTQYF	TRBV30*01	9.1e-05	0.7675282809547141
CASSQTSLTYNEQFF	TRBV7-6*01	9.1e-05	0.5140698985244762
CSAREGAVGYTF	TRBV20-1*01	9.1e-05	0.900044905512915
CAILDRNNSPLHF	TRBV10-3*01	9.1e-05	0.5044232719528379
CSARDGNLGDTEAFF	TRBV20-1*01	9e-05	0.9416557705566333
CASSFGGYEQYF	TRBV6-5*01	9e-05	0.1214797319712759
CSAEDAGRARHEQYF	TRBV20-1*01	9e-05	0.9656683694053901
CASTRLAGEYNEQFF	TRBV6-1*01	9e-05	0.5002721585064562
CASSQEYTGGNYGYTF	TRBV3-1*01	9e-05	0.1634840748546087
CSARRQGLKDQPQHF	TRBV20-1*01	9e-05	0.9770120728753545
CSARDIEVSDTEAFF	TRBV20-1*01	9e-05	0.9738588797702707
CASSRTRSNYGYTF	TRBV28*01	9e-05	0.24376451237535948
CASSLGWANYGYTF	TRBV11-3*01	9e-05	0.4020449739454724
CASSPDGARYEQYF	TRBV3-1*01	9e-05	0.3235620353348805
CASSLEYQYGYTF	TRBV28*01	9e-05	0.23291017606623612
CARRDRGEQYF	TRBV2*01	9e-05	0.48631634728929185
CASSSPQGGNTGELFF	TRBV28*01	9e-05	0.23720210579377846
CASSQEALPLHF	TRBV4-1*01	9e-05	0.8202088550633251
CASSLGLAGGSSYEQYF	TRBV11-2*01	9e-05	0.1266478351074102
CATSRAGEGRETQYF	TRBV15*02	9e-05	0.5008666953704793
CSARDRRTNTGELFF	TRBV20-1*01	9e-05	0.9341098088669146
CSAIDTNYGYTF	TRBV20-1*01	9e-05	0.7148011667803987
CASSSDTEAFF	TRBV11-3*01	9e-05	0.09939292986841272
CASSKFPGTGLLNEQFF	TRBV6-2*01	9e-05	0.8612301766579367
CASSYSMYKRDYEQYF	TRBV6-5*01	9e-05	0.924397399224703
CASSNRDGSYEQYF	TRBV19*01	9e-05	0.21675008203145857
CASKGRDRSTEAFF	TRBV3-1*01	9e-05	0.5660901081927493
CAHSLPGVRGYTF	TRBV30*01	9e-05	0.9511182176381521
CASRREYEQFF	TRBV5-1*01	9e-05	0.30445803066776866
CASSLRPRTSGRAVEQYF	TRBV27*01	9e-05	0.8130173073476693
CAWTQQGGSGQPQHF	TRBV30*01	9e-05	0.5016166623223399
CASSYSEGAGAPLHF	TRBV6-5*01	9e-05	0.6431986572030814
CASSEGQGFTGELFF	TRBV6-1*01	9e-05	0.2210673616330076
CASSVGPSTNEKLFF	TRBV9*01	9e-05	0.28516827436262887
CAWSGGQGYEKLFF	TRBV30*01	9e-05	0.6713182872805585
CASSIIGRTYGYTF	TRBV19*01	9e-05	0.4713443759845402
CASTDGGNNYGYTF	TRBV13*02	9e-05	0.2383020847110557
CSARGTGLGSEQFF	TRBV20-1*01	9e-05	0.9477770027287789
CATSEVGGLPAFF	TRBV24-1*01	9e-05	0.9141194273039901
CATSRDNYEQYF	TRBV15*02	9e-05	0.3803375965022997
CSVANTDTQYF	TRBV29-1*01	9e-05	0.7435757194553047
CATSDAGQGVTGELFF	TRBV24-1*01	9e-05	0.5152553825656201
CASSPNPSTQETQYF	TRBV6-6*04	9e-05	0.7900637349068972
CASSPPGVSYEQYF	TRBV18*01	9e-05	0.3181113920530145
CASSLVEGSDTQYF	TRBV7-8*01	9e-05	0.37902703059031584
CSALPAELYF	TRBV20-1*01	9e-05	0.9731377875599174
CASPTDGTTNTGELFF	TRBV7-2*01	9e-05	0.711041293626435
CSATPLRDAPSYEQYF	TRBV20-1*01	9e-05	0.9437634897960909
CASSPRQGSQPQHF	TRBV2*01	9e-05	0.28911271776496394
CASSLGTGSYGYTF	TRBV5-1*01	9e-05	0.10180998026697036
CASRTGATGGYTF	TRBV6-4*01	9e-05	0.3099796946462929
CASSESRSGAATQPQHF	TRBV10-2*01	9e-05	0.6578399928958302
CASSRTGVFLGTEAFF	TRBV5-1*01	9e-05	0.7682697048511685
CASSSRSSYEQYF	TRBV19*01	9e-05	0.11516837546533651
CAIRQGNGYTF	TRBV11-2*01	9e-05	0.6088199887844823
CASSYSPDRVGYGYTF	TRBV6-2*01	9e-05	0.6846101051228449
CASRHTLYEQYF	TRBV6-1*01	9e-05	0.8145634004244346
CASSGYRSSYNEQFF	TRBV28*01	9e-05	0.44289775158991623
CASSFRVDQPQHF	TRBV7-8*01	9e-05	0.3059811743276738
CSARLNGVVTEAFF	TRBV20-1*05	9e-05	0.9603222064194622
CSAIQQGFHYEQYF	TRBV20-1*01	8.9e-05	0.9732864528977534
CASSEEVVGPYEQYF	TRBV6-1*01	8.9e-05	0.6032445544082804
CASNVPSYEQYF	TRBV6-6*05	8.9e-05	0.3779063152366142
CASSLEATTNPIYEQYF	TRBV5-5*01	8.9e-05	0.8191891485495617
CASSEGPRSYEQYF	TRBV6-6*05	8.9e-05	0.32583855422492786
CASSGQWLEQYF	TRBV2*01	8.9e-05	0.7624549857944359
CAISPGDGYTF	TRBV10-3*01	8.9e-05	0.6797407351237121
CSARDLGQGAWGNQPQHF	TRBV20-1*01	8.9e-05	0.9259264368442544
CSASNQPRTYEQYF	TRBV20-1*04	8.9e-05	0.8930955747607718
CATSRVVDRGRVGSGYTF	TRBV15*01	8.9e-05	0.940875220797987
CASSPLQNTGELFF	TRBV18*01	8.9e-05	0.2118120978190667
CASSIRSSYEQYF	TRBV19*01	8.9e-05	0.22934953333258531
CASTEQTNTEAFF	TRBV5-1*01	8.9e-05	0.27301985992946354
CASSQTGPGAFF	TRBV28*01	8.9e-05	0.734431320786586
CASSFSGGGFYEQYF	TRBV28*01	8.9e-05	0.3402761516811504
CASSPTSASNEQFF	TRBV7-3*01	8.9e-05	0.5436890971629643
CASSPPKGPQHF	TRBV6-2*01	8.9e-05	0.5845769658631009
CATSRDMGKNQPQHF	TRBV15*01	8.9e-05	0.8051558913952085
CASSYIGQTNEKLFF	TRBV6-2*01	8.9e-05	0.5956478962972545
CASSLQATNTGELFF	TRBV7-6*01	8.9e-05	0.24932009282188936
CASSPTSAIGNEQYF	TRBV11-2*01	8.9e-05	0.7298802847058622
CSARDRKGLGQPQHF	TRBV20-1*01	8.9e-05	0.9760899904052774
CASSTRQYNSPLHF	TRBV19*01	8.9e-05	0.532095945336727
CSARDQGAIYEQYF	TRBV20-1*01	8.9e-05	0.9226074247122366
CSAPGLEYLEQYF	TRBV20-1*01	8.9e-05	0.983327246006769
CASNLQGPGYTF	TRBV6-1*01	8.9e-05	0.5969132580462353
CASSQDLAGVSGNTIYF	TRBV3-1*01	8.9e-05	0.5628618278375894
CAISEPGSGNSPLHF	TRBV10-3*01	8.9e-05	0.47914594562426166
CASSLFRGDTEAFF	TRBV5-1*01	8.9e-05	0.39732544745477993
CASSYQENTEAFF	TRBV6-2*01	8.9e-05	0.19406549315154156
CASRTGGAREQYF	TRBV6-6*03	8.9e-05	0.4457908918956115
CASRLSDGPQHF	TRBV6-2*01	8.9e-05	0.3974566076346228
CASSSRADTQYF	TRBV7-8*01	8.9e-05	0.21653921456013467
CATSEGAAGYNEQFF	TRBV24-1*01	8.9e-05	0.41302643042134646
CASSYIGQGIHEQYF	TRBV11-2*01	8.9e-05	0.7309558376111521
CASSQDYGNNQPQHF	TRBV3-1*01	8.9e-05	0.4454591539193594
CASSPQSSTYEQYF	TRBV18*01	8.9e-05	0.3006776326087153
CASSLSFANYGYTF	TRBV7-3*04	8.9e-05	0.2991735206256848
CASSESENQPQHF	TRBV6-4*01	8.9e-05	0.08592539196472199
CASLVGSAGGPHEQFF	TRBV28*01	8.9e-05	0.7625738878352212
CASSPTMDVVSYEQYF	TRBV9*03	8.9e-05	0.7068155749291721
CASSPPPTGLNSPLHF	TRBV11-2*01	8.9e-05	0.72640633622109
CASSTRKGLTYNEQFF	TRBV4-2*01	8.9e-05	0.827202743857655
CATSRGDREASPLHF	TRBV15*02	8.9e-05	0.6498084873297886
CASSLRQRYYEQYF	TRBV11-1*01	8.9e-05	0.4196915012290971
CSAERETYGYTF	TRBV20-1*01	8.9e-05	0.6851201434789695
CASSLSRGRWNTGELFF	TRBV27*01	8.9e-05	0.6963183887009727
CAISDPTGGHQPQHF	TRBV10-3*01	8.9e-05	0.6428376714398958
CASSATGTGVYEQYF	TRBV7-9*04	8.9e-05	0.17926012376939407
CASSISPGRNEQFF	TRBV19*01	8.9e-05	0.8166799022460117
CASSATGGGTEAFF	TRBV18*01	8.9e-05	0.10075469220713143
CSARRPSGGNEQFF	TRBV20-1*01	8.9e-05	0.9695286651825348
CASSFWGEETQYF	TRBV7-2*01	8.9e-05	0.8294756112692787
CASSLGTATFYNSPLHF	TRBV28*01	8.9e-05	0.8140872321362916
CASHQWGGGNTEAFF	TRBV5-1*01	8.9e-05	0.40223108193291274
CASTQGQDTDTQYF	TRBV6-1*01	8.9e-05	0.30886698411539343
CASSGAAGSPLHF	TRBV6-1*01	8.9e-05	0.2523484627520302
CSVEGLMNTEAFF	TRBV29-1*01	8.9e-05	0.5392600628161893
CASSEFSPGYEQYF	TRBV6-1*01	8.9e-05	0.5113419913763837
CASSPSGSSYEQYF	TRBV7-9*01	8.9e-05	0.19049266368532258
CASSFDRGREQYF	TRBV7-8*01	8.9e-05	0.4311499165684548
CASSFSGGTNYGYTF	TRBV5-1*01	8.9e-05	0.21460133096721112
CASRYDISSGNTIYF	TRBV28*01	8.8e-05	0.6571106110229632
CATSDGAGELCEQYF	TRBV24-1*01	8.8e-05	0.894016160733704
CASSQDTGASYEQYF	TRBV4-2*01	8.8e-05	0.16485457594448927
CASSLTGSNQPQHF	TRBV19*01	8.8e-05	0.10708776187111448
CSAQDPASGRPAYEQYF	TRBV20-1*01	8.8e-05	0.9562103525871596
CAISEYRGAYEQYF	TRBV10-3*01	8.8e-05	0.6270447714602323
CASPKYANRYEQYF	TRBV27*01	8.8e-05	0.9123052831563242
CSAKRQPNTEAFF	TRBV20-1*01	8.8e-05	0.9183615247859007
CSARERDTEAFF	TRBV20-1*01	8.8e-05	0.8300701036335527
CASLERGEQYF	TRBV19*01	8.8e-05	0.3436478127212571
CASSPTLWGQGGGEQYF	TRBV18*01	8.8e-05	0.7901440589382823
CASSYSRGGRVNEQYF	TRBV6-5*01	8.8e-05	0.539259833272195
CASSYTEGIGVYGYTF	TRBV6-2*01	8.8e-05	0.49433200500129565
CASSMGDNSGNTIYF	TRBV19*01	8.8e-05	0.30242802531781277
CASSRGQGGNQPQHF	TRBV27*01	8.8e-05	0.07866432358328823
CASSLSFGGGNEQYF	TRBV11-1*01	8.8e-05	0.369934915865811
CASSLDQGLNTEAFF	TRBV11-2*01	8.8e-05	0.15032989702320435
CSARGGASNQPQHF	TRBV20-1*01	8.8e-05	0.7434962936909996
CASSIRQAVEQYF	TRBV27*01	8.8e-05	0.6740315476534836
CASSSGGPREQYF	TRBV11-3*01	8.8e-05	0.33711308648100363
CASSQGLNSPLNEKLFF	TRBV3-1*01	8.8e-05	0.6203358571239842
CATSDSGQGFQPQHF	TRBV24-1*01	8.8e-05	0.5158630998090382
CASSARDGDNYGYTF	TRBV9*03	8.8e-05	0.19701046245695292
CSARAGTGVGEQYF	TRBV20-1*01	8.8e-05	0.9625046248013406
CASSDGSTDTQYF	TRBV6-4*01	8.8e-05	0.21512953045728245
CASSLERTAEQYF	TRBV5-1*01	8.8e-05	0.6804567159274755
CASMGTGTGVARGGGYEQYF	TRBV19*01	8.8e-05	0.9194382470240261
CASSDSRFARRENQPQHF	TRBV6-4*01	8.8e-05	0.7008157691384357
CASSPVTSGIYEQYF	TRBV18*01	8.8e-05	0.46392843971466113
CASRGQGYGNTIYF	TRBV2*01	8.8e-05	0.2758103329593605
CASSPDWHYEQYF	TRBV9*03	8.8e-05	0.7187118707016033
CASSLSPNTEAFF	TRBV7-2*01	8.8e-05	0.17746157388135628
CASSPVGVEAFF	TRBV18*01	8.8e-05	0.41913720835398594
CASSLSSYEQYF	TRBV27*01	8.8e-05	0.11132684750857594
CASRDYNEQFF	TRBV6-1*01	8.8e-05	0.12996326268279856
CASSLRSGTAQNQPQHF	TRBV28*01	8.8e-05	0.33096596363715297
CASSWTGSYSGANVLTF	TRBV6-5*01	8.8e-05	0.4818794252818105
CATSRPTGTVSYEQYF	TRBV15*02	8.8e-05	0.5331172486153354
CASREGGMGQFYEQYF	TRBV28*01	8.8e-05	0.7937480241134838
CASSQDWTGYQPQHF	TRBV3-1*01	8.8e-05	0.5746144977491118
CASSQRWDQTDTQYF	TRBV4-2*01	8.8e-05	0.8049408834556114
CAWSVEAEGAGYTF	TRBV30*01	8.8e-05	0.7644315251582187
CASSQALTYEQYF	TRBV19*01	8.8e-05	0.41438326096886013
CASSQTAPSGGNQPQHF	TRBV6-6*04	8.8e-05	0.5326389198811088
CASSVGTGMVIGNTIYF	TRBV9*01	8.8e-05	0.5298883144233001
CASTTGGIRVNQPQHF	TRBV28*01	8.8e-05	0.5449005299131906
CSAPDLKSGMNTEAFF	TRBV20-1*01	8.8e-05	0.9460394637212901
CASSLDGVVYNEQFF	TRBV27*01	8.8e-05	0.6840117407787228
CASSPGTGLGPLHF	TRBV28*01	8.8e-05	0.7432283232297451
CASSDGGDTGELFF	TRBV6-4*01	8.8e-05	0.16862198776543658
CASTGYLPTVEGTYEQYF	TRBV2*01	8.8e-05	0.79066586156966
CASSLTGDSKFYEQYF	TRBV6-6*05	8.8e-05	0.7408065247630676
CASSWRDPPYNSPLHF	TRBV5-1*01	8.8e-05	0.8984977576389277
CASSLRGTAAYGYTF	TRBV13*01	8.8e-05	0.44295570087612085
CASTRAGRPYEQYF	TRBV5-6*01	8.8e-05	0.485004553614173
CASTSLGNSPLHF	TRBV28*01	8.8e-05	0.4749293382574752
CASSSGGDTEAFF	TRBV6-5*01	8.8e-05	0.1022326925418063
CASSLGGNTEAFF	TRBV28*01	8.8e-05	0.0714109311305964
CASRRTSTDTQYF	TRBV2*02	8.8e-05	0.4231157421547374
CASSLDWTASNQPQHF	TRBV11-2*01	8.8e-05	0.5797909758529952
CASAQGRSRDTQYF	TRBV28*01	8.8e-05	0.6757795151131166
CASTPSPGRYEQFF	TRBV6-6*04	8.8e-05	0.7826499673337869
CASSNIQGAVGNQPQHF	TRBV19*01	8.8e-05	0.5425108950531777
CASSLDGGVNSPLHF	TRBV18*01	8.8e-05	0.35271378237471807
CASSYGQGSGEKLFF	TRBV6-5*01	8.8e-05	0.332654715874006
CASSQSFDRANEQYF	TRBV14*01	8.8e-05	0.5814483002978293
CSARTSGVFSYEQYF	TRBV20-1*04	8.8e-05	0.9542216859547287
CAISEWPDAGEQYF	TRBV10-3*01	8.8e-05	0.8511797147442962
CSASGQGLDLEQYF	TRBV20-1*02	8.8e-05	0.9151586021315471
CASSEGPTDYGYTF	TRBV28*01	8.8e-05	0.26327276374600656
CSASHGYGYTF	TRBV20-1*02	8.8e-05	0.6889022481326534
CASRGWFADTEAFF	TRBV19*01	8.7e-05	0.8389582207391817
CSAGGISPLHF	TRBV20-1*01	8.7e-05	0.8756743979185234
CASGDYGYTF	TRBV28*01	8.7e-05	0.16175773496032717
CAISEGGQGSWQPQHF	TRBV10-3*01	8.7e-05	0.7226329514359889
CASSLGTGRDYGYTF	TRBV11-3*01	8.7e-05	0.14536635985841864
CASSTSTPSGNTIYF	TRBV28*01	8.7e-05	0.36312939440989667
CASSKDRMNTEAFF	TRBV19*01	8.7e-05	0.22950574183138162
CASSYREGGNTIYF	TRBV6-5*01	8.7e-05	0.19528393304741742
CASSQRGPGSYTF	TRBV11-2*01	8.7e-05	0.3435202667074856
CASSLERDSPLHF	TRBV5-1*01	8.7e-05	0.4386388639808478
CASSEARSGNQPQHF	TRBV2*01	8.7e-05	0.26682893821652237
CASSHVVGGSYEQYF	TRBV3-1*01	8.7e-05	0.32936889021083204
CASSSPGNSPLHF	TRBV7-9*01	8.7e-05	0.2933901232556966
CASSYAGRVEAFF	TRBV6-5*01	8.7e-05	0.6814754276946122
CASSPGVSATQHF	TRBV7-8*03	8.7e-05	0.758591917603888
CASSSYDYEQYF	TRBV7-9*01	8.7e-05	0.11001236550134977
CASSLQGLAGFNEQFF	TRBV27*01	8.7e-05	0.5863224685841417
CATRSWTGGTGELFF	TRBV15*02	8.7e-05	0.6710566192005359
CASHPRTGGNTIYF	TRBV7-2*01	8.7e-05	0.30760883727035
CASSPAVNTEAFF	TRBV18*01	8.7e-05	0.2413214246339767
CASSLERRSEAFF	TRBV5-1*01	8.7e-05	0.45459241045110144
CASSLGTDRYEQYF	TRBV9*01	8.7e-05	0.20123016498937427
CASRAASGGNIQYF	TRBV2*01	8.7e-05	0.5514197250845996
CSASSMSNQPQHF	TRBV20-1*02	8.7e-05	0.5636270766461802
CASSPVGHEQYF	TRBV18*01	8.7e-05	0.30721089276208274
CASSSSTDTQYF	TRBV7-2*01	8.7e-05	0.14610486989108995
CASSERVSGTDTQYF	TRBV6-1*01	8.7e-05	0.33099207001334574
CASSLDLSYNSPLHF	TRBV6-6*05	8.7e-05	0.6204806067137862
CASGEEGFVNEAFF	TRBV5-1*02	8.7e-05	0.7711514644129062
CASSLGGTYEQYF	TRBV5-1*01	8.7e-05	0.09443344996619477
CASSLPSGGAWSYEQYF	TRBV28*01	8.7e-05	0.6628264393158071
CASSRAGRILAGELFF	TRBV6-6*05	8.7e-05	0.7139568322177302
CASSYGRGLQWPQHF	TRBV6-5*01	8.7e-05	0.856321816814242
CASSLTTTPGTPLHF	TRBV7-2*04	8.7e-05	0.8290796722506418
CASRPGQGSYNEQFF	TRBV6-1*01	8.7e-05	0.3183618580013409
CASSFPGTGNYEQYF	TRBV5-1*01	8.7e-05	0.32594299439816804
CSARERGRMAGELFF	TRBV20-1*01	8.7e-05	0.963377744279995
CSARAGTSFGGYTF	TRBV20-1*01	8.7e-05	0.9830435191747323
CSVERPARNTEAFF	TRBV29-1*01	8.7e-05	0.9655796995633312
CASSGSSYQPQHF	TRBV6-2*01	8.7e-05	0.21307305720073355
CASSLGDREAFF	TRBV5-1*01	8.7e-05	0.21715637381912353
CASSLPGRTPVGPYGYTF	TRBV28*01	8.7e-05	0.9058144885590038
CASSPQAGGDGYTF	TRBV19*01	8.7e-05	0.5014012791782058
CASSQSGSRAHEQYF	TRBV4-1*01	8.7e-05	0.5635081155742417
CASSVDRPTYEQYF	TRBV6-2*01	8.7e-05	0.4579936566278528
CASRPRELRTEAFF	TRBV6-2*01	8.7e-05	0.8847021367122362
CASAGQANYEQYF	TRBV13*02	8.7e-05	0.43366127083847406
CASSLDTNYGYTF	TRBV28*01	8.7e-05	0.08610244207633781
CASSLDVAGQQYF	TRBV11-3*01	8.7e-05	0.46834926175012354
CATSESSGVGLYEQYF	TRBV24-1*01	8.7e-05	0.4468291334981007
CATSDLRDTGELFF	TRBV24-1*01	8.7e-05	0.48892576335686344
CAISDGYEQYF	TRBV10-3*01	8.7e-05	0.4048959637241446
CASSLTYLTDTQYF	TRBV7-2*01	8.7e-05	0.32278812963032927
CASKRGQLTGELFF	TRBV2*01	8.7e-05	0.6728234236429887
CASRLRDRGNQPQHF	TRBV6-6*05	8.6e-05	0.5776628794287001
CASRAGGTGETEAFF	TRBV9*03	8.6e-05	0.23977803499850758
CASSLVGDASKQYF	TRBV7-8*01	8.6e-05	0.7227628544752226
CASSLLPGQGAGELFF	TRBV19*01	8.6e-05	0.5485686892214694
CASISTRIGRSYEQYF	TRBV28*01	8.6e-05	0.8368046201067575
CASSHLTGPLNTEAFF	TRBV28*01	8.6e-05	0.733130387877962
CASCSGFSGNSPLHF	TRBV6-4*01	8.6e-05	0.9101226634234848
CASSDSEGSNSPLHF	TRBV6-4*01	8.6e-05	0.19220797485516367
CASSEDRSYEQYF	TRBV10-2*01	8.6e-05	0.17721333035950282
CASSRIVGEAFF	TRBV6-6*04	8.6e-05	0.5500013114268234
CASSMGWGGAEQYF	TRBV19*01	8.6e-05	0.7195411876823187
CASLTQGLNTEAFF	TRBV28*01	8.6e-05	0.401211102786492
CASSSISAVRDTEAFF	TRBV7-6*01	8.6e-05	0.855514416052654
CSASGTGLHTEAFF	TRBV20-1*02	8.6e-05	0.8887750804486662
CASSLVGFTGNTIYF	TRBV7-9*01	8.6e-05	0.20589046205618494
CASSPRDRNTEAFF	TRBV18*01	8.6e-05	0.3605065778602454
CASSEQGDTGELFF	TRBV6-4*01	8.6e-05	0.13436423829059782
CASSQDIQNTEAFF	TRBV3-1*01	8.6e-05	0.35736159420219993
CASKPGQKYQPQHF	TRBV6-1*01	8.6e-05	0.6730113002314073
CATSPQGVEQYF	TRBV24-1*01	8.6e-05	0.6607732076512796
CASSPLSNGYTF	TRBV28*01	8.6e-05	0.4101290541492962
CATSRVVPRDGAMYNYGYTF	TRBV15*01	8.6e-05	0.962163509690846
CASSRGTGGHQPQHF	TRBV18*01	8.6e-05	0.24880751170285292
CASSVEAGRTDTQYF	TRBV9*01	8.6e-05	0.36489264186296244
CASSIRENTEAFF	TRBV6-2*01	8.6e-05	0.1663704230537187
CASSLDLYNEQFF	TRBV5-1*01	8.6e-05	0.2983088678595473
CASSQTAGGSSNQPQHF	TRBV3-1*01	8.6e-05	0.17560519594595575
CASSTGQLSSYNSPLHF	TRBV5-1*01	8.6e-05	0.5557004848995204
CASSLRFGVFNEQFF	TRBV28*01	8.6e-05	0.7247710548880092
CASSVFMSSYEQYF	TRBV6-1*01	8.6e-05	0.5775006443598719
CASRNRDLTYEQYF	TRBV6-1*01	8.6e-05	0.5495633407118539
CASSLGQGNGYTF	TRBV4-1*01	8.6e-05	0.19082517088286052
CSAARSGYGYTF	TRBV20-1*01	8.6e-05	0.6279766441485977
CASSLWGTSSSYNEQFF	TRBV28*01	8.6e-05	0.5688288132193355
CSARDIVGQGGSQPQHF	TRBV20-1*01	8.6e-05	0.9445762976497946
CASSPWRGSSYEQYF	TRBV18*01	8.6e-05	0.46848150872005656
CASSLAAGVGDTQYF	TRBV7-2*01	8.6e-05	0.3521014813201226
CASSEFGANTGELFF	TRBV4-1*01	8.6e-05	0.24193282511743727
CATSRGEGRETQYF	TRBV15*02	8.6e-05	0.4453993905807024
CASSSRDSVYEQYF	TRBV11-3*01	8.6e-05	0.33050569641326333
CASSFGTAGNTIYF	TRBV5-1*01	8.6e-05	0.2881180530014053
CASSLSGEQFF	TRBV7-9*01	8.6e-05	0.22959572416173382
CASSGTQTRSNSPLHF	TRBV18*01	8.6e-05	0.8643395730166674
CASSQDTPATNEKLFF	TRBV2*01	8.6e-05	0.5046416267971576
CASSLAMGSTTEAFF	TRBV27*01	8.6e-05	0.17288052740207976
CASSAISGSSYEQYF	TRBV7-2*01	8.6e-05	0.21286427544989195
CASSSSGTGDNGYTF	TRBV5-1*01	8.6e-05	0.24600537878383488
CASSIGQLNTEAFF	TRBV19*01	8.6e-05	0.32967580442499744
CSARVQGVFSEQFF	TRBV20-1*01	8.6e-05	0.9810331903115159
CASSDDRVSPLHF	TRBV6-4*01	8.6e-05	0.7897740608525983
CASSPRGYEAFF	TRBV19*01	8.6e-05	0.23207925709910027
CATGAYGYTF	TRBV19*01	8.6e-05	0.2640871601017194
CASSYVRGRSGANVLTF	TRBV6-5*01	8.6e-05	0.7383935061101048
CASSEQRGSLTGDYTF	TRBV9*01	8.6e-05	0.540078228766535
CASTVGQGAYNEQFF	TRBV28*01	8.6e-05	0.3640743838009512
CASSLAGTGVEQYF	TRBV7-6*01	8.6e-05	0.40502992564782253
CASSDRAGWITVDQPQHF	TRBV6-1*01	8.6e-05	0.9536091388399857
CASSEAIGAAAAYGYTF	TRBV6-1*01	8.6e-05	0.3877872005535114
CASSLSINTEAFF	TRBV27*01	8.6e-05	0.13924020090666087
CASSSSGMSSYNEQFF	TRBV27*01	8.6e-05	0.3925629171905784
CASSTEWEAGNQPQHF	TRBV4-2*01	8.6e-05	0.5864438516480925
CASSGSGSNRETQYF	TRBV7-2*01	8.6e-05	0.5104232005378154
CASSISGRIDQPQHF	TRBV5-1*01	8.6e-05	0.5902360042662814
CSARYGHSNTEAFF	TRBV20-1*05	8.6e-05	0.9544756432442394
CASSLARGYEQYF	TRBV7-2*01	8.5e-05	0.115954461452991
CASSETSGRFEQYF	TRBV2*01	8.5e-05	0.5392848830878982
CASSRGTGGLEQYF	TRBV7-2*01	8.5e-05	0.39934075437242794
CSAYEQRRQPQHF	TRBV20-1*01	8.5e-05	0.9819940882682122
CASSVGGGSNSPLHF	TRBV9*01	8.5e-05	0.30531062742059667
CASSGQEYEQYF	TRBV9*01	8.5e-05	0.15478633906144643
CASSNLLARSSYEQYF	TRBV4-2*01	8.5e-05	0.8346004991177531
CASSLASTYNSPLHF	TRBV28*01	8.5e-05	0.3206890759353504
CASSLVSGRVYEQYF	TRBV7-9*01	8.5e-05	0.4326922142655
CASSVDSGGPYEQYF	TRBV9*01	8.5e-05	0.2485403754412392
CSAPGTPDYNEQFF	TRBV20-1*01	8.5e-05	0.9170191329037849
CASSLVGISAGVGYEQYF	TRBV7-2*01	8.5e-05	0.7946512978416443
CASSYRREAYEQYF	TRBV6-5*01	8.5e-05	0.45671082634461885
CASRGPGQYNEQFF	TRBV28*01	8.5e-05	0.42483830456725025
CSATRQGRNSPLHF	TRBV20-1*01	8.5e-05	0.9201567362932437
CASSGSGYYEQYF	TRBV2*01	8.5e-05	0.19324783120451666
CSALLQGAYEQYF	TRBV20-1*01	8.5e-05	0.7669895791520057
CASSFGAYEQYF	TRBV11-2*01	8.5e-05	0.17657120729734163
CASRRSGEAFF	TRBV6-1*01	8.5e-05	0.20378423210659455
CASSYISGANVLTF	TRBV6-2*01	8.5e-05	0.2761340742040763
CASSTGTSAYEQYF	TRBV6-2*01	8.5e-05	0.2813882995844627
CASSPDPGGGGYTF	TRBV9*01	8.5e-05	0.43995675093491315
CSARDLLQAANYGYTF	TRBV20-1*01	8.5e-05	0.9230157205738837
CASSYRLSGAYEQYF	TRBV6-2*01	8.5e-05	0.2448792898777685
CASSAGFYVYTEAFF	TRBV6-1*01	8.5e-05	0.39700155690404926
CASSRSGRHEKLFF	TRBV19*03	8.5e-05	0.32141766953578826
CASSLLGFGSPLHF	TRBV7-3*01	8.5e-05	0.44082723963109594
CASSLSLNTGELFF	TRBV7-9*01	8.5e-05	0.2037814081236618
CSATGISYEQYF	TRBV20-1*01	8.5e-05	0.8035193778829668
CASSLSQPQHF	TRBV5-1*01	8.5e-05	0.09847704690305824
CASSPPLGNEEKLFF	TRBV18*01	8.5e-05	0.7419381791900556
CASSLAGASYNEQFF	TRBV27*01	8.5e-05	0.1692315069385154
CATSSGGDAQPQHF	TRBV15*02	8.5e-05	0.42705925108295706
CASSLALTGNEQYF	TRBV7-9*01	8.5e-05	0.29163594823731415
CASSSRDRVYEQYF	TRBV3-1*01	8.5e-05	0.34535863903236313
CSADPGGSYEQYF	TRBV20-1*01	8.5e-05	0.7135885540944449
CASSVGSSGGLYEQYF	TRBV9*01	8.5e-05	0.2042725412395712
CASSLEGRGNYEQYF	TRBV7-2*01	8.5e-05	0.19911398670809696
CSASDSHGVYEQYF	TRBV20-1*02	8.5e-05	0.8497920129102001
CASSFSYEQYF	TRBV5-6*01	8.5e-05	0.11143976379201695
CASNLMSGTGRNTIYF	TRBV7-2*01	8.5e-05	0.6553885739721569
CASSLGPLGGALEQYF	TRBV5-1*01	8.5e-05	0.8553422803632142
CASASRGLNTGELFF	TRBV28*01	8.5e-05	0.42685294332154916
CASSWGQGNNQPQHF	TRBV6-5*01	8.5e-05	0.3301190884579712
CASSTHRGLNTEAFF	TRBV6-6*03	8.5e-05	0.5869088163356101
CASSPRQGTPYEQYF	TRBV4-1*01	8.5e-05	0.5759791366185635
CASSLMENNEQFF	TRBV6-6*05	8.5e-05	0.5333105094680582
CASSVDMKGEQYF	TRBV9*01	8.5e-05	0.8316527091010392
CSARSGKTSGYTF	TRBV20-1*01	8.5e-05	0.9413800217824856
CSARVWTSYEQYF	TRBV20-1*01	8.5e-05	0.9556807632198684
CASSDPGVEAFF	TRBV19*01	8.5e-05	0.5374049901154455
CATSDPGQGGSYEQYF	TRBV24-1*01	8.5e-05	0.40369746735810097
CASSLGRGRIVNEQFF	TRBV7-8*03	8.5e-05	0.84302661622209
CASSFSSGETYEQYF	TRBV11-2*01	8.5e-05	0.28017542841807264
CASSLGGLATGELFF	TRBV11-3*01	8.5e-05	0.2530229809490184
CASSPRGVNTYEQYF	TRBV9*03	8.5e-05	0.502577296914765
CASSPRGYNQPQHF	TRBV7-9*01	8.5e-05	0.2257156929841294
CASSPSDTRGAFF	TRBV18*01	8.5e-05	0.8565763194864641
CAISESRRGMNTEAFF	TRBV10-3*01	8.5e-05	0.3076535760235879
CASSFVSITGANVLTF	TRBV11-2*01	8.5e-05	0.5733034949928861
CAISPSDRQSYEQYF	TRBV10-3*01	8.5e-05	0.649410362819158
CSARDLVGDSYEQYF	TRBV20-1*01	8.5e-05	0.922666986980834
CASSGTSTDTQYF	TRBV6-4*01	8.5e-05	0.16229846441941814
CASTQGGVQYF	TRBV11-3*01	8.5e-05	0.4322951540325564
CASSLDRGPRYEQYF	TRBV6-6*05	8.5e-05	0.29150591126248554
CASSQDGRISFF	TRBV3-1*01	8.5e-05	0.9283596126412795
CASTRVGGSYNEQFF	TRBV19*01	8.5e-05	0.3149300327110578
CASSGVVVDEQFF	TRBV2*01	8.5e-05	0.6116473236061213
CASSEASGTGAYEQYF	TRBV6-1*01	8.4e-05	0.17556202137884402
CASSYLDGDNQPQHF	TRBV6-2*01	8.4e-05	0.3004278318411139
CASSLDAGTHQPQHF	TRBV5-1*01	8.4e-05	0.6741655701260871
CASSLRQGANSPLHF	TRBV5-1*01	8.4e-05	0.43421591729502307
CASSFGPSYEQYF	TRBV11-3*01	8.4e-05	0.2417917265582484
CSARDDYPETQYF	TRBV20-1*01	8.4e-05	0.9837767071016434
CASSYGGIMNTEAFF	TRBV6-5*01	8.4e-05	0.4032093808385067
CAISGGQGNQPQHF	TRBV10-3*01	8.4e-05	0.2808764566008857
CASSSGTLWSPLHF	TRBV27*01	8.4e-05	0.8827820877977098
CASSEGRNTEAFF	TRBV19*01	8.4e-05	0.07360293432985937
CASSHNYGYTF	TRBV3-1*01	8.4e-05	0.14714429873786045
CASSLLTGDNSPLHF	TRBV27*01	8.4e-05	0.28012237125486894
CASSYASGVNTEAFF	TRBV6-5*01	8.4e-05	0.2660772523889999
CASRGTEHTEAFF	TRBV19*01	8.4e-05	0.6431340080341217
CASSSDTHNEQFF	TRBV6-2*01	8.4e-05	0.29942635077919344
CASSHGTVDGYTF	TRBV11-2*01	8.4e-05	0.8440675195371249
CASSPTGRGYNEQFF	TRBV27*01	8.4e-05	0.4478092405440965
CSASGSYLSYEQYF	TRBV20-1*02	8.4e-05	0.8164223686173101
CASSPDQGTEQYF	TRBV18*01	8.4e-05	0.2775557165988061
CASSPKNIPNYGYTF	TRBV18*01	8.4e-05	0.5438013903921489
CASRTSGGSYNEQFF	TRBV28*01	8.4e-05	0.2159005810367706
CASSLDRGAYGYTF	TRBV7-2*01	8.4e-05	0.14955977633342013
CASSQTQGNTEAFF	TRBV5-1*01	8.4e-05	0.19174061418475846
CATSDRTGSSYNEQFF	TRBV24-1*01	8.4e-05	0.22193779895227075
CASSYDRGATNEKLFF	TRBV19*03	8.4e-05	0.35375585747462873
CATSRDWGQGYEQYF	TRBV15*01	8.4e-05	0.5222935363751179
CASTKSGNSNQPQHF	TRBV19*01	8.4e-05	0.2653928240034134
CASSIGGGDHYEQYF	TRBV11-3*01	8.4e-05	0.3728491718888405
CASSPGTENSPLHF	TRBV18*01	8.4e-05	0.31619193497317166
CASSGGSYEQYF	TRBV18*01	8.4e-05	0.09707712382933481
CASSSRDRGYYNEQFF	TRBV2*01	8.4e-05	0.5608185115537604
CASSLGTDPSGNTIYF	TRBV7-9*01	8.4e-05	0.3345544217392808
CASSLGTGGYGYTF	TRBV7-2*01	8.4e-05	0.0842811635532797
CASRNQENTEAFF	TRBV27*01	8.4e-05	0.24446317338799084
CASSGQNYGYTF	TRBV27*01	8.4e-05	0.15149850379179453
CASRRGGEAFF	TRBV27*01	8.4e-05	0.2273891995398392
CASSPPGSDFFLGYTF	TRBV19*03	8.4e-05	0.8169063292351553
CAWGGEGTRSYEQYF	TRBV30*05	8.4e-05	0.8538968404198026
CASSTRTDGTDTQYF	TRBV6-6*04	8.4e-05	0.47163231056811356
CASSKLAGGLGEQYF	TRBV18*01	8.4e-05	0.628780455416046
CASSSTANYGYTF	TRBV7-8*01	8.4e-05	0.20218628243402637
CSARVGTGAGYTF	TRBV20-1*01	8.4e-05	0.9414831255463012
CASSGDVYEQYF	TRBV19*01	8.4e-05	0.1274962631467926
CASSPWNLGWPNTEAFF	TRBV19*01	8.4e-05	0.9814314457812533
CASSTLNGRGYTF	TRBV2*02	8.4e-05	0.46026619400638363
CASSLASVEQYF	TRBV11-2*01	8.4e-05	0.4016408054879179
CSARGASPLHF	TRBV20-1*01	8.4e-05	0.8903351569907687
CASTPAGGATNEKLFF	TRBV6-6*05	8.4e-05	0.47906105323468956
CASSEAGENTGELFF	TRBV6-4*01	8.4e-05	0.19802403542549676
CASSEALYGDKAFF	TRBV2*01	8.4e-05	0.6935211367792087
CASTSGIATNEKLFF	TRBV19*01	8.4e-05	0.36773620254256184
CSANSGGRSTDTQYF	TRBV20-1*01	8.4e-05	0.8249127263302333
CASRGDSPNEKLFF	TRBV5-1*01	8.4e-05	0.5237782691769926
CSARLGASDQPQHF	TRBV20-1*01	8.4e-05	0.8286265892447753
CASSPGLAGGPIYEQYF	TRBV5-1*01	8.4e-05	0.4164100390036448
CASSPRAFGQPQHF	TRBV3-1*01	8.4e-05	0.5032569677903377
CASSQETGNTIYF	TRBV3-1*01	8.4e-05	0.14714304210952628
CASSPLGGRATGEQYF	TRBV6-6*03	8.4e-05	0.523778679890569
CAWRPGGGSYEQYF	TRBV30*01	8.3e-05	0.5539463147746295
CSASAGTSETGELFF	TRBV20-1*04	8.3e-05	0.8203744984138993
CASSYSRSGPNYEQYF	TRBV6-5*01	8.3e-05	0.380488550353939
CASSLGGMDYGYTF	TRBV7-2*01	8.3e-05	0.2716175739688247
CSARRQGYSNQPQHF	TRBV20-1*02	8.3e-05	0.8895675210322799
CASSQELAEGTDTQYF	TRBV4-3*01	8.3e-05	0.5766425761794588
CATSDPSGTHNEQFF	TRBV24-1*01	8.3e-05	0.7070437578401328
CSARSLFNADGVEAFF	TRBV20-1*05	8.3e-05	0.9816288485075532
CASSLQGADGYTF	TRBV5-1*01	8.3e-05	0.3414518096349588
CASSLERGARGPSGYTF	TRBV5-5*01	8.3e-05	0.786996773121616
CASSYSTAVSTDTQYF	TRBV6-5*01	8.3e-05	0.7885621308917196
CASSKETLGNQPQHF	TRBV19*01	8.3e-05	0.5889588990374853
CASSHSGGKNEKLFF	TRBV4-2*01	8.3e-05	0.18338385683650818
CASSPWDRATDGYTF	TRBV4-1*01	8.3e-05	0.7700630543532051
CSVEIWAGRLYGYTF	TRBV29-1*01	8.3e-05	0.9848280459115877
CASRLGQNTEAFF	TRBV10-1*01	8.3e-05	0.11712037342251444
CATRDFQDGYTF	TRBV11-3*01	8.3e-05	0.8684672697656196
CSGRLSSYEQYF	TRBV20-1*01	8.3e-05	0.6063250658692347
CAITSGAGGGFGSEAFF	TRBV10-3*01	8.3e-05	0.708515926480076
CASSQDGTSGPDTQYF	TRBV4-2*01	8.3e-05	0.47061968954186983
CASNRGGGGTNTEAFF	TRBV6-1*01	8.3e-05	0.24792042716872129
CASSPGRLSNQPQHF	TRBV4-1*01	8.3e-05	0.4130644207454247
CASSLVRGRDEQYF	TRBV11-2*01	8.3e-05	0.42758144091629274
CASSYPGEETQYF	TRBV5-1*01	8.3e-05	0.659274104910523
CASSQDKGAGGNYGYTF	TRBV4-2*01	8.3e-05	0.29753762197200234
CASRSPPGPDSYEQYF	TRBV6-1*01	8.3e-05	0.5771300121317322
CSARDPRTSGTYEQYF	TRBV20-1*01	8.3e-05	0.9045908373184594
CASSYSSGDTGELFF	TRBV6-5*01	8.3e-05	0.2137417252904859
CSARDQSSGSYEQYF	TRBV20-1*01	8.3e-05	0.7949806101458345
CASSISGFNQPQHF	TRBV19*01	8.3e-05	0.2411729552283897
CASSIAGAAYEQYF	TRBV19*01	8.3e-05	0.3547189208110114
CASSYSENTEAFF	TRBV6-5*01	8.3e-05	0.1563540175429773
CSASGQGFSPLHF	TRBV20-1*01	8.3e-05	0.8551075827962686
CASSPGGTEAFF	TRBV6-6*03	8.3e-05	0.11780863931734903
CASSELGERSSSYEQYF	TRBV25-1*01	8.3e-05	0.249577786359664
CASSPSGQVSNQPQHF	TRBV18*01	8.3e-05	0.34060584528603544
CASIWTSATNEKLFF	TRBV6-5*01	8.3e-05	0.8118196784721464
CASRSLAGESYEQYF	TRBV7-2*01	8.3e-05	0.24535931573331438
CAWSVKGRSTEAFF	TRBV30*01	8.3e-05	0.7172857214171985
CATSERPGLDTQYF	TRBV24-1*01	8.3e-05	0.7598267776884562
CASSLDWLGGGYTF	TRBV5-1*01	8.3e-05	0.709595751414803
CASMASINEQFF	TRBV5-1*01	8.3e-05	0.8081326735830522
CSGTGGLYGYTF	TRBV20-1*01	8.3e-05	0.5117643812727756
CASSPLGEQFF	TRBV11-1*01	8.3e-05	0.40602599044129545
CATSELRTGGIDGELFF	TRBV24-1*01	8.3e-05	0.7619031359328939
CASSLVGRGVHEQYF	TRBV11-2*01	8.3e-05	0.5527255811776052
CASSPNQGEYYEQYF	TRBV11-3*02	8.3e-05	0.31385368684342296
CASSLAFQGDEKLFF	TRBV5-1*01	8.3e-05	0.43365228260549754
CASSSSGTGGQPQHF	TRBV5-1*01	8.3e-05	0.10007993318245213
CAITPRGGPYGYTF	TRBV10-3*01	8.3e-05	0.7666820541629553
CASSSSGSIYGYTF	TRBV19*01	8.3e-05	0.1953648370557409
CASSFDRALQEQYF	TRBV18*01	8.3e-05	0.622098105741985
CASSDWDIGEQYF	TRBV14*02	8.3e-05	0.4942768219869922
CSDRREEYSPLHF	TRBV20-1*01	8.3e-05	0.9548157907456202
CASSPRTGGSSYNSPLHF	TRBV11-2*01	8.3e-05	0.27742866258889076
CASSYSLRGFYEQYF	TRBV6-5*01	8.3e-05	0.6583948452147818
CASSPGAGVGQPQHF	TRBV11-2*01	8.3e-05	0.23256642808336617
CASSSRAYYNEQFF	TRBV2*01	8.3e-05	0.5445151662648025
CAWAGGRVTEAFF	TRBV30*05	8.3e-05	0.5305440206506197
CASSQETGNEAFF	TRBV4-2*01	8.3e-05	0.22717115111291514
CAIRGTGKEQFF	TRBV10-3*01	8.3e-05	0.8197895579900293
CASSSRSSESYTGELFF	TRBV9*01	8.3e-05	0.3016755572121361
CASTPGLGFYNEQFF	TRBV19*01	8.3e-05	0.7171233642115196
CASSLTGPFYEQYF	TRBV5-1*01	8.3e-05	0.5380934110562757
CASSSTGYEQYF	TRBV5-1*01	8.3e-05	0.09365258141671477
CASSIDFASYEQYF	TRBV19*01	8.3e-05	0.3697140192710353
CASQRGSNTGELFF	TRBV27*01	8.3e-05	0.3035019468538908
CASSLHPTGGELFF	TRBV7-3*01	8.3e-05	0.6241272927358105
CASSLSVDRTYEQYF	TRBV7-9*01	8.3e-05	0.4119226219650642
CSARDFGRGGNTGELFF	TRBV20-1*01	8.2e-05	0.9055951716709737
CASSLIPGTEAFF	TRBV28*01	8.2e-05	0.36709092694557927
CASSQDSQPLLGYTF	TRBV4-1*01	8.2e-05	0.831739679837756
CASSQAGENTGELFF	TRBV6-1*01	8.2e-05	0.3131709033932075
CASSQVGKGSPLHF	TRBV3-1*01	8.2e-05	0.6264289167312969
CASSQASTRYEQYF	TRBV3-1*01	8.2e-05	0.5718724063887097
CASSFQGNTEAFF	TRBV19*03	8.2e-05	0.09439200819309689
CASSPGPTANEQFF	TRBV27*01	8.2e-05	0.5925599274831906
CASSLRDNYYEQYF	TRBV14*01	8.2e-05	0.5993496038065307
CASSRQLDSYEQYF	TRBV14*01	8.2e-05	0.4820318702481811
CSAVTSGSAYEQYF	TRBV20-1*04	8.2e-05	0.7945184627884166
CAWSVGWGGQETQYF	TRBV30*01	8.2e-05	0.861786241417445
CASSLKTSGAYEQYF	TRBV7-2*01	8.2e-05	0.3992223505992792
CSARDLVIKNTEAFF	TRBV20-1*01	8.2e-05	0.9604421756873965
CASSLGQGSYEQYF	TRBV27*01	8.2e-05	0.13571935539825317
CASRLPSAATYNEQFF	TRBV28*01	8.2e-05	0.6588297684525235
CSARGVGRSLNQPQHF	TRBV20-1*01	8.2e-05	0.9546773040377222
CASSYYGQFNQPQHF	TRBV6-2*01	8.2e-05	0.5640537485692422
CASSKDREGSYEQYF	TRBV7-9*01	8.2e-05	0.22625837961254724
CASSLDGGKAEAFF	TRBV7-2*01	8.2e-05	0.8029150354746795
CSVEGGGLGSPLHF	TRBV20-1*01	8.2e-05	0.7195692849711357
CASSEGDNQPQHF	TRBV6-1*01	8.2e-05	0.09062506098713903
CASSYNTDTQYF	TRBV6-5*01	8.2e-05	0.21760392601809764
CASSWGSEAFF	TRBV27*01	8.2e-05	0.17672574312070374
CATSGGIASGSYEQYF	TRBV15*02	8.2e-05	0.5530091184768746
CSARDPRLATNEKLFF	TRBV20-1*01	8.2e-05	0.9143893727970304
CASSYGGDVSYEQYF	TRBV6-5*01	8.2e-05	0.4137079709866506
CASSPWERGSGEQYF	TRBV3-1*01	8.2e-05	0.840051338016727
CAWGLQADQETQYF	TRBV30*01	8.2e-05	0.8130685515661802
CASSPPLGAYEQYF	TRBV18*01	8.2e-05	0.5355521281248252
CASSFPTRRWEQYF	TRBV28*01	8.2e-05	0.9572367725880955
CASSLPTGDKGAFF	TRBV28*01	8.2e-05	0.8655806931089276
CASRGGAANTEAFF	TRBV28*01	8.2e-05	0.15713705872324854
CASSTGPGNTIYF	TRBV19*01	8.2e-05	0.20783042630439097
CASRSGNTGELFF	TRBV6-6*03	8.2e-05	0.1583432229986457
CASSQGTGFGYTF	TRBV4-1*01	8.2e-05	0.5025627314145282
CSATRDRVKPQHF	TRBV20-1*02	8.2e-05	0.9828052581750686
CSASISSGDGYTF	TRBV20-1*02	8.2e-05	0.8057694282840846
CASSSQGSEQYF	TRBV6-5*01	8.2e-05	0.17645654876913608
CASSQDYGSGANVLTF	TRBV4-3*01	8.2e-05	0.18940912729881132
CASSSQGNSNQPQHF	TRBV3-1*01	8.2e-05	0.2654555793883603
CASSADRGSGNTIYF	TRBV7-2*01	8.2e-05	0.1887627763674725
CASRQGAVQPQHF	TRBV19*01	8.2e-05	0.33958159042543706
CAISGEGNTIYF	TRBV10-3*01	8.2e-05	0.4418304789858469
CASLGNNSPLHF	TRBV28*01	8.2e-05	0.3280236458269042
CASSLGYNEQFF	TRBV7-2*01	8.2e-05	0.13995518130589432
CATSRDPPGGTSWRIGYNEQFF	TRBV15*01	8.2e-05	0.9856147100485072
CASSRDRPTSSYNSPLHF	TRBV3-1*01	8.2e-05	0.5778676125669319
CASSVTSTGLADSYEQYF	TRBV9*01	8.2e-05	0.37015535277020384
CASSLEPGRSTDTQYF	TRBV7-2*01	8.2e-05	0.5949896661078197
CASSGAGTLTYEQYF	TRBV2*01	8.2e-05	0.46780977139848456
CASSTDRVAGEQYF	TRBV19*01	8.2e-05	0.5181602675238778
CASSLSRWDYEQYF	TRBV7-2*01	8.2e-05	0.48377821889811573
CASRKVGVNEKLFF	TRBV2*01	8.2e-05	0.3874748855552529
CASSLARPYEQYF	TRBV11-2*01	8.2e-05	0.269595655221126
CASSPDSNYGYTF	TRBV11-3*01	8.2e-05	0.13036715084992184
CASTVGVEYISPLHF	TRBV28*01	8.2e-05	0.9571633107760069
CASSPGGRPSGEQYF	TRBV7-8*03	8.2e-05	0.6437004476987902
CSAPGESFSSYEQYF	TRBV20-1*01	8.2e-05	0.9551851853705484
CSAPPQRGTLYEQYF	TRBV20-1*01	8.2e-05	0.9608037534381841
CASSVGQSTDTQYF	TRBV7-9*01	8.2e-05	0.20615320339093743
CASSSPIGGYVIDRTYEQYF	TRBV28*01	8.2e-05	0.9044771917017567
CASSLDRRTGGAYGYTF	TRBV11-2*01	8.2e-05	0.321762898209648
CASSIGTGYSNQPQHF	TRBV19*01	8.2e-05	0.21723436564858228
CASSIGGSNTEAFF	TRBV19*01	8.2e-05	0.24939758752591998
CASSGEGGIGEQFF	TRBV2*01	8.2e-05	0.5067688226292322
CASRPGSGYDEQFF	TRBV9*01	8.2e-05	0.31995764601076776
CSAGVRGRGTEAFF	TRBV20-1*01	8.2e-05	0.9145294895203544
CASSFPFRSGTEAFF	TRBV6-2*01	8.2e-05	0.8994508323199264
CSARDLLGRVTEAFF	TRBV20-1*01	8.2e-05	0.9844764122170606
CASSEPLQSTEAFF	TRBV6-1*01	8.2e-05	0.49554789657156034
CASSVQGDQPQHF	TRBV9*01	8.2e-05	0.08729761832618851
CATSRVGGSNSNQPQHF	TRBV15*01	8.2e-05	0.36635030441569943
CASSYSWGKTYEQYF	TRBV6-5*01	8.2e-05	0.6857164612824651
CASSGGREGPYEQYF	TRBV9*01	8.2e-05	0.32247903408439327
CASSLSPSSYEQYF	TRBV7-3*01	8.2e-05	0.2676366927382252
CSPAQGYNEQFF	TRBV20-1*01	8.2e-05	0.8510019538430265
CASSQRGPGTGGAEQYF	TRBV4-3*01	8.2e-05	0.5102300521563653
CASKPGDGGELFF	TRBV6-4*01	8.1e-05	0.5307774899734911
CASSGARDESSYEQYF	TRBV2*01	8.1e-05	0.3443351581717703
CASSYSRWAGSEAFF	TRBV6-5*01	8.1e-05	0.9065741142783653
CASGHRGKNTIYF	TRBV6-1*01	8.1e-05	0.6720903188078227
CGSMGANYGYTF	TRBV28*01	8.1e-05	0.8012353010352466
CASSLVNEQFF	TRBV28*01	8.1e-05	0.22191392100540258
CASSPASRGSYEQYF	TRBV18*01	8.1e-05	0.5500834167971633
CASSGEEGSNEKLFF	TRBV6-1*01	8.1e-05	0.3012164799595346
CASSPSGTYEQYF	TRBV4-2*01	8.1e-05	0.2263145233256874
CASKRGQINQPQHF	TRBV28*01	8.1e-05	0.35929530340668847
CASSPDRGYEQYF	TRBV18*01	8.1e-05	0.1228291462692367
CASSQGRAYEQYF	TRBV4-3*01	8.1e-05	0.3223364379440191
CAIKGDSYEQYF	TRBV10-3*01	8.1e-05	0.6623652350237448
CASSPGTDSSYEQYF	TRBV18*01	8.1e-05	0.21940301417198108
CASSQDAGSGDEQFF	TRBV4-1*01	8.1e-05	0.35531365706977686
CATRWVGPNEKLFF	TRBV2*01	8.1e-05	0.914332786023282
CSARGGYSSYEQYF	TRBV20-1*01	8.1e-05	0.8631756404659845
CASSGVRDQPQHF	TRBV6-1*01	8.1e-05	0.2513524925954881
CASIGTDYGYTF	TRBV6-2*01	8.1e-05	0.31457061357725363
CASSIGGIQSTLLEAFF	TRBV7-8*01	8.1e-05	0.9587503648112261
CASSLGTGDEKLFF	TRBV28*01	8.1e-05	0.23973644623038814
CSARDLRGYDEQYF	TRBV20-1*01	8.1e-05	0.9001763331079833
CSARPPVNTEAFF	TRBV20-1*01	8.1e-05	0.9443438182144328
CASSVGGSPLHF	TRBV27*01	8.1e-05	0.20871071973530417
CASRETSSHNQPQHF	TRBV2*01	8.1e-05	0.36157719797532434
CASRGYNEQFF	TRBV15*02	8.1e-05	0.18178111588763415
CASSQGPQARATGELFF	TRBV4-2*01	8.1e-05	0.7220060717035182
CASRPPGQGSNQPQHF	TRBV19*01	8.1e-05	0.404608353265134
CATTDGLANTGELFF	TRBV27*01	8.1e-05	0.5651257690052647
CASSNGVQGAYEQYF	TRBV11-3*01	8.1e-05	0.38808650051268045
CASKRGEGDTGELFF	TRBV6-4*01	8.1e-05	0.38125696712352153
CSASSGRGAGQPQHF	TRBV20-1*01	8.1e-05	0.5027327488943287
CASSYPRQLAEAFF	TRBV6-2*01	8.1e-05	0.8025649876854279
CASSYGQGDQPQHF	TRBV2*02	8.1e-05	0.17907798577987125
CAWGRQNYEQYF	TRBV30*05	8.1e-05	0.6639581920348009
CSARQGVHEQYF	TRBV20-1*01	8.1e-05	0.9514013807689349
CAISDLVGQYF	TRBV10-3*01	8.1e-05	0.8876537947620688
CATTSGGGRNSPLHF	TRBV10-3*01	8.1e-05	0.45837634624152634
CASSERDIRGYEQYF	TRBV6-1*01	8.1e-05	0.630897030412296
CASSPKGQFTEAFF	TRBV7-8*03	8.1e-05	0.5821876636065133
CASSQTGGYNEQFF	TRBV4-3*01	8.1e-05	0.20841204098053806
CASSESGLNEQFF	TRBV10-2*01	8.1e-05	0.2540361328859996
CATSRGYYEQYF	TRBV15*01	8.1e-05	0.2392742182667292
CASSFVNTEAFF	TRBV27*01	8.1e-05	0.12879584392585183
CASSPGGEQYF	TRBV11-2*01	8.1e-05	0.208581441855317
CATSVTGTSGDNEQFF	TRBV24-1*01	8.1e-05	0.6795814395526367
CASSLISGGGTDTQYF	TRBV28*01	8.1e-05	0.4003275774110169
CASSSGTGGTMDEQYF	TRBV7-9*04	8.1e-05	0.7993845152830819
CASSLWASGGADTQYF	TRBV5-1*01	8.1e-05	0.704973370011221
CAISESVSSSYEQYF	TRBV10-3*01	8.1e-05	0.36246931755344697
CASGDAGGFNQPQHF	TRBV6-2*01	8.1e-05	0.45974847864053703
CASSPVGDYTDTQYF	TRBV3-1*01	8.1e-05	0.32795081121939923
CAWRDRGFDEKLFF	TRBV30*01	8.1e-05	0.9174104948143152
CAISEALNQPQHF	TRBV10-3*01	8.1e-05	0.4563105368491174
CSARESENSGNTIYF	TRBV20-1*01	8.1e-05	0.8214976288712318
CASSSGQVQYEQYF	TRBV11-2*01	8.1e-05	0.3508142362111151
CASSPGVFTEAFF	TRBV11-2*01	8.1e-05	0.26193384655365215
CASSGGWDYGYTF	TRBV9*01	8.1e-05	0.2508846235331658
CASSYSGRGDEQYF	TRBV6-5*01	8.1e-05	0.3574791866769294
CSVLGHEQYF	TRBV29-1*01	8.1e-05	0.7476045955062354
CASSLFVAGGPLNEQFF	TRBV28*01	8.1e-05	0.8212052331981287
CASSYRGRDYGYTF	TRBV7-8*01	8.1e-05	0.3456886409338651
CASSAGEVTYEQYF	TRBV9*03	8.1e-05	0.41644959722135255
CSARAGGQPQHF	TRBV20-1*01	8.1e-05	0.6906420984108617
CASSVGDPGLAGEQYF	TRBV9*01	8.1e-05	0.733681086087586
CASSSGTGEQYF	TRBV2*01	8e-05	0.1655981209940816
CASRGTSYEQYF	TRBV6-1*01	8e-05	0.17993467231000904
CASSQSGPGHLYEQYF	TRBV16*01	8e-05	0.6000593118426737
CASSYNSARGYEQYF	TRBV7-9*01	8e-05	0.35689667683859094
CASSVGVGSGNTIYF	TRBV9*01	8e-05	0.16064839139918322
CASSPDSYNSPLHF	TRBV18*01	8e-05	0.39598162758337746
CAWSQNSPLHF	TRBV30*01	8e-05	0.35454168947025555
CAWRSLGGIRSSYNEQFF	TRBV30*01	8e-05	0.9296247604728397
CASSPRDSSGTEAFF	TRBV18*01	8e-05	0.36896468108576286
CASSEAPGGEDGYTF	TRBV6-1*01	8e-05	0.45104302334015167
CASSMDGNQPQHF	TRBV5-1*01	8e-05	0.2307220843589948
CSARVTLDQPQHF	TRBV20-1*01	8e-05	0.9800763239411228
CASSSSNYGYTF	TRBV11-1*01	8e-05	0.06889875169804285
CASSRGGRFSGNTIYF	TRBV6-6*04	8e-05	0.5661496367883926
CASSISRAQGGYTF	TRBV19*01	8e-05	0.45722882590819935
CASSPNRGIYGYTF	TRBV14*01	8e-05	0.45136075997453395
CSARGLGFSYEQYF	TRBV20-1*01	8e-05	0.8816917226656414
CSARATLGGYTF	TRBV20-1*01	8e-05	0.9855283505154058
CASSFTGQGHQPQHF	TRBV28*01	8e-05	0.41889436485659837
CASSYDRVRNTEAFF	TRBV6-5*01	8e-05	0.4300238153199061
CASSYTGGGGNTIYF	TRBV6-6*05	8e-05	0.17452139879520592
CASSVEAGGPYEQYF	TRBV9*01	8e-05	0.2075810870582659
CSARDLGQGAYEQYF	TRBV20-1*01	8e-05	0.8388770780619865
CSAFPRDRSYEQYF	TRBV20-1*01	8e-05	0.985657860960897
CASSHGTAYEQYF	TRBV4-3*01	8e-05	0.4054745702218456
CASNWFGTGAFAEAFF	TRBV19*03	8e-05	0.8981280850232934
CASSYSSGTGAYGYTF	TRBV6-5*01	8e-05	0.1847851982717869
CASSYRLAGGQYEQFF	TRBV13*01	8e-05	0.388947719709115
CASSRNPGLGGGELFF	TRBV11-3*01	8e-05	0.8675881206073112
CASSLRELSGNTIYF	TRBV19*01	8e-05	0.4616037356616838
CASSTGVEHQPQHF	TRBV19*01	8e-05	0.37301845855928706
CASSPMPNQETQYF	TRBV18*01	8e-05	0.674889583681871
CASSLRAGEETQYF	TRBV27*01	8e-05	0.3966207913115159
CASSYFGQYNEQFF	TRBV6-5*01	8e-05	0.3644562302644592
CASTPETGSPLHF	TRBV11-2*01	8e-05	0.7496829221012234
CASSSPTGPVWWTEAFF	TRBV28*01	8e-05	0.8632479905719691
CASSQPSQGGKNQPQHF	TRBV4-1*01	8e-05	0.29301700091814353
CASSEGTPNSGNTIYF	TRBV2*01	8e-05	0.3905088207820179
CASSYSGASTDTQYF	TRBV6-2*01	8e-05	0.2575033345151287
CASSETPAVNTEAFF	TRBV6-1*01	8e-05	0.6820500204926966
CASSIGLGNTEAFF	TRBV19*01	8e-05	0.20892478372122703
CASKRGAGGYGYTF	TRBV19*01	8e-05	0.2324242470060203
CASSRTGSYGYTF	TRBV19*01	8e-05	0.127583890726246
CASSIIQGGELFF	TRBV19*01	8e-05	0.3481042267051287
CASSQTFEAFF	TRBV7-2*01	8e-05	0.5806397491429471
CASSLGYEQYF	TRBV5-1*01	8e-05	0.08341791005071272
CASSPVMRQGVGELFF	TRBV28*01	8e-05	0.8587055093147475
CASSSPRHRMRQPQHF	TRBV5-8*01	8e-05	0.8611249858939212
CASSLGPGSSYEQYF	TRBV11-2*01	8e-05	0.17547618024443223
CSARDGTGGKDEQYF	TRBV20-1*01	8e-05	0.9257484742343083
CASSYFGQPLEQYF	TRBV6-5*01	8e-05	0.8796316564077986
CASSQDWMNTEAFF	TRBV7-8*03	8e-05	0.5732304869228108
CASSPPRGPQHF	TRBV28*01	8e-05	0.4544233708075446
CASSLVSGTQSPYEQYF	TRBV5-1*01	8e-05	0.5797526163474505
CASSQEKEQGFLGYTF	TRBV4-1*01	8e-05	0.9099455016064721
CASRRLAGDSYEQYF	TRBV19*01	8e-05	0.30839943166150047
CASSESTPSVYEQYF	TRBV25-1*01	8e-05	0.3672629114969408
CASSPGTGESAQYF	TRBV18*01	8e-05	0.7222139844281935
CASSHPGGGYEQYF	TRBV4-1*01	8e-05	0.16615243028483556
CASLGAAPLGYTF	TRBV27*01	8e-05	0.880405541827828
CASALSRNTEAFF	TRBV27*01	8e-05	0.2131389856243094
CASSDSTASGYTF	TRBV6-4*01	8e-05	0.3612414064166157
CASRTDRFYGYTF	TRBV28*01	8e-05	0.5150359558775253
CATMDRGRELGYTF	TRBV15*02	8e-05	0.9387011134646948
CASSIGKVDEQFF	TRBV19*01	8e-05	0.6602701773381914
CASSAYNEQFF	TRBV6-2*01	8e-05	0.13301531753896173
CASSSRGVGQGMTGNTIYF	TRBV11-3*01	8e-05	0.3959157727250919
CASSLSGTGAYEQYF	TRBV7-3*01	8e-05	0.18845162148392097
CASSLGGLLGPYNSPLHF	TRBV13*01	8e-05	0.708937683412094
CASSQEDRGLSGNTIYF	TRBV4-2*01	8e-05	0.5340395125084912
CASSVGTGATYEQYF	TRBV9*01	8e-05	0.2214309932238195
CATNVPAAGGLQPQHF	TRBV28*01	8e-05	0.8074382940825183
CASSLLSPAEKLFF	TRBV28*01	8e-05	0.5346330408878212
CASSYGTYTEAFF	TRBV7-3*01	7.9e-05	0.2542793497828079
CATSDSGRLQQETQYF	TRBV24-1*01	7.9e-05	0.7681308986826454
CASSPAGQSYEQYF	TRBV4-1*01	7.9e-05	0.2179443140747999
CASSRGGGDGYTF	TRBV7-3*01	7.9e-05	0.2889773703425414
CASSPPGTSGGGDNYEQYF	TRBV27*01	7.9e-05	0.4860416346607477
CASSESGLAGDYGELFF	TRBV6-4*01	7.9e-05	0.34681722366024115
CVSSLQGAGNQPQHF	TRBV27*01	7.9e-05	0.10383565151594752
CASSVDTGSGNTIYF	TRBV9*01	7.9e-05	0.23380666908352907
CASKSGTVGYEQYF	TRBV2*01	7.9e-05	0.47232662935787684
CASSQTGGAEKLFF	TRBV5-1*01	7.9e-05	0.204193940374515
CASRGWRDRSYYSNQPQHF	TRBV6-1*01	7.9e-05	0.8289432370686569
CASRGTGEGEQYF	TRBV6-1*01	7.9e-05	0.3011351637445614
CASSHPRQGGDYGYTF	TRBV4-1*01	7.9e-05	0.6656614805887253
CSARDYQDRVSYGYTF	TRBV20-1*01	7.9e-05	0.9759129270718526
CASSIGGRAISEAFF	TRBV19*01	7.9e-05	0.8303289468129345
CASSYGQGGNTEAFF	TRBV6-2*01	7.9e-05	0.15155196151562939
CAIDGYNEQFF	TRBV28*01	7.9e-05	0.6162910730435643
CASSYLPPGQGRVDQPQHF	TRBV6-5*01	7.9e-05	0.952587696380787
CASSFNPGTGGGEQYF	TRBV6-1*01	7.9e-05	0.7457066124879483
CASSLGVGSSYNEQFF	TRBV7-8*01	7.9e-05	0.19675424346008757
CASSYSGGGNTEAFF	TRBV6-2*01	7.9e-05	0.12680948541391548
CASSLSWGSSEQYF	TRBV6-6*05	7.9e-05	0.4839819516564497
CASSGQGFNEKLFF	TRBV5-1*01	7.9e-05	0.3125338776946754
CASRPSGGGQSYEQYF	TRBV3-1*01	7.9e-05	0.34407661749168245
CASTDGTDPLGEQYF	TRBV9*01	7.9e-05	0.9053660625694435
CASSLPASLQETQYF	TRBV28*01	7.9e-05	0.7989161108610305
CASSVDIIGAREQYF	TRBV9*01	7.9e-05	0.8807846363030425
CSAWASGSTGELFF	TRBV20-1*04	7.9e-05	0.942166594844923
CAISAGDEQPQHF	TRBV10-3*01	7.9e-05	0.24949108007636298
CASSLSTNEKLFF	TRBV11-2*01	7.9e-05	0.19488357188150374
CASRTSNEKLFF	TRBV2*02	7.9e-05	0.1846221087758945
CASSILGGGAHNEQFF	TRBV19*01	7.9e-05	0.40935358959932505
CASSSGTGLYTEAFF	TRBV27*01	7.9e-05	0.35915217721301906
CASSGVAGDYNEQFF	TRBV6-1*01	7.9e-05	0.2097170138370393
CASSIRGGENYEQYF	TRBV11-3*01	7.9e-05	0.3566585339562041
CASSPRQGSYGYTF	TRBV3-1*01	7.9e-05	0.17095590679789274
CASSVGDRATEAFF	TRBV9*01	7.9e-05	0.36433245375964307
CSASSGQGGYEQYF	TRBV20-1*04	7.9e-05	0.5188289758967377
CAWSFRMNTEAFF	TRBV30*01	7.9e-05	0.5334908322481999
CASSQDPGNTIYF	TRBV4-1*01	7.9e-05	0.3327876575243185
CSASTHLGNTIYF	TRBV20-1*02	7.9e-05	0.9252668615605577
CSAKTSGRAVQYF	TRBV20-1*04	7.9e-05	0.988521819871566
CSARTVNSGYTF	TRBV29-1*01	7.9e-05	0.944573913602689
CATSGPDRGRGRDYTF	TRBV15*02	7.9e-05	0.7123496063923053
CASSRDRLPNQPQHF	TRBV18*01	7.9e-05	0.7400958561082154
CASSLRGPRDLEQYF	TRBV5-8*01	7.9e-05	0.9028471985883123
CASSFSGGGSYEQYF	TRBV5-1*01	7.9e-05	0.20994941405071543
CAGAQGVAYEQYF	TRBV28*01	7.9e-05	0.7378184709067855
CASDRLNTGELFF	TRBV2*01	7.9e-05	0.2957928042125215
CASKGSHNQPQHF	TRBV2*01	7.9e-05	0.17151496044914305
CASSEDTGELFF	TRBV6-4*01	7.9e-05	0.1108798728721477
CASSHDRGGSSYNEQFF	TRBV5-1*01	7.9e-05	0.28813351821841793
CASSSQPGLRRGEAFF	TRBV7-3*01	7.9e-05	0.9180699016172863
CASAGQGNYEQYF	TRBV6-6*05	7.9e-05	0.30980312357633916
CASSGKDNSPLHF	TRBV6-1*01	7.9e-05	0.18820381538996128
CASSLTGTYGYTF	TRBV7-6*01	7.9e-05	0.1159800037552879
CASRDKSSYEQYF	TRBV10-2*01	7.9e-05	0.35815036663793237
CAIAEFGYEQYF	TRBV10-3*01	7.9e-05	0.7080495912432883
CASSPDGAGSVGYTF	TRBV18*01	7.9e-05	0.6100473216727313
CASSLGVQGAYEQYF	TRBV11-3*01	7.9e-05	0.25575516736543313
CASSSLGTENSPLHF	TRBV3-1*01	7.9e-05	0.409640320845312
CASRGAPANEKLFF	TRBV19*01	7.9e-05	0.546199415412935
CSARETELNTEAFF	TRBV20-1*01	7.9e-05	0.9347789636192961
CARTGFWPQHF	TRBV6-4*01	7.9e-05	0.8674791554632396
CATSRDSGGNEKLFF	TRBV15*01	7.9e-05	0.2631712482424719
CASSIGRGERTEAFF	TRBV19*01	7.9e-05	0.49637468179380456
CASSFGGSSYNEQFF	TRBV5-1*01	7.9e-05	0.20107278186273167
CATSDSSLSSGIPEQYF	TRBV24-1*01	7.9e-05	0.8275259497407722
CATSDLRGVNEQFF	TRBV24-1*01	7.9e-05	0.7018950825698944
CASSGTQEPGEAFF	TRBV7-9*04	7.9e-05	0.8825248450724937
CASSHRGGRRAYEQYF	TRBV14*01	7.9e-05	0.4899268147308953
CASSHLGQGGGQPQHF	TRBV4-1*01	7.9e-05	0.31196299519423853
CASSETANYEQYF	TRBV6-4*01	7.9e-05	0.2432118158278345
CAISAFEGQHSYEQYF	TRBV10-3*01	7.8e-05	0.8061872800753775
CASSELAGSYNEQFF	TRBV6-1*01	7.8e-05	0.1561154509410207
CASSFEGSSYNSPLHF	TRBV28*01	7.8e-05	0.29903916770624983
CASSSLLALTGELFF	TRBV28*01	7.8e-05	0.3712292000169748
CASRDRGGESNQPQHF	TRBV10-3*01	7.8e-05	0.3219848743221293
CASSDSGGGDEQFF	TRBV6-4*01	7.8e-05	0.2687355920704428
CATRMGISYEQYF	TRBV15*02	7.8e-05	0.7209828441424316
CASSEAAGGNQPQHF	TRBV6-1*01	7.8e-05	0.12738990839152206
CASSQDTEDSPLHF	TRBV4-1*01	7.8e-05	0.48952320105622965
CAAAYREHYEQYF	TRBV6-6*05	7.8e-05	0.7362271524978247
CASSIPVSYEQYF	TRBV28*01	7.8e-05	0.3117621444245653
CASSPGQTNFGYGYTF	TRBV5-1*01	7.8e-05	0.6073173375764801
CASSQGTGTANTEAFF	TRBV4-1*01	7.8e-05	0.17388883496032553
CAISDGQGFYYGYTF	TRBV10-3*01	7.8e-05	0.6122131532123458
CASSIGGWPNEKLFF	TRBV19*01	7.8e-05	0.7162238306869632
CASSIGGSGANVLTF	TRBV19*01	7.8e-05	0.1283677985932084
CASSPGTGGSYGYTF	TRBV18*01	7.8e-05	0.15714560058517466
CASSENPTGNYGYTF	TRBV6-4*01	7.8e-05	0.4125152154034895
CASTDELQQNQPQHF	TRBV4-1*01	7.8e-05	0.5189540785620411
CASRDSGFNSPLHF	TRBV11-3*01	7.8e-05	0.48846479703519124
CSARDPGLAYEQYF	TRBV20-1*01	7.8e-05	0.8910506015132227
CASSPLYEQYF	TRBV6-2*01	7.8e-05	0.151182457764937
CAWISPPGQGASGELFF	TRBV30*01	7.8e-05	0.9551988286153248
CAIRSTLGTQAGELFF	TRBV10-3*01	7.8e-05	0.9001766116200517
CASSLGLAAYNEQFF	TRBV27*01	7.8e-05	0.2741534872616291
CSASEGTPVQPQHF	TRBV20-1*02	7.8e-05	0.9251316449171213
CSVGTPSQPQHF	TRBV29-1*01	7.8e-05	0.8688799423097113
CASSDSPGSYNEQFF	TRBV6-4*01	7.8e-05	0.26423991018747756
CASSESSGGQETQYF	TRBV6-1*01	7.8e-05	0.27457566553196266
CASRAGTGNTGELFF	TRBV28*01	7.8e-05	0.2176713963891515
CASSQVPRQGEKYF	TRBV3-1*01	7.8e-05	0.8963117911261791
CAWGRAGGTEAFF	TRBV30*05	7.8e-05	0.5731183658613496
CASSLIINTEAFF	TRBV5-1*01	7.8e-05	0.2939979624519347
CASTDRPNTIYF	TRBV7-8*03	7.8e-05	0.49644981703023466
CASSLPGNTIYF	TRBV28*01	7.8e-05	0.14953280438185837
CASSGRVDEQYF	TRBV11-3*02	7.8e-05	0.29709462230359684
CASSEVGSGGVTDTQYF	TRBV6-1*01	7.8e-05	0.2795572384350224
CATSRTRTDPYEQYF	TRBV15*01	7.8e-05	0.6878974216504181
CASSLVAGGGETQYF	TRBV5-1*01	7.8e-05	0.4156140924011066
CASSADRGGEKLFF	TRBV2*01	7.8e-05	0.260599812400142
CASSLTTNGNTIYF	TRBV5-1*01	7.8e-05	0.3927311213713779
CAWETGLTGELFF	TRBV30*05	7.8e-05	0.6873527997004178
CASSLSENTEAFF	TRBV7-9*01	7.8e-05	0.10230801423506429
CSAREPGLGGYTF	TRBV20-1*01	7.8e-05	0.942522493729095
CATRGTGELFF	TRBV24-1*01	7.8e-05	0.2726888780332402
CASNLAGELFF	TRBV11-3*01	7.8e-05	0.2917565725733589
CATSDIGGISEQFF	TRBV24-1*01	7.8e-05	0.8203004252709485
CASIKAGDGNEQFF	TRBV27*01	7.8e-05	0.8147499117728298
CASSRDGNTGELFF	TRBV6-2*01	7.8e-05	0.24583091462169615
CAINSGDGGYTF	TRBV10-3*01	7.8e-05	0.5112603412191743
CASSHGDANYYGYTF	TRBV4-1*01	7.8e-05	0.40887634065654027
CAWKPGPGSYGYTF	TRBV30*01	7.8e-05	0.804349416536626
CSARPGLSYEQYF	TRBV20-1*01	7.8e-05	0.9281720547880591
CASSLVNPSYNEQFF	TRBV5-1*01	7.8e-05	0.7299268528047587
CASRILGQDQETQYF	TRBV5-1*01	7.8e-05	0.6756064269829866
CASSYTASGELFF	TRBV6-2*01	7.8e-05	0.5167753071858385
CASSRDRGPLGTEAFF	TRBV19*01	7.8e-05	0.8198119761395394
CASSLNRGNSNQPQHF	TRBV3-1*01	7.7e-05	0.2724138106483978
CASSGAYEQYF	TRBV19*03	7.7e-05	0.09799663779682924
CASSRRQGSTDTQYF	TRBV11-3*01	7.7e-05	0.2853743508410531
CASKAPGQTYNEQFF	TRBV2*01	7.7e-05	0.8624954727107517
CASSPLLRGAGNTIYF	TRBV3-1*01	7.7e-05	0.7163099446373169
CASSEGVASNQPQHF	TRBV6-1*01	7.7e-05	0.20072979330015825
CASSQTSGGSYEQYF	TRBV3-1*01	7.7e-05	0.15553737490379865
CASAGQITTGELFF	TRBV28*01	7.7e-05	0.7697425642796883
CASSTWESYNEQFF	TRBV28*01	7.7e-05	0.528310014094189
CASRGGGLSQPQHF	TRBV6-2*01	7.7e-05	0.4100940218295018
CAISGSPSYGYTF	TRBV10-3*01	7.7e-05	0.6315554703975016
CASSQASTAEQYF	TRBV14*01	7.7e-05	0.7325389821506922
CASSLVISGSQGGELFF	TRBV7-2*04	7.7e-05	0.7796660312126603
CSARDQSYLRPYEQYF	TRBV20-1*01	7.7e-05	0.9951920752448474
CAWRWSYRGSYEQYF	TRBV30*01	7.7e-05	0.9241850478604146
CASRKDNRPPYEQYF	TRBV19*01	7.7e-05	0.6631550137282479
CASSLAEGRIQPQHF	TRBV7-8*01	7.7e-05	0.5928921043888792
CAWSSGITAGELFF	TRBV30*01	7.7e-05	0.6581964795282511
CASSLVRANTEAFF	TRBV5-1*01	7.7e-05	0.2875868023787265
CASSYGGADGYTF	TRBV6-5*01	7.7e-05	0.5332149781077288
CASSLTSGTGGIYGYTF	TRBV11-3*01	7.7e-05	0.2255903803958194
CASSATGTEYGYTF	TRBV9*03	7.7e-05	0.15528454717166507
CASRRVGGLDEQYF	TRBV4-1*01	7.7e-05	0.6646869902128533
CASSLADTPLHF	TRBV11-1*01	7.7e-05	0.23730958133084337
CATSDLKAGGTEQFF	TRBV24-1*01	7.7e-05	0.910460069466704
CASSVSGTGAYEQYF	TRBV19*01	7.7e-05	0.21275885237395653
CASSLFRGRGTEAFF	TRBV11-1*01	7.7e-05	0.6367158322339722
CASSLHDEVSPLHF	TRBV14*01	7.7e-05	0.7786394290909202
CSARRGGNQPQHF	TRBV20-1*01	7.7e-05	0.6468893843309342
CASSYDGNTIYF	TRBV6-5*01	7.7e-05	0.3152542245114075
CASSLGDEQYF	TRBV5-6*01	7.7e-05	0.18215033190588525
CASSQEESGRTNSYEQYF	TRBV4-1*01	7.7e-05	0.4596297185023342
CASRVGVGGIWNSPLHF	TRBV11-3*01	7.7e-05	0.826690667750312
CAIRAGGGRENTEAFF	TRBV10-3*01	7.7e-05	0.5662794774622342
CASSPEGRVGEKLFF	TRBV18*01	7.7e-05	0.5086760156386956
CASSLAQGTIGYTF	TRBV5-1*01	7.7e-05	0.6339679594645313
CSARPSVYNEQFF	TRBV20-1*01	7.7e-05	0.9548863207574564
CASSYYRAGASSGANVLTF	TRBV6-5*01	7.7e-05	0.7448279355855213
CASSFPGGRRSYNEQFF	TRBV27*01	7.7e-05	0.686251788416388
CASSLALSFSYNSPLHF	TRBV7-2*01	7.7e-05	0.6406723003883659
CASSQAGPLVFNSPLHF	TRBV27*01	7.7e-05	0.8530268500095725
CASSTRDRGFDSPLHF	TRBV2*02	7.7e-05	0.8206103333300119
CASNRLAASNEQFF	TRBV27*01	7.7e-05	0.4944717827200684
CSALRDRDNSPLHF	TRBV20-1*01	7.7e-05	0.856661226404701
CASSQSGRAAFF	TRBV14*01	7.7e-05	0.7612734610329824
CASSLAAGLGRETQYF	TRBV7-2*01	7.7e-05	0.43145765034313166
CASSLAGAYNSPLHF	TRBV7-8*01	7.7e-05	0.29482629803684324
CASSLLPGTYGYTF	TRBV7-3*01	7.7e-05	0.3352077642814401
CASSSRERSYEQYF	TRBV4-1*01	7.7e-05	0.295548312527093
CASSQVVGNTEAFF	TRBV4-3*01	7.7e-05	0.23434593699698258
CSAWGLAGNEQYF	TRBV20-1*01	7.7e-05	0.9552675865724803
CATGDGPYEQYF	TRBV19*01	7.7e-05	0.5302545740696545
CASSLSGTSGYNEQFF	TRBV27*01	7.7e-05	0.21959345665750946
CASSSTGELFF	TRBV3-1*01	7.7e-05	0.09858026124820701
CAWSVGTQSRSAEAFF	TRBV30*01	7.7e-05	0.9724794614135744
CASSFRDNLTGQPQHF	TRBV6-5*01	7.7e-05	0.6827270079361267
CASSLTRTGGVYGYTF	TRBV7-2*01	7.7e-05	0.30647003303949366
CSARGSGGRASTDTQYF	TRBV20-1*01	7.7e-05	0.9250130735902992
CAGTPSGTGEVEKLFF	TRBV30*01	7.7e-05	0.6945912245951904
CASSPQGGQGEKLFF	TRBV6-6*05	7.7e-05	0.3165414675326424
CASTEVGHYGYTF	TRBV7-2*01	7.7e-05	0.29566357405967886
CASTGRGSDEQFF	TRBV6-1*01	7.7e-05	0.39269689142316555
CASRNGVGYGYTF	TRBV9*01	7.6e-05	0.3070596226813112
CASSLESRGAGTEAFF	TRBV7-8*01	7.6e-05	0.4549064185764846
CSARGASGYGYTF	TRBV20-1*01	7.6e-05	0.7529820517401118
CASSDLYVGYTF	TRBV6-1*01	7.6e-05	0.31657374471537847
CATSRDPGGNYGYTF	TRBV15*01	7.6e-05	0.36636537248255846
CASSLGWRGRGYTF	TRBV5-1*01	7.6e-05	0.7812578219526233
CATEGGDYGYTF	TRBV6-1*01	7.6e-05	0.2558588555501067
CASSLGPPGNQPQHF	TRBV5-1*01	7.6e-05	0.4170499680775341
CASSPRTGSSYNSPLHF	TRBV4-2*01	7.6e-05	0.24900287378048758
CASSESGLAGNSYEQYF	TRBV10-1*01	7.6e-05	0.25062318791932864
CASSPYRGTNEKLFF	TRBV19*01	7.6e-05	0.5508341796669325
CASSVDRVVYNEQFF	TRBV2*01	7.6e-05	0.7924088337985569
CASSQTTGGAYEQYF	TRBV4-3*01	7.6e-05	0.21760149054699737
CASSQELLTSPLHF	TRBV4-1*01	7.6e-05	0.847662292922063
CASSQRLRSSGNTIYF	TRBV3-1*01	7.6e-05	0.6423626592979594
CASRRLTGESSGELFF	TRBV11-1*01	7.6e-05	0.6324650130310135
CASSARDSGGEQYF	TRBV19*01	7.6e-05	0.26651021383778056
CASSPGQVYGYTF	TRBV7-2*01	7.6e-05	0.2610771390554907
CAWSGLAIEQFF	TRBV30*01	7.6e-05	0.7152728173192211
CSLQQGVYEQYF	TRBV20-1*01	7.6e-05	0.7841431673891626
CASSQDPSGASESYEQYF	TRBV3-1*01	7.6e-05	0.5508035201780798
CASSVDSGLTGGGYTF	TRBV19*01	7.6e-05	0.3278855377437097
CASSLVSRGRPDEAFF	TRBV7-3*01	7.6e-05	0.8267774144320725
CASSPKDRGDTEAFF	TRBV18*01	7.6e-05	0.6979357570098006
CASSLGLAGAYEQYF	TRBV28*01	7.6e-05	0.15402341807369926
CASRPGLAGVSEQYF	TRBV3-1*01	7.6e-05	0.5529295479126793
CASKDSSGANVLTF	TRBV6-1*01	7.6e-05	0.20077508659848503
CATRDTSSGNTIYF	TRBV10-1*01	7.6e-05	0.27572228953282746
CASSVKPGLSYEQYF	TRBV19*01	7.6e-05	0.4259233950383651
CASSLVAGLYNEQFF	TRBV27*01	7.6e-05	0.47412543397054824
CASSVGTGFPNEQFF	TRBV6-1*01	7.6e-05	0.8870858637119101
CSARDVWVEQYF	TRBV20-1*01	7.6e-05	0.9925593786751108
CASSLVGQRSSYEQYF	TRBV7-9*01	7.6e-05	0.3054928530865846
CATSRETGGFDEQYF	TRBV15*01	7.6e-05	0.5874281591497326
CASRPGTLNTGELFF	TRBV7-2*01	7.6e-05	0.6014846381515788
CSARFDRSNSPLHF	TRBV20-1*01	7.6e-05	0.9487400593731984
CSVEDPGTLNTIYF	TRBV29-1*01	7.6e-05	0.937203916277171
CSARVHPIYEQYF	TRBV20-1*01	7.6e-05	0.983898984000634
CLGGVRNSPLHF	TRBV20-1*01	7.6e-05	0.42756574369030376
CASSPPISGTGGYSPLHF	TRBV18*01	7.6e-05	0.6936402752471176
CASSLISGGGTYNEQFF	TRBV7-3*01	7.6e-05	0.5433448813306962
CASSKGTRVLAGGELFF	TRBV5-1*01	7.6e-05	0.880830116814492
CASSPGTKNTGELFF	TRBV19*01	7.6e-05	0.3931611039114571
CASNRRAGSFHEQYF	TRBV6-1*01	7.6e-05	0.6826787575198656
CASLMRGYTF	TRBV6-1*01	7.6e-05	0.39909955594385244
CASSRLAGGNTGELFF	TRBV2*02	7.6e-05	0.2057627106030434
CASSSDLRGSTEAFF	TRBV7-2*01	7.6e-05	0.2601207339981149
CASTIAGVYNEQFF	TRBV11-2*01	7.6e-05	0.5898610610777165
CASSQEWGQSEQYF	TRBV16*01	7.6e-05	0.7919581589463736
CASSGRQGLGEQYF	TRBV11-2*01	7.6e-05	0.4869918493069515
CSASELSGANVLTF	TRBV20-1*02	7.6e-05	0.6984199911075283
CSASIRGGGQPQHF	TRBV20-1*02	7.6e-05	0.6528948056449969
CASSSGQANEQFF	TRBV7-3*01	7.6e-05	0.32061524925705687
CASSLEWTARVNTEAFF	TRBV5-1*01	7.6e-05	0.8266001789893049
CASSDSSGGDTGELFF	TRBV6-4*01	7.6e-05	0.13662714758099953
CASSIWGGSRSYEQYF	TRBV27*01	7.6e-05	0.7170120510350938
CASSLLLASYNEQFF	TRBV7-3*01	7.6e-05	0.35300012335394315
CASSESYEQYF	TRBV10-2*01	7.6e-05	0.09365258141671477
CSAVRGYGYTF	TRBV20-1*01	7.6e-05	0.7215557949010112
CATSRDLIAGSEEKLFF	TRBV15*01	7.6e-05	0.7962439290505872
CASSLMGGSYNEQFF	TRBV11-3*01	7.6e-05	0.24155215146446893
CSARGQWTDVTKQYF	TRBV20-1*01	7.6e-05	0.9753873756658874
CASSKGGSSYEQYF	TRBV7-2*01	7.6e-05	0.24601342754648076
CATAAPWANEQYF	TRBV7-9*01	7.6e-05	0.9200335807394516
CASSLPVRSPLHF	TRBV28*01	7.6e-05	0.8660837823496536
CASGLTARGSTNTEAFF	TRBV7-8*01	7.6e-05	0.6928062201130851
CATSRLEDRGEGYTF	TRBV15*02	7.5e-05	0.89750159114933
CASSLPLDRVLYEQYF	TRBV2*01	7.5e-05	0.7992308815373003
CATSDFGHRYNEQFF	TRBV24-1*01	7.5e-05	0.8775557270806771
CASSPDRAGYTF	TRBV7-8*03	7.5e-05	0.21902236316639323
CASSLGSGGGGRSSGANVLTF	TRBV5-1*01	7.5e-05	0.30709698605981445
CASSAFGPGATGELFF	TRBV6-4*01	7.5e-05	0.5309573406479186
CASSPPTASSGNTIYF	TRBV4-1*01	7.5e-05	0.3720680839027534
CASSPYGGFNSPLHF	TRBV5-8*01	7.5e-05	0.7225750175236884
CASSVSGGDYNEQFF	TRBV6-2*01	7.5e-05	0.182958663631471
CASTITSSYNEQFF	TRBV19*01	7.5e-05	0.29644173339202307
CASSLVRGDTIYF	TRBV27*01	7.5e-05	0.6474716064012342
CASSFQAGGYTF	TRBV9*01	7.5e-05	0.37484125780142585
CASSLRGSTDRSGNTIYF	TRBV7-2*01	7.5e-05	0.40284775214762447
CSARDALAPGPWEQYF	TRBV20-1*01	7.5e-05	0.9813288467023406
CASTTDKGGFGELFF	TRBV6-6*03	7.5e-05	0.6544956328536428
CASSSETGGGYTF	TRBV7-6*01	7.5e-05	0.11461824686506535
CASSSAWGTEAFF	TRBV7-3*01	7.5e-05	0.3618848252355998
CASSSLQVTFSYEQYF	TRBV6-5*01	7.5e-05	0.6585481367536483
CASSYSVTGLQETQYF	TRBV6-5*01	7.5e-05	0.6025438776952018
CASSIEPGHRETQYF	TRBV19*01	7.5e-05	0.8058808600759446
CASSPSPDRDNEQFF	TRBV4-2*01	7.5e-05	0.8772837965265338
CASSLTGTGGSEQYF	TRBV4-1*01	7.5e-05	0.20348872302763465
CASSWDLGDSPLHF	TRBV6-2*01	7.5e-05	0.6219355811543957
CASSLSPVYEQYF	TRBV7-3*01	7.5e-05	0.33147202909498097
CAWRKGTGRPGANVLTF	TRBV30*01	7.5e-05	0.7838778136703586
CASSFSPPGTGYEGYTF	TRBV27*01	7.5e-05	0.7020245961986816
CASSLAIHPNSGNTIYF	TRBV11-2*01	7.5e-05	0.8488314779024658
CAWSDRDGNQPQHF	TRBV30*01	7.5e-05	0.6607783113431716
CATSRDGPNQPQHF	TRBV15*02	7.5e-05	0.27133148192353
CASRLDLNTGELFF	TRBV6-6*04	7.5e-05	0.4786964552004135
CASSFGQGGYEQYF	TRBV28*01	7.5e-05	0.10655623847101259
CASSYRVPGTEAFF	TRBV6-2*01	7.5e-05	0.672191326409498
CASSEGQGNSPLHF	TRBV6-1*01	7.5e-05	0.15678155704140695
CASSFQGVDTEAFF	TRBV7-2*01	7.5e-05	0.2751111208165957
CASSLYAGRDEQYF	TRBV7-6*01	7.5e-05	0.6433179284792292
CASSRRSAQYEQYF	TRBV7-9*01	7.5e-05	0.4673766745360765
CSARAGGGQETQYF	TRBV20-1*01	7.5e-05	0.896293974821998
CASSGTVNTEAFF	TRBV19*03	7.5e-05	0.12402719142180813
CASSLGGAYEQYF	TRBV27*01	7.5e-05	0.1140765514724126
CSASGQGNQPQHF	TRBV20-1*04	7.5e-05	0.45011371000513595
CASGMGQGEQYF	TRBV7-6*01	7.5e-05	0.6388038002287594
CASSISGQASYEQYF	TRBV19*01	7.5e-05	0.41092946474444425
CASKGGRGMLNEQFF	TRBV19*01	7.5e-05	0.8782225066622104
CASSRRRVNYNEQFF	TRBV6-6*05	7.5e-05	0.4942825563207539
CASRATASTDTQYF	TRBV6-6*03	7.5e-05	0.42725616180105397
CASSDRGSGGELFF	TRBV10-1*01	7.5e-05	0.2578805900297272
CASSQNPGWTEAFF	TRBV4-1*01	7.5e-05	0.7126942809844693
CASSLDVAPSAFF	TRBV7-2*01	7.5e-05	0.8977408486805899
CASSNRQVYNEQFF	TRBV6-6*03	7.5e-05	0.790270064631957
CASSPGTGTYEQYF	TRBV7-7*01	7.5e-05	0.18124236720277265
CSARTLAGHTEQFF	TRBV20-1*01	7.5e-05	0.9735497870684943
CASSSPAVNEQFF	TRBV7-3*01	7.5e-05	0.5274366009507888
CAWRRPDRDNTEAFF	TRBV30*01	7.5e-05	0.9720369568577112
CASSLGQGHLYEQYF	TRBV7-9*01	7.5e-05	0.6503338358972385
CASHRGGDSPLHF	TRBV6-1*01	7.5e-05	0.5081205714740263
CASSLSGIGHYEQYF	TRBV7-2*01	7.5e-05	0.3615142387833556
CASSYRADTEAFF	TRBV6-2*01	7.5e-05	0.1539266102788547
CASSEGRTSGGAYEQYF	TRBV6-1*01	7.5e-05	0.274078556291644
CASSLNGGSHYNEQFF	TRBV27*01	7.5e-05	0.5789858565422066
CASSTQDYNSPLHF	TRBV5-1*01	7.4e-05	0.42609201858017964
CASSIWGRAYEQYF	TRBV19*01	7.4e-05	0.5682075967479538
CASSRGDRGTEAFF	TRBV19*01	7.4e-05	0.2620113579075976
CASSSVLLSGTGPNSNYGYTF	TRBV2*01	7.4e-05	0.8289314212390013
CAISESIGLRERSVNQPQHF	TRBV10-3*01	7.4e-05	0.9066897181831263
CASRSQGASGNTIYF	TRBV6-1*01	7.4e-05	0.2219492857222244
CASSWGQGSRYGYTF	TRBV5-1*01	7.4e-05	0.44124860681792816
CASSSERTGRRYTF	TRBV11-1*01	7.4e-05	0.5792257166516047
CASSPLFGGGGSNQPQHF	TRBV18*01	7.4e-05	0.41086665987530746
CASSQGPDRGYGYTF	TRBV11-2*01	7.4e-05	0.5110844910551339
CASSQTPGSHEQYF	TRBV11-3*01	7.4e-05	0.3871257947973087
CASRGASVYGYTF	TRBV19*01	7.4e-05	0.31180716404768694
CSAQDRNQPQHF	TRBV20-1*01	7.4e-05	0.7591878986864121
CAWSFEWGIAGELFF	TRBV30*01	7.4e-05	0.9042148929307982
CASSRDRRDSPLHF	TRBV7-9*01	7.4e-05	0.5189273879603576
CASSQGQGADGYTF	TRBV4-1*01	7.4e-05	0.4716878024579286
CASSLDGAEKAFF	TRBV5-5*01	7.4e-05	0.5878599129689059
CSARRQGDSPLHF	TRBV20-1*01	7.4e-05	0.8607834575341337
CASSYNPWGEDSTDTQYF	TRBV6-2*01	7.4e-05	0.7392453390391273
CASALGDRVSSNQPQHF	TRBV5-8*01	7.4e-05	0.28028822232082623
CATSRDFQGASYEQYF	TRBV15*01	7.4e-05	0.4097817201116914
CASSQVAQLYNSPLHF	TRBV4-1*01	7.4e-05	0.7938823984116921
CASSVHLRGPGELFF	TRBV5-1*01	7.4e-05	0.902111800747373
CSAPGLAGNTGELFF	TRBV20-1*04	7.4e-05	0.894069484986043
CSVHRQGRFEDGYTF	TRBV29-1*01	7.4e-05	0.9919520900860692
CASSGQGAGLGYTF	TRBV7-9*04	7.4e-05	0.609952557095396
CASSDFGYEQYF	TRBV2*03	7.4e-05	0.1608148294338124
CASSGRGIEQYF	TRBV5-1*01	7.4e-05	0.4307622146986548
CASSQEVVGFSGNTIYF	TRBV4-3*01	7.4e-05	0.6221858134792732
CASSHFGIATTGELFF	TRBV4-3*01	7.4e-05	0.8065911708715235
CATSGTGELFF	TRBV24-1*01	7.4e-05	0.21238633300159276
CASSAGQTVYNEQFF	TRBV19*01	7.4e-05	0.5639619080528993
CASSEVMGTHYQQFF	TRBV6-1*01	7.4e-05	0.7115832893270551
CASSESVSGANVLTF	TRBV2*01	7.4e-05	0.267035193728948
CASQGTGDTDTQYF	TRBV19*01	7.4e-05	0.25003911386885386
CASSPSFEGARAFF	TRBV7-2*01	7.4e-05	0.9291315227792415
CASSEQDTGELFF	TRBV6-4*01	7.4e-05	0.10226002681689916
CASSLPVSYEQYF	TRBV7-2*01	7.4e-05	0.3194016980282207
CSARLPGSYEQYF	TRBV20-1*01	7.4e-05	0.8405758561598143
CSTRDRETYEQYF	TRBV20-1*01	7.4e-05	0.6949670318663961
CSADPSGTSGYEQYF	TRBV20-1*01	7.4e-05	0.8293815026076726
CASSESAGNTEAFF	TRBV2*03	7.4e-05	0.1976874941700612
CASSVQGTTDTQYF	TRBV9*01	7.4e-05	0.24975284517517532
CASRTGLAAYEQYF	TRBV6-6*03	7.4e-05	0.36327994893076004
CASNQRGRTYEQYF	TRBV28*01	7.4e-05	0.4745539846790879
CASSDSTTDTQYF	TRBV6-4*01	7.4e-05	0.27138009562231663
CASSERETGELFF	TRBV6-1*01	7.4e-05	0.16482306647247122
CSATTGGISPLHF	TRBV20-1*02	7.4e-05	0.864313417894337
CASSEAPAGRLAKNIQYF	TRBV6-1*01	7.4e-05	0.859793738942354
CSARDVREGQYSNQPQHF	TRBV20-1*01	7.4e-05	0.9473534066767496
CASSQGDSYNQPQHF	TRBV4-2*01	7.4e-05	0.2423593026687082
CSARTGVPNEQFF	TRBV20-1*01	7.4e-05	0.9762403749991265
CASSEDYWRGDASDTQYF	TRBV6-1*01	7.4e-05	0.9189959071418038
CAISGAQNSNQPQHF	TRBV10-3*01	7.4e-05	0.42009668854795584
CASSYGQGRNSPLHF	TRBV6-5*01	7.4e-05	0.49297559286578835
CASSQRTSEETQYF	TRBV28*01	7.4e-05	0.38160428589615353
CASSQWTGQPQHF	TRBV4-1*01	7.4e-05	0.5039856930731117
CASSFTGTNEKLFF	TRBV7-2*01	7.4e-05	0.19808765359419273
CASSLYTAYEQYF	TRBV5-1*01	7.4e-05	0.3030468733056964
CSALTTDNEQFF	TRBV20-1*01	7.4e-05	0.9145361423591513
CASSQDWQGAVNTIYF	TRBV4-1*01	7.4e-05	0.6226743893713128
CASSPDRVGSPLHF	TRBV5-1*01	7.3e-05	0.5133068944873478
CASSPGLYSNQPQHF	TRBV27*01	7.3e-05	0.15997022280432804
CASSSAVESGYVYNEQFF	TRBV27*01	7.3e-05	0.5416730968132653
CAREGGTQGGRNYEQYF	TRBV5-1*01	7.3e-05	0.5827533028741131
CASSSVVSDTIF	TRBV27*01	7.3e-05	0.8444122322690469
CSARGIIDRGSNQPQHF	TRBV20-1*01	7.3e-05	0.9765297975815839
CATSDAAGTGHEKLFF	TRBV24-1*01	7.3e-05	0.40206698386081824
CASSVLAGNTDTQYF	TRBV28*01	7.3e-05	0.20540286361764368
CASSSQGGYEQYF	TRBV11-3*01	7.3e-05	0.09946602807537497
CASSPNQPQHF	TRBV18*01	7.3e-05	0.08221130004538335
CASSIVNEQFF	TRBV12-3*01	7.3e-05	0.3339841353046893
CASSSRLAGELSYEQYF	TRBV5-1*01	7.3e-05	0.4562326453430384
CASRAVLATQNREQYF	TRBV6-6*03	7.3e-05	0.842534621337323
CASSQAPGGNNSPLHF	TRBV4-1*01	7.3e-05	0.4304406023129513
CASSQASAANEQFF	TRBV14*01	7.3e-05	0.5991923813198123
CASRRTVNTEAFF	TRBV5-5*01	7.3e-05	0.2861662608902713
CAWSFVYNEQFF	TRBV30*01	7.3e-05	0.7714419912428022
CSARAGNEQFF	TRBV20-1*01	7.3e-05	0.8137078304705012
CASSQDSGGWGIYEQYF	TRBV3-1*01	7.3e-05	0.7934594087633599
CASSLSIRDVGETQYF	TRBV27*01	7.3e-05	0.7424454935317732
CATIGTTESKDTQYF	TRBV24-1*01	7.3e-05	0.8768207512589553
CASSYSGGARGEQYF	TRBV6-5*01	7.3e-05	0.473884620779929
CASSTRLAGYYEQYF	TRBV6-2*01	7.3e-05	0.3635182357687136
CASSPQGTLNSPLHF	TRBV7-2*01	7.3e-05	0.7076767846189828
CATATGGGNQPQHF	TRBV6-2*01	7.3e-05	0.2765686466968064
CASGHPGHDQPQHF	TRBV7-9*01	7.3e-05	0.7862074243685849
CASSRLAGGREQYF	TRBV14*01	7.3e-05	0.2926881571569363
CASSQPWRATEAFF	TRBV14*01	7.3e-05	0.8680377656488041
CASRPDSSYNEQFF	TRBV6-2*01	7.3e-05	0.3060958754565327
CASTRGSLGEQYF	TRBV7-2*01	7.3e-05	0.766509539373234
CASSFTGNTEAFF	TRBV28*01	7.3e-05	0.10900130163342683
CATSSRYGYTF	TRBV15*02	7.3e-05	0.1178968060325885
CASSQDGASGSYEQYF	TRBV4-2*01	7.3e-05	0.24168496173271012
CASSRRTQNSYEQYF	TRBV7-8*03	7.3e-05	0.4699449765201634
CASSLVSGGIEAFF	TRBV7-8*01	7.3e-05	0.5999691263157721
CSAPMGLAGVTQYF	TRBV20-1*01	7.3e-05	0.952973725415208
CASSYPGLVAQFF	TRBV6-2*01	7.3e-05	0.8669831427354385
CASSPGQFAEAFF	TRBV9*01	7.3e-05	0.4552623134066518
CASRGQGAEEQFF	TRBV2*01	7.3e-05	0.4644149475822344
CASSERPDGYTF	TRBV2*01	7.3e-05	0.4725317775401409
CATSDTQGDEGSDNTGELFF	TRBV24-1*01	7.3e-05	0.6904535907105019
CASSYSEGVAYNEQFF	TRBV6-5*01	7.3e-05	0.5340436692015873
CASSILAGEDTGELFF	TRBV6-5*01	7.3e-05	0.41820173141012956
CATTQGSSGFYEQYF	TRBV15*02	7.3e-05	0.40328699193287715
CASSERGANTGELFF	TRBV6-4*01	7.3e-05	0.1894216831991094
CASNVGGSAFYEQYF	TRBV6-1*01	7.3e-05	0.5865911336820528
CATSDFAGGNKQFF	TRBV24-1*01	7.3e-05	0.6606991598345844
CASSHRFNTGELFF	TRBV18*01	7.3e-05	0.43755240986774313
CASSVSDTTYEQYF	TRBV2*01	7.3e-05	0.3657533686273465
CASSYGSTDTQYF	TRBV6-5*01	7.3e-05	0.34322307857182893
CASSFEGGEKLFF	TRBV5-1*01	7.3e-05	0.2725620531904803
CSARVPGIRELFF	TRBV20-1*01	7.3e-05	0.9692990211752437
CSASDHQPQHF	TRBV20-1*01	7.3e-05	0.6532292911282256
CASSLTQEGRSKSNYGYTF	TRBV9*01	7.3e-05	0.6226987703218433
CASSPGQEPTVDQPQHF	TRBV18*01	7.3e-05	0.7901754865144196
CATSRDTPANTGELFF	TRBV15*01	7.3e-05	0.6397239285838758
CASFSGVGNTIYF	TRBV14*01	7.3e-05	0.45062217752766026
CASSFSGAPEQYF	TRBV3-1*01	7.3e-05	0.7067767025877932
CASSEALGKGGNEQFF	TRBV6-1*01	7.3e-05	0.7354902754298964
CASTKSPLYRETQYF	TRBV11-1*01	7.3e-05	0.9288918502840743
CASSRQGEADTQYF	TRBV6-2*01	7.3e-05	0.2929231804453239
CAWSVRLSDSGNQPQHF	TRBV30*01	7.3e-05	0.8851246490785111
CASSYSDRGAEAFF	TRBV6-5*01	7.3e-05	0.8234370253913034
CASSFRTGLYGYTF	TRBV11-2*01	7.3e-05	0.4218779333080749
CASSAVRLASEQFF	TRBV7-8*01	7.3e-05	0.6981077443330654
CAWSVAGAAEAFF	TRBV30*01	7.3e-05	0.7397152145829972
CASSYWINGGSYNEQFF	TRBV6-5*01	7.3e-05	0.9023271382370885
CASSLLPSGGNNEQFF	TRBV28*01	7.3e-05	0.8127114656765732
CASSQFDSYGYTF	TRBV3-1*01	7.2e-05	0.4471903029527788
CATSRGQETGPANSPLHF	TRBV15*01	7.2e-05	0.7799296004156052
CASRDITVSGNTIYF	TRBV19*01	7.2e-05	0.7739391928779723
CASRTTGAYEQYF	TRBV2*02	7.2e-05	0.21510127160501924
CATSDVGGDRGYNEQFF	TRBV24-1*01	7.2e-05	0.6692710182669503
CASSLFSNQPQHF	TRBV7-8*01	7.2e-05	0.3221947730295829
CASNFDAGSTDTQYF	TRBV6-5*01	7.2e-05	0.6078411532648731
CASSWTLNTEAFF	TRBV27*01	7.2e-05	0.4480625404369021
CASSLGSPGNMDSPLHF	TRBV5-1*01	7.2e-05	0.8342488653444172
CASSSTQREGRDEQYF	TRBV27*01	7.2e-05	0.5514574498913071
CASSPSAGALMGEAFF	TRBV27*01	7.2e-05	0.6535801707093404
CASSQVLVNSGNTIYF	TRBV4-1*01	7.2e-05	0.5764639230684141
CASNPRQGGDEQYF	TRBV5-1*01	7.2e-05	0.435876201440419
CASSYGNTEAFF	TRBV6-5*01	7.2e-05	0.06824904691019626
CSARRETYEQYF	TRBV20-1*01	7.2e-05	0.8981252709988156
CSASIERGAARMDEQFF	TRBV20-1*04	7.2e-05	0.9877161185135124
CASSDPASTGRETQYF	TRBV6-1*01	7.2e-05	0.7936452924602764
CASSSTPSDKRYEQYF	TRBV9*03	7.2e-05	0.5240945610999844
CASSYYSGQNEKLFF	TRBV6-5*01	7.2e-05	0.7680381661712979
CASGEDTGTDTQYF	TRBV27*01	7.2e-05	0.5019756266477511
CASSQGSYNSPLHF	TRBV3-1*01	7.2e-05	0.2891792906442586
CASRTEGGRYEQYF	TRBV5-1*01	7.2e-05	0.2031470417119575
CASSLTGANQPQHF	TRBV4-3*01	7.2e-05	0.13396901492014554
CASSEGDRAEAFF	TRBV6-1*01	7.2e-05	0.45263203046234557
CASKSLGGGARNEQFF	TRBV6-6*04	7.2e-05	0.8619430809391979
CASSLGLGRGYTEAFF	TRBV5-1*01	7.2e-05	0.2329201012177505
CASSPGTGNTGELFF	TRBV7-3*01	7.2e-05	0.16049274126369859
CATSGGGTNEKLFF	TRBV24-1*01	7.2e-05	0.3080575817092787
CSLGGEVQPQHF	TRBV20-1*01	7.2e-05	0.8007080578099867
CATSRDRGRQTGELFF	TRBV15*02	7.2e-05	0.5459514159691855
CASSVEGQSSNYGYTF	TRBV9*01	7.2e-05	0.2105174319617355
CASSLAWGVRDEQFF	TRBV5-1*01	7.2e-05	0.7959354492153786
CASRTGTGGFQPQHF	TRBV10-2*01	7.2e-05	0.28927709600110674
CASSLAQGSYEQYF	TRBV7-6*01	7.2e-05	0.1265522445735251
CASSRSGANEKLFF	TRBV5-1*01	7.2e-05	0.1974370523604188
CAISVTNTGELFF	TRBV10-3*01	7.2e-05	0.34602049097304644
CATSRRKNTEAFF	TRBV15*02	7.2e-05	0.41012222641632523
CASSTGSPEQYF	TRBV5-1*01	7.2e-05	0.41102743632420996
CASSPPGVEAPNPYEQYF	TRBV18*01	7.2e-05	0.81310703197874
CASTSSPSGRLYQETQYF	TRBV6-2*01	7.2e-05	0.7899960854773633
CASSLTFSGSPHNEQFF	TRBV7-3*01	7.2e-05	0.7055468123510866
CAISEGKVMGTGELFF	TRBV10-3*01	7.2e-05	0.7383237498572804
CASSWTSGSTDTQYF	TRBV6-5*01	7.2e-05	0.3324073771833753
CASSLISRGGSPLHF	TRBV7-2*04	7.2e-05	0.7881257424389725
CASSPGTASGGGYTF	TRBV9*01	7.2e-05	0.4617597381488462
CASSLVVTLYSHTF	TRBV5-8*01	7.2e-05	0.905654163978928
CSARRNDRNTEAFF	TRBV20-1*01	7.2e-05	0.9167354708220643
CASSVDSYNEQFF	TRBV6-4*01	7.2e-05	0.17231947866563135
CASSATSGGEAFF	TRBV9*03	7.2e-05	0.2448729855208293
CASSYSRGGLNYEQFF	TRBV6-5*01	7.2e-05	0.2935406514020219
CASSLGQGASNTEAFF	TRBV14*01	7.2e-05	0.178253126887895
CAWSVAGGRADTQYF	TRBV30*01	7.2e-05	0.5585061673830295
CASSPRDRGPYEQYF	TRBV9*03	7.2e-05	0.39380460949877927
CASSHIRQGIDEQFF	TRBV3-1*01	7.2e-05	0.9021892514559317
CAISGRGEDSPLHF	TRBV10-3*01	7.2e-05	0.5435905411856703
CATSRASGNYEQYF	TRBV15*02	7.2e-05	0.21192167751128188
CASSLSGLSYEQYF	TRBV5-1*01	7.2e-05	0.1654290249674494
CASSLDSTYEQYF	TRBV11-3*01	7.2e-05	0.2405446374260647
CAWSGAADTQYF	TRBV30*01	7.2e-05	0.5368459505050128
CASSELRLGGTGVTDTQYF	TRBV6-1*01	7.2e-05	0.5920228785210867
CASSDSPGAPDNEQFF	TRBV6-1*01	7.2e-05	0.7820437993229831
CASSLPGQSNNQPQHF	TRBV7-2*01	7.2e-05	0.19962786864611365
CSASGGQGARQPQHF	TRBV20-1*02	7.2e-05	0.843301966476107
CASSYSREQYF	TRBV6-5*01	7.2e-05	0.22691295020004965
CSGRTEDGYTF	TRBV29-1*01	7.2e-05	0.9265811393789192
CASRSRLDGLLDTQYF	TRBV28*01	7.2e-05	0.7274168985663175
CASSLEGGGSYEQYF	TRBV11-2*01	7.2e-05	0.11013549265936724
CASSQYRDISYEQYF	TRBV4-2*01	7.2e-05	0.7433754192356311
CASSVGGKNSPLHF	TRBV9*01	7.2e-05	0.2772651655732635
CSAIDRGRAAEAFF	TRBV20-1*01	7.2e-05	0.9769216398376164
CASSETSGGADTQYF	TRBV6-1*01	7.2e-05	0.18855036536395942
CSATSPRVGGELFF	TRBV20-1*01	7.2e-05	0.9491630608546127
CASSSTDRAAHYGYTF	TRBV7-9*01	7.1e-05	0.41381331101185004
CASRPNRDRNQPQHF	TRBV5-1*01	7.1e-05	0.44561347621592456
CASSSEDRANYGYTF	TRBV5-1*01	7.1e-05	0.2444331419929382
CASTRGARGYGYTF	TRBV19*03	7.1e-05	0.4001566397679623
CSAGGGPDYGYTF	TRBV20-1*01	7.1e-05	0.7852616671047157
CASSLPTGTSPGSNQPQHF	TRBV7-2*01	7.1e-05	0.5886085353532899
CASSLTTDRGSLGYTF	TRBV7-9*01	7.1e-05	0.8707259791819285
CATSDLQAAGTGLYF	TRBV24-1*01	7.1e-05	0.8435180832066783
CASSPPPEFNEKLFF	TRBV18*01	7.1e-05	0.7026259742319096
CASSDSPGGTDTQYF	TRBV6-4*01	7.1e-05	0.23708875567936505
CASEGAISYNEQFF	TRBV2*01	7.1e-05	0.5433336341392977
CASSLQLQETQYF	TRBV11-3*01	7.1e-05	0.4975483241469105
CSVEEADYSPLHF	TRBV29-1*01	7.1e-05	0.8737562892249492
CSALGTYNEQFF	TRBV20-1*01	7.1e-05	0.7361525099462694
CASSSLYEQYF	TRBV11-2*01	7.1e-05	0.09800374016785254
CASSISDGGWPNEKLFF	TRBV19*01	7.1e-05	0.7176686749847251
CASRGQGGNSNQPQHF	TRBV19*01	7.1e-05	0.23229403137631954
CASIDQAAGNTEAFF	TRBV19*01	7.1e-05	0.5207738130770044
CASSYSGTGAYEQYF	TRBV6-5*01	7.1e-05	0.2380248806947051
CASSERETKYNEQFF	TRBV2*01	7.1e-05	0.6682235286619195
CASSEVAGDRNEQYF	TRBV10-1*01	7.1e-05	0.5462504810567956
CASSSDRGGYEQYF	TRBV7-2*01	7.1e-05	0.13303478518029604
CASSPGKADYGYTF	TRBV3-1*01	7.1e-05	0.29595469223992965
CASSRSVGATEAFF	TRBV11-3*02	7.1e-05	0.18776247135499202
CSALPGGMTNDYTF	TRBV20-1*01	7.1e-05	0.9129068701195086
CASSQDLLRGGGQPQHF	TRBV4-3*01	7.1e-05	0.8858698495717857
CASSPPGQATRAPQHF	TRBV18*01	7.1e-05	0.9525938983786293
CASSYSPMGAGDEQFF	TRBV6-2*01	7.1e-05	0.8504051495859123
CASSTSQGLTGELFF	TRBV19*01	7.1e-05	0.2478373065068824
CASSYTGLPGTEAFF	TRBV6-5*01	7.1e-05	0.8982303247724298
CASSGDTQNTEAFF	TRBV9*01	7.1e-05	0.17913268735400545
CSALAGEAYEQYF	TRBV20-1*01	7.1e-05	0.7984992949133946
CASSIDLGEQFF	TRBV19*01	7.1e-05	0.6306668581442416
CASILGGEAFF	TRBV28*01	7.1e-05	0.4880480888455694
CASSYSADFRYSYNEQFF	TRBV6-5*01	7.1e-05	0.6172445801974619
CASMPTRGDSWNTEAFF	TRBV7-9*01	7.1e-05	0.902910900876785
CASSFVVAGPYYNEQFF	TRBV11-2*01	7.1e-05	0.8405615100789321
CASSVADWSTDTQYF	TRBV9*01	7.1e-05	0.531769965238029
CASSLGGQGSGELFF	TRBV5-1*01	7.1e-05	0.20672575814676555
CASSRTGGPGEAFF	TRBV18*01	7.1e-05	0.5466750201607534
CASSEGQGNEKLFF	TRBV6-1*01	7.1e-05	0.18988017173043548
CASSLKGGGETQYF	TRBV11-1*01	7.1e-05	0.43751223265097555
CASSLGSGKEKLFF	TRBV5-1*01	7.1e-05	0.3232780966366445
CASSIAGNAEAFF	TRBV19*01	7.1e-05	0.6248700319856063
CASSPARGDEQYF	TRBV11-3*01	7.1e-05	0.3997507978886186
CASSQEASYEQYF	TRBV4-2*01	7.1e-05	0.29472454491313854
CSASPGDLEAFF	TRBV20-1*04	7.1e-05	0.9117570649209027
CASSLGSWELNTGELFF	TRBV11-2*01	7.1e-05	0.6375797844583186
CATSDSGQGDYSPLHF	TRBV24-1*01	7.1e-05	0.502874644464392
CASSTLGTVSNQPQHF	TRBV19*01	7.1e-05	0.5507466796500996
CASSSGQFSNQPQHF	TRBV7-9*01	7.1e-05	0.5266214046021123
CASSVEGGPADTQYF	TRBV9*01	7.1e-05	0.4314983121824927
CSARAIAGESYEQYF	TRBV20-1*01	7.1e-05	0.9607483794869183
CASSQEIMGFEQYF	TRBV3-1*01	7.1e-05	0.68732937160795
CSARDRENSPLHF	TRBV20-1*01	7.1e-05	0.8260430328687476
CASSLAPPGKPRLWGLHF	TRBV7-2*01	7.1e-05	0.9707826803099128
CASSPRGPYDNSPLHF	TRBV5-1*01	7.1e-05	0.3141634470248819
CASSFPHRGETQYF	TRBV28*01	7.1e-05	0.9601290916924003
CASSATGGNTEAFF	TRBV9*03	7.1e-05	0.0891209889200894
CSASWLAGAREQYF	TRBV20-1*04	7.1e-05	0.947527303921659
CASSQDKNTEAFF	TRBV9*01	7.1e-05	0.22160462071313952
CASSQRGGENSPLHF	TRBV11-2*01	7.1e-05	0.3311227099067084
CASSVGSSNYGYTF	TRBV9*01	7.1e-05	0.08399952846007078
CASTSQGYNEQFF	TRBV28*01	7.1e-05	0.28396621122442395
CSVRNTDTQYF	TRBV29-1*01	7.1e-05	0.6552778004373444
CSAFRDRNQPQHF	TRBV20-1*01	7.1e-05	0.8927925604273287
CASSEEAGGPGELFF	TRBV6-1*01	7.1e-05	0.36959145366626917
CASSLGAIVNTEAFF	TRBV5-1*01	7e-05	0.24547733483096773
CSVEGNGYTF	TRBV29-1*01	7e-05	0.6547727110525032
CASSAARQGGGTEAFF	TRBV2*01	7e-05	0.2760063384739977
CSASAGNSNQPQHF	TRBV20-1*04	7e-05	0.528279735353254
CSARVPGSGNTIYF	TRBV20-1*01	7e-05	0.7827264281143483
CASSVEGNEQFF	TRBV2*01	7e-05	0.2395983304900688
CAISDNFGRRNSPLHF	TRBV10-3*01	7e-05	0.8989974196747214
CASSVKRVGANVLTF	TRBV19*01	7e-05	0.7565178490459045
CASTQLAGGEGTQYF	TRBV2*01	7e-05	0.39687183190365544
CASSLQGASYEQYF	TRBV7-2*01	7e-05	0.15932767844701914
CASSSSGAPHNEQFF	TRBV28*01	7e-05	0.4404355865599843
CASSQGASSYNEQFF	TRBV4-2*01	7e-05	0.19065345381579898
CASRPRGQAVGEQYF	TRBV6-1*01	7e-05	0.6827216885752286
CASSRGPERGNEQFF	TRBV5-1*01	7e-05	0.8319735985514253
CASRLYGMNTEAFF	TRBV10-2*01	7e-05	0.4015724508189425
CASSQGGGNYGYTF	TRBV4-3*01	7e-05	0.14647002136837448
CATSSGGAGEQYF	TRBV15*02	7e-05	0.20991164949750302
CASSQGRAYEQYF	TRBV14*01	7e-05	0.3223364379440191
CSAREEDGAFF	TRBV20-1*01	7e-05	0.9833335536666773
CATSRMTSGSQREQYF	TRBV15*01	7e-05	0.7075021427413951
CASKRNRDTTYEQYF	TRBV19*01	7e-05	0.5050926756995717
CASSKGTGRVYEQYF	TRBV6-6*03	7e-05	0.6519875952794864
CASSSRPGQGSEQYF	TRBV11-3*01	7e-05	0.2841613615110947
CASGTGTGNTIYF	TRBV19*01	7e-05	0.27437560351357665
CASSIAPGGQDGNEQFF	TRBV19*01	7e-05	0.589182854803428
CASSVAGDSSYNSPLHF	TRBV9*01	7e-05	0.42842841651212615
CASSPWEGAANTEAFF	TRBV19*01	7e-05	0.5193618230168753
CASSDSAGGPGELFF	TRBV6-4*01	7e-05	0.30714663025482347
CASSDSLDRGSPLHF	TRBV6-4*01	7e-05	0.6635225685616106
CASSEQGAIGQPQHF	TRBV28*01	7e-05	0.39680992086391553
CASSQGTADTYEQYF	TRBV3-1*01	7e-05	0.3167799193200479
CASSVGGGGNSPLHF	TRBV9*01	7e-05	0.17559385793054194
CASSEVVGLADEQFF	TRBV6-6*05	7e-05	0.735279643018582
CSASSGLNTEAFF	TRBV20-1*04	7e-05	0.5673471576855863
CAISGPGAGGLSYEQYF	TRBV10-3*01	7e-05	0.46485878249770074
CASSFIAGEPSYNEQFF	TRBV7-2*01	7e-05	0.8082942634341986
CASSLTPRGPGTGELFF	TRBV7-3*01	7e-05	0.7556236554334476
CAISEYGERASYEQYF	TRBV10-3*01	7e-05	0.848992647964934
CASSLLDQGKGETQYF	TRBV28*01	7e-05	0.5148975774109804
CASSSKVAGGYNEQFF	TRBV28*01	7e-05	0.5967152026443648
CASSDRTSGYTDTQYF	TRBV6-6*04	7e-05	0.28258811901143405
CASSEGNGGPTDTQYF	TRBV6-1*01	7e-05	0.3894814037888714
CASISNWQGGGGYTF	TRBV4-1*01	7e-05	0.8687121774334848
CSARETGRLNEKLFF	TRBV20-1*01	7e-05	0.9144790095605347
CAIRKDRSGYEQFF	TRBV10-3*01	7e-05	0.7141664593241419
CASSSQDGNSPLHF	TRBV18*01	7e-05	0.2979712767571939
CASSEVGKVSPLHF	TRBV10-2*01	7e-05	0.8178000092365575
CASSLTVNTEAFF	TRBV14*01	7e-05	0.1783006973963684
CSGSQGALYEQYF	TRBV29-1*01	7e-05	0.7706814170924629
CATTTSGRAWFF	TRBV24-1*01	7e-05	0.9315628039934101
CASGGRSYEQYF	TRBV3-1*01	7e-05	0.27654526119857115
CASSYGRKGDTDTQYF	TRBV6-2*01	7e-05	0.7675323222965154
CASSQDSWGRYEQYF	TRBV7-3*01	7e-05	0.7538296967322015
CASSLSGLEGDTIYF	TRBV7-7*01	7e-05	0.5341195752958575
CASSSGRQINEKLFF	TRBV7-2*01	7e-05	0.5202880882049173
CAISESDRYGYTF	TRBV10-3*01	7e-05	0.5811540656522306
CASSGDTTGELFF	TRBV6-6*05	7e-05	0.14290890916933768
CASSFSRYEQYF	TRBV7-2*01	7e-05	0.14409238794520918
CSARGNEQFF	TRBV20-1*01	7e-05	0.7501980325332287
CASSPGTGGLSGNTIYF	TRBV14*01	7e-05	0.2714570401789123
CASRHRVTFSGNTIYF	TRBV6-1*01	7e-05	0.9418708070189601
CASTWAGGDTGELFF	TRBV28*01	7e-05	0.5649532401108133
CASSLARNTGELFF	TRBV7-8*01	7e-05	0.1447032440490343
CASRDPGGYEQYF	TRBV6-2*01	7e-05	0.2851593804646984
CSASSGEGNTIYF	TRBV20-1*04	7e-05	0.6138081492726057
CASSSLGQPQHF	TRBV7-8*01	7e-05	0.17021422374352582
CSASDRGRPLSDTQYF	TRBV20-1*04	7e-05	0.9868666582034546
CASSPLPKGVCGYTF	TRBV7-6*01	7e-05	0.9330796135771506
CSAREWIPNQPQHF	TRBV20-1*01	7e-05	0.9955497193793591
CAGEGTHTREQFF	TRBV30*05	7e-05	0.9742385852145843
CASSVYGQGTQYF	TRBV9*01	7e-05	0.36893184697331666
CASSFSYSGVYSYNEQFF	TRBV28*01	7e-05	0.44582231740767425
CASSEGGLRGGETQYF	TRBV6-1*01	7e-05	0.5404488158203414
CASSWRTGAFDQPQHF	TRBV7-2*01	7e-05	0.7231373145559057
CASSLSIGLEKLFF	TRBV28*01	7e-05	0.5087254129266645
CASSFDRGNGYTF	TRBV5-1*01	6.9e-05	0.2710352510591572
CATSDPGQGNTGELFF	TRBV24-1*01	6.9e-05	0.48972425402818653
CASSFRWKGIQETQYF	TRBV27*01	6.9e-05	0.9397240903264804
CASTPGQPNTEAFF	TRBV6-1*01	6.9e-05	0.36819516176588957
CASRSGVGGMNTEAFF	TRBV19*01	6.9e-05	0.292034175307873
CASRKRGTNLTDTQYF	TRBV2*03	6.9e-05	0.8661675746699636
CAWSARGRVNTEAFF	TRBV30*01	6.9e-05	0.7905969732603448
CASRHSGGRVYGYTF	TRBV6-1*01	6.9e-05	0.4788012070564274
CSATSGTGDSYEQYF	TRBV20-1*01	6.9e-05	0.693087840283304
CSARDVQYLNEQFF	TRBV20-1*01	6.9e-05	0.9880295097395193
CSAHGESSYEQYF	TRBV20-1*01	6.9e-05	0.8473776628148509
CASSLGRRRFDQPQHF	TRBV28*01	6.9e-05	0.7854091370082755
CASSTWTGDVEQPQHF	TRBV4-1*01	6.9e-05	0.4813292453401677
CASSTPGQVTYEQYF	TRBV19*01	6.9e-05	0.5074898734524966
CASSPGTADGNTIYF	TRBV18*01	6.9e-05	0.41905236247975636
CATTQEQSNQPQHF	TRBV15*02	6.9e-05	0.48866768939871336
CASSFGQGPYEQYF	TRBV7-8*01	6.9e-05	0.2281062910640503
CASSQGREEYEQYF	TRBV4-2*01	6.9e-05	0.2942452968585567
CASSTGTSRNYEQYF	TRBV19*01	6.9e-05	0.2575321449893558
CASSLSTGNSYEQYF	TRBV27*01	6.9e-05	0.25475922753782926
CASSTTGGAGHEQFF	TRBV28*01	6.9e-05	0.4025904157606764
CASSPFGGTGELFF	TRBV19*01	6.9e-05	0.30878473148980823
CASSKRIFDEKLFF	TRBV19*01	6.9e-05	0.7577221383358703
CASSETSDGGELFF	TRBV6-4*01	6.9e-05	0.3879086199811721
CASSLGLATDTQYF	TRBV7-3*01	6.9e-05	0.19605570663109803
CASSPLGGNQPQHF	TRBV7-9*01	6.9e-05	0.17763725147225015
CATRDRDLNEQFF	TRBV28*01	6.9e-05	0.7373917502656289
CASISDLSLRTGELFF	TRBV2*01	6.9e-05	0.9553171655685304
CASSPGGAHTGELFF	TRBV18*01	6.9e-05	0.4479066144630231
CASSLAQHLRAEQYF	TRBV11-2*01	6.9e-05	0.807599607110193
CASSETGEAYTEAFF	TRBV9*01	6.9e-05	0.29109154016900735
CASSMFQGDNEQFF	TRBV19*01	6.9e-05	0.6439300489505295
CASSFTATNTEAFF	TRBV11-3*01	6.9e-05	0.4393017525582058
CSLPPGQGNEKLFF	TRBV20-1*01	6.9e-05	0.7890969946729347
CASSISSRGGQHF	TRBV19*01	6.9e-05	0.8344711148035454
CASSPDRVQGYTF	TRBV18*01	6.9e-05	0.29083081530100163
CASSLDWDEQYF	TRBV7-9*01	6.9e-05	0.33852901616300196
CAIRPSRGGTDTQYF	TRBV10-3*01	6.9e-05	0.787952189879228
CATRPGGRDYGYTF	TRBV10-3*01	6.9e-05	0.583055146148145
CASSHETWNSPLHF	TRBV14*01	6.9e-05	0.7698842638811841
CASRTRTSSYEQYF	TRBV28*01	6.9e-05	0.32610935393549706
CASSLGDTNQPQHF	TRBV5-1*01	6.9e-05	0.1169764259718148
CASSPTGDANQPQHF	TRBV18*01	6.9e-05	0.2662074500164259
CASKPGRMNTEAFF	TRBV19*01	6.9e-05	0.5023805915236493
CASSTTRLSYEQYF	TRBV7-9*01	6.9e-05	0.6251162801218234
CASSPQKVNEQFF	TRBV18*01	6.9e-05	0.6090332670952169
CASRQGLEAFF	TRBV19*01	6.9e-05	0.47208756220493214
CASARGWGDTEAFF	TRBV18*01	6.9e-05	0.5648006793790666
CATDGKVTNEQFF	TRBV6-2*01	6.9e-05	0.8979925409794512
CATETFRNNEQFF	TRBV6-1*01	6.9e-05	0.903174011282022
CSAKTGPATEQYF	TRBV20-1*01	6.9e-05	0.963830695332481
CASSLSGGGAFF	TRBV27*01	6.9e-05	0.6139612343577783
CASSGAWESYNSPLHF	TRBV5-1*01	6.9e-05	0.6191025992939709
CATHPGTGFNEQFF	TRBV6-1*01	6.9e-05	0.9183027142671024
CASSQGVRNTEAFF	TRBV3-1*01	6.9e-05	0.278910033682934
CASRSSRVGGEKLFF	TRBV6-5*01	6.9e-05	0.42177185757455554
CASSDRRSTDTQYF	TRBV6-1*01	6.9e-05	0.3513237241045873
CASSPSQNTEAFF	TRBV5-1*01	6.9e-05	0.12959772351988885
CASSQEQGGIQGGYTF	TRBV4-3*01	6.8e-05	0.4736699655520613
CASSDGWNQPQHF	TRBV2*01	6.8e-05	0.2640774529309051
CAWSERVRIEYSNQPQHF	TRBV30*01	6.8e-05	0.8761624353739269
CASSSGTGWSGELFF	TRBV6-5*01	6.8e-05	0.5908988454504218
CASSLGRQGRAFF	TRBV28*01	6.8e-05	0.8801459043856693
CASSLRGRGVGSSYEQYF	TRBV5-1*01	6.8e-05	0.2105718027886371
CASSQGVGEGSGNTIYF	TRBV4-2*01	6.8e-05	0.22209045534258687
CSAPLGGSGGLKQYF	TRBV20-1*01	6.8e-05	0.9290449885446591
CSATDARSNQPQHF	TRBV20-1*01	6.8e-05	0.7628338700904341
CASSSPGGYEQYF	TRBV6-1*01	6.8e-05	0.16478020822317138
CASSTGGGAAEAFF	TRBV19*01	6.8e-05	0.341780389481489
CASSQVGFTEAFF	TRBV4-1*01	6.8e-05	0.24959209795504536
CASSDRPGLAGGFAYEQYF	TRBV6-4*01	6.8e-05	0.5702287246726264
CASQTVFDGTGSADTQYF	TRBV4-1*01	6.8e-05	0.923208310332948
CASSQTGQGPTEAFF	TRBV16*01	6.8e-05	0.4050355418153898
CASSLVAGPAYEQYF	TRBV5-1*01	6.8e-05	0.474529442926475
CASSVRGGNTEAFF	TRBV9*01	6.8e-05	0.08396187428314418
CASSQGGPDYEQYF	TRBV4-1*01	6.8e-05	0.16009136593790746
CASIRSGGTEAFF	TRBV6-2*01	6.8e-05	0.38887708996369996
CASSFERNTIYF	TRBV7-2*01	6.8e-05	0.41229501932762713
CASSPGEGAGVTGELFF	TRBV18*01	6.8e-05	0.4387107959648096
CASSIEGGRGNQPQHF	TRBV19*01	6.8e-05	0.22957366903178825
CASSPQVGQPLWGYTF	TRBV3-1*01	6.8e-05	0.8369612175628538
CAISESIGRDYGYTF	TRBV10-3*01	6.8e-05	0.7972671513673446
CASSYGQGNNQPQHF	TRBV6-5*01	6.8e-05	0.212342306305087
CSARDWVSGNEKLFF	TRBV20-1*01	6.8e-05	0.9537888183907339
CSARNRDRAYEQYF	TRBV20-1*01	6.8e-05	0.9055982290787093
CSAVDRGRGEKLFF	TRBV20-1*04	6.8e-05	0.926919305409652
CRVSVSTSYNEQFF	TRBV20-1*02	6.8e-05	0.7017800194825782
CASSQGPAMGYTF	TRBV4-2*01	6.8e-05	0.6993338475896608
CASSLYREAFF	TRBV28*01	6.8e-05	0.4374966181780089
CASRLPQTESSYNSPLHF	TRBV6-6*03	6.8e-05	0.6855023795619744
CASSYSGGPWNTEAFF	TRBV6-2*01	6.8e-05	0.644373058593065
CASSLGAGGGDQPQHF	TRBV5-1*01	6.8e-05	0.10436410305241753
CATSRDLSQNQPQHF	TRBV15*01	6.8e-05	0.6467254956987387
CASSTAGTVREKLFF	TRBV19*03	6.8e-05	0.7173760512242793
CASSRPDLRGGSYTF	TRBV7-8*03	6.8e-05	0.7327361553467
CASSLGSGADGYTF	TRBV13*01	6.8e-05	0.27348107169620445
CASSARDSSYEQYF	TRBV9*03	6.8e-05	0.24066713539244156
CASSVNGNQPQHF	TRBV6-4*01	6.8e-05	0.1744742104197885
CASSLQVEKLFF	TRBV28*01	6.8e-05	0.5177753169613807
CASSPLYDTQYF	TRBV27*01	6.8e-05	0.47153533141131804
CASSWTGGEQYF	TRBV5-1*01	6.8e-05	0.2959264882155838
CASSLAGQGLLAGYNEQFF	TRBV11-2*01	6.8e-05	0.6876467030972938
CASSPPGQPNSGNTIYF	TRBV18*01	6.8e-05	0.43333120885511445
CASSSLDRGYQETQYF	TRBV27*01	6.8e-05	0.5207533332818304
CASSPRHGSYNSPLHF	TRBV6-6*04	6.8e-05	0.3919658908584859
CASSVGDDKEVYGYTF	TRBV9*01	6.8e-05	0.7120155507821324
CAISESWGGPYEQYF	TRBV10-3*01	6.8e-05	0.6302331577584701
CAWSEVAVDQPQHF	TRBV30*01	6.8e-05	0.6261830012611388
CASSLNGGNTEAFF	TRBV27*01	6.8e-05	0.17270180423513573
CASSIAARGEAFF	TRBV19*01	6.8e-05	0.7992257168121468
CASSEGQGTAYTF	TRBV6-4*01	6.8e-05	0.42586384638107244
CASSMTQGFEQYF	TRBV11-3*01	6.8e-05	0.6791044967544141
CASIPGLAGGKQYNEQFF	TRBV6-1*01	6.8e-05	0.8180670946501937
CASSIIGGTGYDTEAFF	TRBV19*01	6.8e-05	0.5302412566454734
CATSDRDKTNTGELFF	TRBV24-1*01	6.8e-05	0.6825957529697104
CASSSTSGGLGDEQFF	TRBV7-3*01	6.8e-05	0.5107591677538945
CASSGSGAAYNSPLHF	TRBV14*02	6.8e-05	0.41242132627008654
CASSLRRGGHTGELFF	TRBV5-1*01	6.8e-05	0.5867478016908226
CASSLEGTISYEQYF	TRBV5-8*01	6.8e-05	0.39141533837895415
CASSLLAGGYNEQFF	TRBV27*01	6.8e-05	0.241815985836288
CASSVRPGGDYGYTF	TRBV9*01	6.8e-05	0.3367708284582596
CASSLYGGQGWSTGELFF	TRBV28*01	6.8e-05	0.8363551821126901
CASSIPSDSSYNEQFF	TRBV19*01	6.8e-05	0.5154356507627186
CASSLGTSGVSYEQYF	TRBV5-1*01	6.8e-05	0.18110428550233537
CASSLRDRLMNTEAFF	TRBV5-1*01	6.8e-05	0.43925947744336735
CASSVGQSSYEQYF	TRBV9*01	6.8e-05	0.2251463307626701
CASRFDPSGANVLTF	TRBV7-3*01	6.8e-05	0.7362813200556172
CSARAPSGDYNEQFF	TRBV20-1*01	6.8e-05	0.9567991079086544
CASSPRQENTEAFF	TRBV13*01	6.8e-05	0.24492181408670244
CASSVSNYGYTF	TRBV9*01	6.8e-05	0.11906626272347547
CATGDRVTEKLFF	TRBV19*01	6.8e-05	0.7172124077492312
CASSQESREGGDEQFF	TRBV4-1*01	6.8e-05	0.6090878148601746
CASSLRGTYEEQYF	TRBV7-2*01	6.7e-05	0.55492202925174
CASSDGTNYGYTF	TRBV18*01	6.7e-05	0.13146593717385618
CASSQAGGAEAFF	TRBV7-9*01	6.7e-05	0.39366437038831087
CASSLEAGGYTF	TRBV2*01	6.7e-05	0.1816634484644719
CASSQSGGTGAYNEQFF	TRBV16*01	6.7e-05	0.2734940160651131
CASSDSGGSGANVLTF	TRBV6-4*01	6.7e-05	0.11142774766649825
CASGFTGTYYEQYF	TRBV28*01	6.7e-05	0.43190308005758093
CASSLRVGYEQYF	TRBV11-3*01	6.7e-05	0.3196426189119266
CSAQGAGNSPLHF	TRBV20-1*01	6.7e-05	0.6842566456871695
CSVASQGDGEQYF	TRBV29-1*01	6.7e-05	0.9273936733441016
CASSYSIGREDHNEQFF	TRBV6-2*01	6.7e-05	0.834061357504083
CASSLFFGPSSYEQYF	TRBV27*01	6.7e-05	0.6991280935878922
CASSPVRGRGNQPQHF	TRBV11-2*01	6.7e-05	0.5059136933564191
CASSPTIGSDTEAFF	TRBV18*01	6.7e-05	0.6052838271935721
CASSLGRDSSYEQYF	TRBV7-2*01	6.7e-05	0.21767379182422655
CASSPLWAAYEQYF	TRBV18*01	6.7e-05	0.6796762043758591
CASSAGGGGEKLFF	TRBV2*01	6.7e-05	0.19826889820675753
CASSPTVTYEQYF	TRBV4-1*01	6.7e-05	0.32415909533882437
CASSSDVLGRSYEQYF	TRBV3-1*01	6.7e-05	0.36990990911391075
CASSYSVQGASYEQYF	TRBV6-5*01	6.7e-05	0.19950622517984282
CASRPRPGQGVHTIYF	TRBV6-1*01	6.7e-05	0.8637396789759483
CASSLRTGPYNEQFF	TRBV28*01	6.7e-05	0.3706166598129687
CASSVEDRGRRGYTF	TRBV9*01	6.7e-05	0.8164532045630445
CASLDRPNTGELFF	TRBV3-1*01	6.7e-05	0.33624593604679487
CASQPRNGNQPQHF	TRBV6-6*05	6.7e-05	0.35492422178309035
CSARDTRVDQPQHF	TRBV20-1*01	6.7e-05	0.9223423579300271
CASRGDGSYEQYF	TRBV10-1*01	6.7e-05	0.21019447090136845
CASSLTYEQYF	TRBV7-9*01	6.7e-05	0.11224495857458401
CASSLWTAAGNTEAFF	TRBV27*01	6.7e-05	0.8086110436373596
CASSLALTAYNSPLHF	TRBV11-2*01	6.7e-05	0.43908437801124867
CASSDGGWDSYEQYF	TRBV6-4*01	6.7e-05	0.5101727922133784
CASSRLAAQETQYF	TRBV2*01	6.7e-05	0.5334359152399702
CASRPGTDGNTIYF	TRBV7-9*01	6.7e-05	0.35426391824253867
CSARDTFSSYEQYF	TRBV20-1*01	6.7e-05	0.8974118954564746
CATSRLEYNEQFF	TRBV24-1*01	6.7e-05	0.40651627130099777
CASSPGLEGTQYF	TRBV6-6*04	6.7e-05	0.43795994164480834
CASRDSGGTEAFF	TRBV6-5*01	6.7e-05	0.16892612666331838
CASSRGVETQYF	TRBV18*01	6.7e-05	0.3044414076454866
CASSLTNYEQYF	TRBV11-1*01	6.7e-05	0.11051581698760451
CASSFRREAFF	TRBV28*01	6.7e-05	0.38117397003666464
CASSLVNEQFF	TRBV28*01	6.7e-05	0.22191392100540258
CASPIRGPGGDYTEAFF	TRBV6-2*01	6.7e-05	0.7811812944955762
CASSLNSGFTDTQYF	TRBV7-3*01	6.7e-05	0.3744787464787765
CASTLLEVNQPQHF	TRBV6-1*01	6.7e-05	0.5310091237433013
CASSRGQSNSPLHF	TRBV4-1*01	6.7e-05	0.34969409957873426
CASSIVQNTEAFF	TRBV19*01	6.7e-05	0.23266759136495285
CASSTWTGGEQYF	TRBV19*03	6.7e-05	0.5476096531001906
CASSYSDRGGAFF	TRBV6-5*01	6.7e-05	0.9103300126027122
CASSIGQEEENEQFF	TRBV19*01	6.7e-05	0.6680344959989831
CASSEASGEDQPQHF	TRBV2*01	6.7e-05	0.16792642040793432
CASSLAGGSNYGYTF	TRBV7-6*01	6.7e-05	0.09535641626361645
CASSPRSGDLYEQYF	TRBV4-1*01	6.7e-05	0.2962520780130454
CASSQGTSGHYEQYF	TRBV4-3*01	6.7e-05	0.24576996468062132
CAISEGTDRDGYTF	TRBV10-3*01	6.7e-05	0.8871044896180725
CASSLSRLGHEQFF	TRBV27*01	6.7e-05	0.6351369591811317
CASNWNGSPVEQFF	TRBV6-5*01	6.7e-05	0.9079552850613091
CSARGSRLAGEQYF	TRBV20-1*01	6.7e-05	0.9311928392808649
CASSLARVYEQYF	TRBV7-9*01	6.7e-05	0.2613940289862974
CSARDLRGYEQYF	TRBV20-1*01	6.7e-05	0.8171445983236871
CASGAPGYEQYF	TRBV6-2*01	6.7e-05	0.3291364770710115
CASREGGYTF	TRBV6-2*01	6.7e-05	0.09773991219800045
CASSNPTGGSFVSNQPQHF	TRBV19*01	6.7e-05	0.5088076792919474
CASSDSTPGLYEQYF	TRBV6-4*01	6.7e-05	0.43640362133908484
CASSDSRGGANVLTF	TRBV6-4*01	6.7e-05	0.17257959884125917
CASSVTSSGGNEQFF	TRBV6-4*01	6.7e-05	0.38904891988824847
CASSEEESSYEQYF	TRBV2*01	6.7e-05	0.26076394457635027
CASRRQGSYNEQFF	TRBV6-1*01	6.7e-05	0.2662111758677641
CASSPVASGTEAFF	TRBV4-1*01	6.7e-05	0.4648012594653355
CASSMDRLIGYTF	TRBV19*01	6.7e-05	0.8124203180272422
CASSYSISTEAFF	TRBV6-5*01	6.7e-05	0.3231737880642962
CASSYGGGNEQFF	TRBV6-2*01	6.7e-05	0.23090892351830433
CASSAHLRAGVYEQYF	TRBV9*03	6.7e-05	0.6766478075214596
CASRATSGRDNEQFF	TRBV2*01	6.7e-05	0.7181346904205942
CSAEGHAGDYEQYF	TRBV20-1*01	6.7e-05	0.878263922627094
CASTVLPTGSGNTIYF	TRBV5-1*01	6.7e-05	0.6687961501047373
CASSPSREGPIEAFF	TRBV27*01	6.7e-05	0.7557355290407594
CASSLFLARVYEQYF	TRBV7-8*01	6.7e-05	0.7609953709468289
CASSLEEQPKNIQYF	TRBV5-1*01	6.7e-05	0.7945847228895004
CASSQQRGVDEQFF	TRBV6-6*05	6.7e-05	0.611348664433802
CATGLAGGDTQYF	TRBV15*02	6.7e-05	0.45154111324768265
CASSHGLARDFNTGELFF	TRBV27*01	6.7e-05	0.8811639895391464
CASSSSLGEGHGYTF	TRBV5-1*01	6.7e-05	0.24737515024865828
CAWSVVEKLFF	TRBV30*01	6.6e-05	0.4932923764989113
CASSLYKGAPYNEQFF	TRBV28*01	6.6e-05	0.7061881110773981
CASSPRGDRGEPQHF	TRBV5-1*01	6.6e-05	0.5404168323860368
CASSPPRASGANVLTF	TRBV28*01	6.6e-05	0.4262471172763741
CAISEFRDNNSPLHF	TRBV10-3*01	6.6e-05	0.6770699906676289
CSATSGRAYEQYF	TRBV20-1*02	6.6e-05	0.7931126018183632
CASSLLAGGYNEQFF	TRBV7-3*01	6.6e-05	0.241815985836288
CASSLAGGNQETQYF	TRBV5-1*01	6.6e-05	0.48021893542100685
CAWTGGLPGNTIYF	TRBV30*01	6.6e-05	0.6432770062081978
CASSQSGNGYEQYF	TRBV7-3*01	6.6e-05	0.25729028445475827
CSAAGDRGSPLHF	TRBV29-1*01	6.6e-05	0.8222107398437839
CSGGTANTEAFF	TRBV29-1*01	6.6e-05	0.5905944490735687
CASSFRNEAFF	TRBV28*01	6.6e-05	0.1546829511538784
CASSLGPQHF	TRBV28*01	6.6e-05	0.09141291067361706
CASSPPTGTGASNQPQHF	TRBV18*01	6.6e-05	0.24228871647103611
CASSELAGGTDTQYF	TRBV6-1*01	6.6e-05	0.18189788464189113
CSARYRGPYNSPLHF	TRBV20-1*05	6.6e-05	0.9552145180426544
CASNGGPTEAFF	TRBV28*01	6.6e-05	0.2635846806535661
CASSQAPGADLDYGYTF	TRBV4-2*01	6.6e-05	0.6085260988192913
CASSKLRGTSGANEQYF	TRBV6-2*01	6.6e-05	0.6321027474670365
CASSVVKGVGTGELFF	TRBV6-6*03	6.6e-05	0.7488537595360619
CASSLGTSGATYEQYF	TRBV5-1*01	6.6e-05	0.17124714589676432
CASSTGTNPGELFF	TRBV27*01	6.6e-05	0.7715603060458579
CASSFSGGQETQYF	TRBV7-7*01	6.6e-05	0.4118412618995631
CAWKGTVVGGLFF	TRBV30*01	6.6e-05	0.9383912967901828
CASRSMWPDEQFF	TRBV6-6*03	6.6e-05	0.9466851499169876
CATSDLTPGLDTDTQYF	TRBV24-1*01	6.6e-05	0.8531179942320559
CATSDLRAGESYNEQFF	TRBV24-1*01	6.6e-05	0.7818575555045094
CASSERGQGINGELFF	TRBV2*01	6.6e-05	0.5138084896201681
CASSPGNLEYTDTQYF	TRBV3-1*01	6.6e-05	0.6943420898632119
CASSLGGGGSGNTIYF	TRBV5-1*01	6.6e-05	0.1510897771238368
CASAQGVPSGNTIYF	TRBV19*01	6.6e-05	0.40159960887979207
CASSPGTPPYNEQFF	TRBV6-6*04	6.6e-05	0.7155523915251804
CASSGEVAGANVLTF	TRBV6-1*01	6.6e-05	0.2500299711644326
CATSEGGEVGELFF	TRBV24-1*01	6.6e-05	0.42102926853507944
CASTRTGGTYEQYF	TRBV7-9*05	6.6e-05	0.24780121928979718
CASSEDGMNTEAFF	TRBV10-2*01	6.6e-05	0.3064098218299574
CASSPQDRGAEAFF	TRBV5-1*01	6.6e-05	0.7660965775717247
CASSLQGNTEAFF	TRBV7-3*01	6.6e-05	0.0885084703977243
CASSTGPTGELFF	TRBV7-2*01	6.6e-05	0.25370320445431893
CAISGQGSEAFF	TRBV10-3*01	6.6e-05	0.3691906254314725
CASSFGGSPSYNEQFF	TRBV27*01	6.6e-05	0.6801861767301751
CASSESNPVVNTEAFF	TRBV2*03	6.6e-05	0.751946807730207
CASSHTLQGRADTQYF	TRBV7-9*01	6.6e-05	0.8964549323301843
CASSPTHPRGEKLFF	TRBV27*01	6.6e-05	0.877635211809494
CASSLTNRGRQPQHF	TRBV7-2*01	6.6e-05	0.4803636333538849
CASRPRAGVSYEQYF	TRBV5-8*01	6.6e-05	0.38912180665723706
CSAHPASGGANEQFF	TRBV20-1*01	6.6e-05	0.985272984517642
CAITAGTGDTEAFF	TRBV10-3*01	6.6e-05	0.4627188924222101
CASTAGVGSYEQYF	TRBV9*01	6.6e-05	0.320661289252215
CASSQRQGNQPQHF	TRBV4-3*01	6.6e-05	0.083568644438342
CSARWGAGTGELFF	TRBV20-1*05	6.6e-05	0.9362157048630496
CSAPGTSDYNEQFF	TRBV20-1*01	6.6e-05	0.7912968795302538
CASSLGALPGQGIYEQYF	TRBV7-2*01	6.6e-05	0.6118093091825375
CSARERSGSLTGELFF	TRBV20-1*01	6.6e-05	0.9500956064213628
CATSSDGARHQPQHF	TRBV15*02	6.6e-05	0.6628055118690197
CASSQPGVPGNTIYF	TRBV3-1*01	6.6e-05	0.4667978953355779
CASRRPGRGYGYTF	TRBV11-2*01	6.6e-05	0.5171791821422245
CASATSGRSNEQFF	TRBV19*01	6.6e-05	0.32730202444932377
CASGDRARVIEQFF	TRBV27*01	6.6e-05	0.9369280106241821
CASTLNPQNSPLHF	TRBV6-1*01	6.6e-05	0.8195957696187557
CASSSRNSNYGYTF	TRBV6-6*05	6.6e-05	0.14586313721635286
CASSVVWGAGELFF	TRBV9*01	6.6e-05	0.8369565163572844
CASNFGQGQTEQYF	TRBV7-9*01	6.6e-05	0.6538636248830322
CASSTTNEKLFF	TRBV18*01	6.6e-05	0.2160983968029359
CAISDHRDRGPYEQYF	TRBV10-3*01	6.6e-05	0.8200200106066822
CASSVQPKNTGELFF	TRBV6-1*01	6.6e-05	0.6644260042874414
CSASGLTNTGELFF	TRBV20-1*04	6.6e-05	0.7304063400607068
CSVEGGGGGHGELFF	TRBV29-1*01	6.6e-05	0.663863298110997
CASIGAGELFF	TRBV28*01	6.6e-05	0.43004318005030195
CASSQDARGGTNEQYF	TRBV4-3*01	6.6e-05	0.3970541316142772
CASSEGGQAYEQYF	TRBV7-2*01	6.6e-05	0.2770500913553564
CASRRASRGGEQYF	TRBV6-6*04	6.5e-05	0.7136885456239273
CSARDQGPLGKAFF	TRBV20-1*01	6.5e-05	0.9956867089135177
CATSDYNYEQYF	TRBV24-1*01	6.5e-05	0.6100324191001307
CASNILASPLNTEAFF	TRBV6-6*03	6.5e-05	0.7628071042181102
CATSDPSRYEQFF	TRBV24-1*01	6.5e-05	0.6486587664062992
CASRGVEGYTF	TRBV28*01	6.5e-05	0.1972764096496761
CASSLRGEQYF	TRBV5-1*01	6.5e-05	0.17186402295914913
CASIPGGSGANVLTF	TRBV19*01	6.5e-05	0.297399943102461
CASSGAYTAYNEQFF	TRBV6-6*05	6.5e-05	0.4191445366383541
CASSADRDNTEAFF	TRBV2*01	6.5e-05	0.20492012296140336
CASSQGGRAFEQYF	TRBV14*01	6.5e-05	0.7151472354624239
CSATILLSYNEQFF	TRBV20-1*02	6.5e-05	0.9730196558594945
CSARELGFDTEAFF	TRBV20-1*01	6.5e-05	0.9254335471677951
CASSRQENQPQHF	TRBV14*01	6.5e-05	0.11848292496780552
CASSYTTGGEGQPQHF	TRBV6-5*01	6.5e-05	0.29818406811433534
CASSEELAGFYNEQFF	TRBV6-1*01	6.5e-05	0.5194140623300759
CASRTKGATNEKLFF	TRBV28*01	6.5e-05	0.539195534382258
CASTQGGDNYEQYF	TRBV6-1*01	6.5e-05	0.4765883677097553
CSAPSQLSALHF	TRBV20-1*01	6.5e-05	0.9907892722973389
CASKWSPGQGSYQPQHF	TRBV6-1*01	6.5e-05	0.8201511875707546
CSARAPVGSGSSYEQYF	TRBV20-1*01	6.5e-05	0.9649967161008811
CSARGDREENTEAFF	TRBV20-1*01	6.5e-05	0.8417092609135215
CASSILTGSSPLHF	TRBV19*01	6.5e-05	0.400020273368329
CASSPFEGAQPQHF	TRBV11-2*01	6.5e-05	0.45824586126595185
CAITTGEDSPLHF	TRBV10-3*01	6.5e-05	0.7458468312144246
CSVETPEGYEQYF	TRBV29-1*01	6.5e-05	0.9193835722949353
CATSALTGVNTGELFF	TRBV24-1*01	6.5e-05	0.5800233268519533
CASSLRDSNTGELFF	TRBV18*01	6.5e-05	0.1945635330851172
CASSYGTGGLNEAFF	TRBV6-5*01	6.5e-05	0.47503828663511244
CASSVDVLPPNEQFF	TRBV9*01	6.5e-05	0.8929192595803577
CASSQVGQGNQPQHF	TRBV4-1*01	6.5e-05	0.12274797043410036
CATSAGGSTDTQYF	TRBV24-1*01	6.5e-05	0.3149894215946299
CASSLGGSNEKLFF	TRBV28*01	6.5e-05	0.15441566120018896
CASSLGRIGEKLFF	TRBV28*01	6.5e-05	0.5414042965164539
CASSLGRGLNEQYF	TRBV7-2*01	6.5e-05	0.21500637057334193
CASSVDPSGSGYTF	TRBV9*01	6.5e-05	0.4341122168965524
CASKQTGPVVEQYF	TRBV5-1*01	6.5e-05	0.8318166087012164
CSASNGQNTGELFF	TRBV20-1*04	6.5e-05	0.5895414504017268
CASSQGTGDEQFF	TRBV18*01	6.5e-05	0.25788560915440645
CASSVDNNSPLHF	TRBV7-6*01	6.5e-05	0.2338728128993042
CASSDPGTTEAFF	TRBV6-6*05	6.5e-05	0.3321346920592599
CARGTEYNSPLHF	TRBV3-2*02	6.5e-05	0.67066374691854
CASSPTWTVAAYNEQFF	TRBV19*01	6.5e-05	0.8190947169557884
CASSYSRDRNSYEQYF	TRBV6-2*01	6.5e-05	0.43633197880573127
CSATDRPLNYNEQFF	TRBV20-1*01	6.5e-05	0.9341545515002934
CSARDKVYGGREEFF	TRBV20-1*01	6.5e-05	0.9671280060661367
CASSIMGGTDTQYF	TRBV19*01	6.5e-05	0.46525246848283314
CASRVTSTNEKLFF	TRBV6-1*01	6.5e-05	0.5504121317573366
CASSGGPPLETQYF	TRBV5-1*01	6.5e-05	0.772254235831611
CAWSRQGASEAFF	TRBV30*01	6.5e-05	0.3354509177296685
CASSNRGANTIYF	TRBV6-6*03	6.5e-05	0.29094909154706566
CASRPDRPFEQYF	TRBV6-2*01	6.5e-05	0.8556651527464451
CSAQGGEQYF	TRBV20-1*01	6.5e-05	0.8089726729267807
CASSLPGTGGLWGTGELFF	TRBV5-1*01	6.5e-05	0.7488851461014335
CATSDLHRGDTGELFF	TRBV24-1*01	6.5e-05	0.8657849515426895
CATSPRMGVTAGELFF	TRBV15*02	6.5e-05	0.9520129100236382
CASSYRRAGDNQPQHF	TRBV6-2*01	6.5e-05	0.638992219568272
CASKIQSGHTGELFF	TRBV6-1*01	6.5e-05	0.5927354654676058
CASSRQTANTGELFF	TRBV5-1*01	6.5e-05	0.29625776951027044
CASSPRDTYEKLFF	TRBV18*01	6.5e-05	0.4147821541193746
CASSRDPSNQPQHF	TRBV7-8*03	6.5e-05	0.252278791809893
CASSFGGANVLTF	TRBV13*01	6.5e-05	0.13161775397835068
CATSDLLGTSGRMGELFF	TRBV24-1*01	6.5e-05	0.8622324385507392
CASSLRGAAEYNSPLHF	TRBV5-1*01	6.5e-05	0.42806288830421946
CASSLNSGTGNGELFF	TRBV5-1*01	6.5e-05	0.28063309957048144
CASSPSAGLYNEQFF	TRBV6-6*05	6.5e-05	0.4996281266898147
CASSYSLDETQYF	TRBV6-5*01	6.5e-05	0.6066933224848501
CASSRGGEDTQYF	TRBV6-4*01	6.5e-05	0.14958102013581587
CAISESQGGYTF	TRBV10-3*01	6.5e-05	0.6068095937436037
CASSSPNYEQFF	TRBV6-2*01	6.5e-05	0.20422036418525907
CASSPWGSPIASGDSYEQYF	TRBV4-1*01	6.5e-05	0.6669235003526347
CASSKQGFATGDTQYF	TRBV6-6*03	6.5e-05	0.7890545158994924
CASSLDHSGVYGYTF	TRBV5-5*01	6.5e-05	0.5164878320423822
CSAKTGSSQWQPQHF	TRBV20-1*01	6.5e-05	0.9661154022423962
CAISERQGGTEAFF	TRBV10-3*01	6.5e-05	0.6244455015566556
CASSWDSGANVLTF	TRBV6-2*01	6.5e-05	0.21097229200749998
CSARRGTLTYEQYF	TRBV20-1*01	6.5e-05	0.9404306650185498
CATPLLGQGRGDTQYF	TRBV24-1*01	6.5e-05	0.8902434280836184
CASSELAGGPDTQYF	TRBV6-1*01	6.5e-05	0.2639596182509727
CASSLAGLSNQPQHF	TRBV5-1*01	6.5e-05	0.34265768016532155
CASSYRNPGTEAFF	TRBV6-5*01	6.5e-05	0.9059884598290154
CASSLVPGRTGELFF	TRBV7-9*01	6.5e-05	0.6260824149245999
CASSQVTGAFNTEAFF	TRBV4-3*01	6.4e-05	0.7197767379457591
CSAREILAGVNTGELFF	TRBV20-1*01	6.4e-05	0.936628619070052
CATSDPGQPERTVLTF	TRBV24-1*01	6.4e-05	0.9795429723057021
CASSDRGTDTQYF	TRBV2*01	6.4e-05	0.18576418180059484
CASSQGAEEDYNYGYTF	TRBV4-2*01	6.4e-05	0.3540773697403159
CASSEGPTGNSPLHF	TRBV7-8*01	6.4e-05	0.33478235326637484
CASSWTGGFNEQFF	TRBV2*01	6.4e-05	0.6022326542711014
CASRGNGELFF	TRBV27*01	6.4e-05	0.21178927144498869
CATSDPGQSSGANVLTF	TRBV24-1*01	6.4e-05	0.43558627493385343
CATSDLGLNYGYTF	TRBV24-1*01	6.4e-05	0.43579243647357685
CSARLDSVYTPLHF	TRBV20-1*02	6.4e-05	0.9711915154205442
CASSYDTSRGYTF	TRBV5-1*01	6.4e-05	0.7656727782747886
CASSLVVGRAGDNEQFF	TRBV11-3*01	6.4e-05	0.9036416009408834
CASSQDGSSGWRGGYTF	TRBV4-3*01	6.4e-05	0.9440902893064682
CATSDSGQGATGELFF	TRBV24-1*01	6.4e-05	0.38628463388491435
CASSPSTGPFYEQYF	TRBV18*01	6.4e-05	0.5929248699948888
CASYTGAGVVEKLFF	TRBV28*01	6.4e-05	0.7965098278508992
CASSPSSGATDTQYF	TRBV6-1*01	6.4e-05	0.2932683743283144
CASSAGLVAPSEQYF	TRBV2*01	6.4e-05	0.9061742049527567
CASSLIAGAGNEQFF	TRBV7-3*01	6.4e-05	0.5989527867554388
CASSPGTGNTEAFF	TRBV28*01	6.4e-05	0.09834477111530365
CASRVGRQDEKLFF	TRBV2*01	6.4e-05	0.863400060007888
CASSEGGVDEQFF	TRBV6-1*01	6.4e-05	0.275165624482895
CASSLAVGGKIGNTIYF	TRBV28*01	6.4e-05	0.4753851245685184
CASSSGQPLGNEKLFF	TRBV28*01	6.4e-05	0.6751604504872308
CASSYVLGTGDTEAFF	TRBV6-2*01	6.4e-05	0.3912948717007404
CASSQQREWSYNEQFF	TRBV28*01	6.4e-05	0.7659315842527575
CASSYSGQGIEKLFF	TRBV6-2*01	6.4e-05	0.5807607874285003
CSARVGGYDTEAFF	TRBV20-1*01	6.4e-05	0.8667044516896645
CASSSGYEEKLFF	TRBV27*01	6.4e-05	0.3579664129634346
CASSQDSNQPQHF	TRBV4-2*01	6.4e-05	0.14395230462948047
CSATDSSNSPLHF	TRBV20-1*01	6.4e-05	0.7043456483191839
CATSDHNEKLFF	TRBV24-1*01	6.4e-05	0.38248143194814505
CASSQETHEQYF	TRBV4-1*01	6.4e-05	0.41428244876373105
CASSPRVEAFF	TRBV28*01	6.4e-05	0.4577018942065923
CASSPRDRDYISGNTIYF	TRBV18*01	6.4e-05	0.6428340859431794
CASSSTVAAGNEKLFF	TRBV6-5*01	6.4e-05	0.44179188585942186
CASSYSRAGGSYEQYF	TRBV6-5*01	6.4e-05	0.2920006571350421
CASSHRGASGANTQYF	TRBV14*01	6.4e-05	0.47254350280269186
CATSTLGTESEKLFF	TRBV15*02	6.4e-05	0.760414678862864
CASSQEWGPNYEQYF	TRBV4-2*01	6.4e-05	0.5739929184157638
CASSHRQGSNQPQHF	TRBV4-1*01	6.4e-05	0.4397736249378616
CSARVQGEDTGELFF	TRBV20-1*01	6.4e-05	0.9281190903534926
CASKEGDPGTEAFF	TRBV7-3*01	6.4e-05	0.6456965795374815
CASKSSGANVLTF	TRBV27*01	6.4e-05	0.25641200667818814
CSVDEPGRVGYTF	TRBV29-1*01	6.4e-05	0.929483718086984
CASSRPGAEAFF	TRBV11-2*01	6.4e-05	0.4836041389477665
CASSEGSGTGGSVEKLFF	TRBV2*01	6.4e-05	0.3315855377204198
CASSAPDLAGYNEQFF	TRBV6-6*05	6.4e-05	0.5102502012472708
CATPLADSGNTIYF	TRBV7-9*01	6.4e-05	0.5153918048255749
CASSAGASTDTQYF	TRBV6-1*01	6.4e-05	0.18751234721608845
CASRQGENTDTQYF	TRBV5-1*01	6.4e-05	0.33114701388445256
CATSGQGDNEQFF	TRBV24-1*01	6.4e-05	0.4074078381774576
CASSGGYEQYF	TRBV5-1*01	6.4e-05	0.09365258141671477
CAISPRDLSSYEQYF	TRBV10-3*01	6.4e-05	0.6068145213695805
CASSIGSGPYNEQFF	TRBV19*01	6.4e-05	0.28280526661665795
CASSVQGRNIDEQFF	TRBV9*01	6.4e-05	0.6529188356209987
CASSPRIGAKAFF	TRBV27*01	6.4e-05	0.8741558871445534
CASSLEESEAFF	TRBV28*01	6.4e-05	0.1601009515922199
CASKEGPLRANVLTF	TRBV28*01	6.4e-05	0.9331451030141596
CASSLILEGTEAFF	TRBV11-2*01	6.4e-05	0.5661229911698349
CSASPPGRSYEQYF	TRBV20-1*02	6.4e-05	0.8799238864703078
CASSRTEETQYF	TRBV11-2*01	6.4e-05	0.2777945057891665
CASSLALRGSWNSPLHF	TRBV5-1*01	6.4e-05	0.877996742935909
CASSYRDRGYQETQYF	TRBV6-5*01	6.4e-05	0.6018792583713911
CSVEGRGSDYEQYF	TRBV29-1*01	6.4e-05	0.6437718036622359
CASSSSGRHNEQFF	TRBV7-8*01	6.4e-05	0.3291544816282859
CASSDSGTSGGDEQFF	TRBV6-4*01	6.4e-05	0.343567206608563
CASSYTRFPDGNTIYF	TRBV6-5*01	6.3e-05	0.8708582007969283
CASSQDASGTYEQYF	TRBV4-1*01	6.3e-05	0.32380950841757344
CASSLRPGQGGGSVYEQYF	TRBV27*01	6.3e-05	0.3641228504963999
CASSLATARGPGYTF	TRBV7-9*01	6.3e-05	0.818682509395745
CASSQEATGDSPLHF	TRBV4-1*01	6.3e-05	0.5087278745934571
CASSMGGGLLNEQFF	TRBV19*01	6.3e-05	0.6745176116271373
CASSYPNKDTGELFF	TRBV6-5*01	6.3e-05	0.8662277445254788
CASSSGGQGYEQYF	TRBV13*01	6.3e-05	0.13963244107689496
CSARVGLYSYEQYF	TRBV20-1*01	6.3e-05	0.9463336805114254
CASSPGTVSEQYF	TRBV7-3*01	6.3e-05	0.32796096605299885
CAISDYRRGYTF	TRBV10-3*01	6.3e-05	0.5947910342152162
CASSYPFAFGGSVDEQFF	TRBV6-5*01	6.3e-05	0.8974131904825315
CSARDLRRGAKDEQYF	TRBV20-1*01	6.3e-05	0.9790969721776589
CASSRTGASGNTIYF	TRBV9*01	6.3e-05	0.18153060767303392
CASSDSSGGPDTQYF	TRBV6-4*01	6.3e-05	0.21991246080596222
CAISTRDRDYEQYF	TRBV10-3*01	6.3e-05	0.6967187174532189
CASSPETGLQPQHF	TRBV3-1*01	6.3e-05	0.47528133787355137
CASSAGVYSPLHF	TRBV2*01	6.3e-05	0.40742461720287887
CASKSGNQPQHF	TRBV7-9*06	6.3e-05	0.12126319949395334
CSARGGNARRGQETQYF	TRBV20-1*01	6.3e-05	0.9698150407088335
CASSIPGQLSTDTQYF	TRBV28*01	6.3e-05	0.7566350426952617
CASTSGDGLTDTQYF	TRBV2*01	6.3e-05	0.4800104482885795
CASSFGTGSGNTIYF	TRBV27*01	6.3e-05	0.1500179099280317
CASSYRPEADYGYTF	TRBV6-5*01	6.3e-05	0.7480006857683807
CASSSRTASGNTIYF	TRBV7-2*01	6.3e-05	0.31279983953142204
CASLELMGTGELFF	TRBV2*01	6.3e-05	0.4144753144168159
CASSFLAGHNEQFF	TRBV6-2*01	6.3e-05	0.43882297375659873
CASSLLATNEKLFF	TRBV6-5*01	6.3e-05	0.2997117784428331
CASSPVGANVLTF	TRBV18*01	6.3e-05	0.24140965421888824
CASSGTSDGPQHF	TRBV6-4*01	6.3e-05	0.27899517787009465
CASSLGGSYEQYF	TRBV7-2*01	6.3e-05	0.08514013303979256
CASRGGPNSPLHF	TRBV7-2*01	6.3e-05	0.5541696715208992
CASSEDRGREQYF	TRBV4-3*03	6.3e-05	0.2962072317271696
CATSRGGQPQHF	TRBV15*01	6.3e-05	0.12966084367219066
CSARDVANPSSGNTIYF	TRBV20-1*01	6.3e-05	0.9340469454567585
CSARGPSGPMSSPLHF	TRBV20-1*01	6.3e-05	0.9421012668749538
CASSSEGAGDTEAFF	TRBV6-5*01	6.3e-05	0.18564607101184658
CASSPSGHSTGELFF	TRBV6-4*01	6.3e-05	0.39841972663564673
CASSEGGGLAYEQFF	TRBV6-1*01	6.3e-05	0.3777140389545891
CASSHRKGWSTEAFF	TRBV6-6*05	6.3e-05	0.8241123586902852
CASSVGNLDNSPLHF	TRBV9*01	6.3e-05	0.4185834531358922
CASISRTGSYEQYF	TRBV2*02	6.3e-05	0.21103808216244985
CASSEGYTRYEQYF	TRBV2*01	6.3e-05	0.3749318971116768
CASRAYTGELFF	TRBV6-6*05	6.3e-05	0.27084751728715456
CASVHEGGPLHSNQPQHF	TRBV6-4*01	6.3e-05	0.8405504223020459
CASSIGLRGGRGGNEQFF	TRBV19*01	6.3e-05	0.7235868600101546
CAIYPLTGTLNTEAFF	TRBV10-3*01	6.3e-05	0.7511705190810172
CASIPGLAYLETQYF	TRBV28*01	6.3e-05	0.9110249904745009
CASSTGTGVTYEQYF	TRBV27*01	6.3e-05	0.273132593850732
CASSLGGQGREKLFF	TRBV5-1*01	6.3e-05	0.3730069301875113
CSARTRDRANYGYTF	TRBV20-1*02	6.3e-05	0.9637471881716027
CASSGGLASDTQYF	TRBV6-2*01	6.3e-05	0.3416588870425886
CASSRYWGSYGYTF	TRBV6-2*01	6.3e-05	0.7683938573448371
CSATTGNTEAFF	TRBV20-1*01	6.3e-05	0.6271363747965418
CATSDPATGGFNNEQFF	TRBV24-1*01	6.3e-05	0.9111041752879423
CASSPVGGPTSIEAFF	TRBV18*01	6.3e-05	0.9019548377592671
CASSYGGQGIGETQYF	TRBV6-5*01	6.3e-05	0.6549838484219912
CASSLRTGLSTDTQYF	TRBV7-3*01	6.3e-05	0.5018689992400411
CATSERTSGRETQYF	TRBV24-1*01	6.3e-05	0.7749555775528969
CASSDRGSTDTQYF	TRBV6-2*01	6.3e-05	0.20561352080912892
CASSEMGVRGEQYF	TRBV9*01	6.3e-05	0.5993870026861586
CASRPYRGGSEQYF	TRBV6-1*01	6.3e-05	0.5266575079223424
CASSLRNPIYF	TRBV7-2*01	6.3e-05	0.593576097016546
CASVPTVRLAGGSSYEQYF	TRBV6-6*03	6.3e-05	0.7102967895843728
CASSWEGVNRPSYEQYF	TRBV11-2*01	6.3e-05	0.8272169884827529
CAIPRRQGGNTGELFF	TRBV10-3*01	6.3e-05	0.8267809655331713
CASSIGQGLDTEAFF	TRBV19*01	6.3e-05	0.3280109018005045
CASSLGRATNSPLHF	TRBV11-3*01	6.3e-05	0.5090751068328008
CASSLVRGLSYEQYF	TRBV7-2*01	6.3e-05	0.30307109521417724
CASSATRAGGEQYF	TRBV5-1*01	6.3e-05	0.5900522907849972
CAISESPVVSSYEQYF	TRBV10-3*01	6.3e-05	0.7271101833807823
CASSPRLASSYNEQFF	TRBV7-3*01	6.3e-05	0.45144686107459375
CASSFSRGPSDTQYF	TRBV11-3*01	6.3e-05	0.5355930619844075
CASSPRQETYNEQFF	TRBV5-1*01	6.3e-05	0.5134565848367847
CASSFGQGFYGYTF	TRBV7-9*01	6.3e-05	0.29640337157424146
CSVERNYNEQFF	TRBV29-1*01	6.3e-05	0.666274459256772
CASSDSGHSGANVLTF	TRBV6-4*01	6.3e-05	0.21535815582988987
CSASGKPGQAYNEQFF	TRBV20-1*02	6.3e-05	0.891019281648296
CASSPQGDYTDTQYF	TRBV2*01	6.3e-05	0.3377969548446864
CASRPGTAETGELFF	TRBV27*01	6.3e-05	0.5506909807672651
CATSDTGMDTQYF	TRBV24-1*01	6.3e-05	0.5511793597751703
CATSRVSWPNEKLFF	TRBV15*01	6.3e-05	0.8975920063315462
CASSLVKNENTEAFF	TRBV13*01	6.3e-05	0.5625169646258865
CATSSEGASSYNEQFF	TRBV15*02	6.2e-05	0.3736898198709242
CASSALGDRGRGYGYTF	TRBV27*01	6.2e-05	0.3382788833357459
CASSLAQGGYSPLHF	TRBV5-1*01	6.2e-05	0.4336276896178716
CASSLASGVNEKLFF	TRBV7-2*01	6.2e-05	0.21299809119148366
CASSLSGGVNQPQHF	TRBV4-2*01	6.2e-05	0.1975958846904753
CASNPWSSGANVLTF	TRBV11-2*01	6.2e-05	0.5071783423232522
CASKEGAVKNDEQFF	TRBV6-1*01	6.2e-05	0.7396531471653333
CASSLWVGGSYEQYF	TRBV28*01	6.2e-05	0.4571963832679671
CASSSRDRDNEQFF	TRBV9*01	6.2e-05	0.5193460588914248
CASKGQGNTEAFF	TRBV6-1*01	6.2e-05	0.2604367114908869
CASKDSLYNEQFF	TRBV2*01	6.2e-05	0.4848837608046539
CASSSREGYTF	TRBV7-2*01	6.2e-05	0.10404173810098562
CASSYPGQGPSNQPQHF	TRBV6-5*01	6.2e-05	0.5526764968431408
CSVGTGTGYSNYGYTF	TRBV29-1*01	6.2e-05	0.5860391621108498
CAIKGTGGVDTEAFF	TRBV10-3*01	6.2e-05	0.7695746763700605
CASSLALGSVTEAFF	TRBV7-2*01	6.2e-05	0.483543534349761
CASSARPLEPTEAFF	TRBV5-1*01	6.2e-05	0.9154594675215862
CASSSGIYGYTF	TRBV7-9*01	6.2e-05	0.14943132026217024
CASSLTFHEQYF	TRBV5-8*01	6.2e-05	0.5774511677697312
CASSRRTVIMNTEAFF	TRBV19*01	6.2e-05	0.5076561918517857
CASSGTGQAGGETQYF	TRBV28*01	6.2e-05	0.5297045377269874
CASSELGVSGDYGYTF	TRBV2*03	6.2e-05	0.28226944599798526
CASSGTEGTGANVLTF	TRBV4-1*01	6.2e-05	0.19404660664770365
CASSQGLAVDYEQYF	TRBV11-2*01	6.2e-05	0.4147490799527025
CASTQGRSNQPQHF	TRBV19*01	6.2e-05	0.2618052237319681
CASSSTRRAGELFF	TRBV6-5*01	6.2e-05	0.5765280190112823
CASSPRQGAYEQYF	TRBV7-2*01	6.2e-05	0.21388600452429316
CASNAVLQQETQYF	TRBV28*01	6.2e-05	0.6957509001317276
CATMAENTGELFF	TRBV24-1*01	6.2e-05	0.8322752297045136
CASTGWGTEAFF	TRBV19*01	6.2e-05	0.32612327815425224
CASSSVGYEQYF	TRBV7-9*01	6.2e-05	0.09960642345479273
CSADGPSYEQYF	TRBV20-1*01	6.2e-05	0.8008127765768618
CASSFGGIQIKLYNEQFF	TRBV28*01	6.2e-05	0.9049398888047462
CASSTRTGWLAGELFF	TRBV19*01	6.2e-05	0.8211058636350629
CASSLGLAGGSGELFF	TRBV7-3*01	6.2e-05	0.19930251906778862
CASSILAGGSNEQFF	TRBV19*01	6.2e-05	0.3532583127029692
CASSLVRTEFYGYTF	TRBV7-8*01	6.2e-05	0.8269411149665166
CASSLRGQGGSPLHF	TRBV13*01	6.2e-05	0.2981235004160844
CASSQGDTDNQPQHF	TRBV4-1*01	6.2e-05	0.09358187567561388
CSARNLQGGSEKLFF	TRBV20-1*01	6.2e-05	0.9434171047108344
CASSHAGQTYEQYF	TRBV16*01	6.2e-05	0.3462273038750406
CASSQQGGNQPQHF	TRBV4-1*01	6.2e-05	0.07979671801079144
CAVGYQGSGELFF	TRBV27*01	6.2e-05	0.5569810057431998
CASSAGTNNEQFF	TRBV6-4*01	6.2e-05	0.255821021712173
CASSPGPNEQYF	TRBV13*01	6.2e-05	0.2649934572319394
CASTSGFEQYF	TRBV28*01	6.2e-05	0.257106151720625
CSATTGDEQYF	TRBV20-1*01	6.2e-05	0.8301172138297065
CASSYGQGKASGANVLTF	TRBV6-2*01	6.2e-05	0.6922824580388031
CASSQEIGTLSSYEQYF	TRBV4-1*01	6.2e-05	0.7940748034021131
CASSLAGGISTDTQYF	TRBV7-2*01	6.2e-05	0.4334314405170201
CASTRGEDSNSPLHF	TRBV6-1*01	6.2e-05	0.6304679273158313
CASSSRQGARNTIYF	TRBV13*01	6.2e-05	0.3010223679115546
CASSPFGGGSNEQFF	TRBV7-9*01	6.2e-05	0.3936025051336154
CASSQGHGSGNTIYF	TRBV4-2*01	6.2e-05	0.19529464884096834
CSAREPGGFNQPQHF	TRBV20-1*01	6.2e-05	0.8751650075086349
CATSRATGEETQYF	TRBV15*02	6.2e-05	0.3797311698077652
CASTAPGPYNEQFF	TRBV19*01	6.2e-05	0.4720613919734774
CASLWDRTDEKLFF	TRBV2*01	6.2e-05	0.7679021527457699
CASSVRPGKGEQYF	TRBV7-6*02	6.2e-05	0.7381579355949258
CASSPSSIRTEAFF	TRBV5-1*01	6.2e-05	0.619702452609986
CSAPRQTIYEQYF	TRBV20-1*01	6.2e-05	0.9272246380703719
CSARGIPPGPQHF	TRBV20-1*01	6.2e-05	0.9918101730716162
CSASVGGRTEAFF	TRBV20-1*02	6.2e-05	0.7156986536281297
CATSSYTEQYF	TRBV15*02	6.2e-05	0.34339307924855
CSASGLAGAIYNEQFF	TRBV20-1*04	6.2e-05	0.9330324201425996
CASSLTSPLNTEAFF	TRBV28*01	6.2e-05	0.4703563121477861
CSARDPGQLNTEAFF	TRBV20-1*01	6.2e-05	0.9569849831799375
CASSQRDDGSTLHF	TRBV4-2*01	6.2e-05	0.46373568264483145
CASSEATHNEQFF	TRBV6-1*01	6.2e-05	0.5196535974131394
CSARSVTSYEQYF	TRBV20-1*05	6.2e-05	0.8854639176724143
CSAREGSNYGYTF	TRBV20-1*01	6.2e-05	0.6616076446326979
CASSPLAEQYF	TRBV7-9*01	6.2e-05	0.3797411164928677
CASSPQRHGGVGSNQPQHF	TRBV19*01	6.2e-05	0.6979090411580837
CASSQGVGGLANEKLFF	TRBV4-3*01	6.2e-05	0.32164191335117054
CASSTGQGATGELFF	TRBV7-2*01	6.2e-05	0.2818335796916143
CASSPVGLHNEQFF	TRBV7-6*01	6.2e-05	0.6412262207629696
CAGAGSANEQFF	TRBV10-3*01	6.2e-05	0.46424688767481415
CASSPRGRRNFNEQFF	TRBV4-2*01	6.2e-05	0.8369010859579693
CASSSKSGNTEAFF	TRBV11-3*01	6.2e-05	0.29622867892006327
CASSPPRGPNNSPLHF	TRBV7-9*01	6.2e-05	0.6665389154778465
CATSRDYPGTDTQYF	TRBV15*01	6.2e-05	0.6050823067663752
CAIRQPGTNSPLHF	TRBV10-3*01	6.1e-05	0.7057660905877476
CASSYSHYTEAFF	TRBV6-5*01	6.1e-05	0.3531596451973278
CSAGRNTGELFF	TRBV20-1*02	6.1e-05	0.686742717378667
CASSLVGHRNEAFF	TRBV5-1*01	6.1e-05	0.7945406680117634
CASSFLGTGGLDGYTF	TRBV5-1*01	6.1e-05	0.5311766145070609
CASSDSGGNTGELFF	TRBV6-4*01	6.1e-05	0.1313069260953697
CASNWRGPAGELFF	TRBV2*01	6.1e-05	0.9457740950752836
CAILTGAFYGYTF	TRBV6-6*03	6.1e-05	0.8352415456421336
CASSYGENEKLFF	TRBV6-2*01	6.1e-05	0.3020016180439907
CASSKTTGDSTDTQYF	TRBV13*01	6.1e-05	0.45101475766093496
CASSESGLGRGEQYF	TRBV6-1*01	6.1e-05	0.45032181471648175
CASSLNTGSYGYTF	TRBV11-2*01	6.1e-05	0.13007346896801397
CSAITGNVYNEQFF	TRBV20-1*04	6.1e-05	0.9290126054274591
CASSLAPRDTQYF	TRBV28*01	6.1e-05	0.5242376237216505
CASSLSRNYEQYF	TRBV27*01	6.1e-05	0.13332670363753035
CASSSGTQYEQYF	TRBV6-6*05	6.1e-05	0.25731860093954706
CASNRGAGYGYTF	TRBV6-1*01	6.1e-05	0.22179929127075296
CASSQDSSYEQYF	TRBV4-3*01	6.1e-05	0.2500116864241552
CASSTTGGELFF	TRBV7-6*01	6.1e-05	0.2072478553550409
CASSPRASGSRYNEQFF	TRBV3-1*01	6.1e-05	0.5838950778261527
CASSSIPRDRGNTIYF	TRBV11-2*01	6.1e-05	0.6663350371631445
CASSSPGQGNTEAFF	TRBV12-3*01	6.1e-05	0.2084538948709436
CASSQARDSVGELFF	TRBV28*01	6.1e-05	0.7994749638454841
CASSLRQGGTYEQYF	TRBV11-2*01	6.1e-05	0.20735536188486453
CASRDSSLTYEQYF	TRBV19*01	6.1e-05	0.36173136900076713
CASSYGSMNTEAFF	TRBV6-5*01	6.1e-05	0.3220095982411903
CASSQDDRNSPLHF	TRBV4-1*01	6.1e-05	0.426126847288926
CASTRGRGLGYTF	TRBV6-1*01	6.1e-05	0.6153961354709123
CASSFSGYNEQFF	TRBV27*01	6.1e-05	0.24724857475529716
CASSLGRATEAFF	TRBV5-1*01	6.1e-05	0.19486363375329246
CAWTGGGTEAFF	TRBV30*01	6.1e-05	0.48109162102183545
CASSEDGSWQYF	TRBV6-1*01	6.1e-05	0.6711619727128368
CASSYSGQGASQPQHF	TRBV2*02	6.1e-05	0.3430143381760406
CASSIRTGHGQPQHF	TRBV19*01	6.1e-05	0.5685998024857173
CASTTHPEFVSPQHF	TRBV28*01	6.1e-05	0.939380346775041
CASSLAGGSYNEQFF	TRBV6-1*01	6.1e-05	0.12001799792521527
CASSQTGGHQETQYF	TRBV28*01	6.1e-05	0.6147639696362482
CASSALVGYTGELFF	TRBV2*01	6.1e-05	0.43129118184576354
CASSARDGPAYEQYF	TRBV7-2*01	6.1e-05	0.6451767979971981
CASSAQGWETEAFF	TRBV18*01	6.1e-05	0.4219737667275125
CASSFASAGEQFF	TRBV13*01	6.1e-05	0.8078177882447213
CASSLDYQYEQYF	TRBV5-1*01	6.1e-05	0.2699717324979125
CASRDRFDETQYF	TRBV5-1*01	6.1e-05	0.7101461870299577
CASSIAYREWGASNQPQHF	TRBV19*01	6.1e-05	0.790306061693041
CASSLGTGASVGANVLTF	TRBV4-1*01	6.1e-05	0.43878246265490856
CASSLEGRNSYNSPLHF	TRBV11-3*01	6.1e-05	0.5640641400778342
CASSYSRRAGNSPLHF	TRBV6-5*01	6.1e-05	0.8528523352496373
CASSPLTVRMNTEAFF	TRBV28*01	6.1e-05	0.8873747406088267
CSAIPLPGQLNEKLFF	TRBV20-1*04	6.1e-05	0.9891592190083317
CASSFQTGEGEKLFF	TRBV6-5*01	6.1e-05	0.46162101540787304
CASSLGGYDTDTQYF	TRBV5-1*01	6.1e-05	0.3268080909346457
CASSPVESNQPQHF	TRBV18*01	6.1e-05	0.36928816051009306
CASSVQGDNSPLHF	TRBV9*01	6.1e-05	0.17419760205870816
CASSPVEGDYEQYF	TRBV4-1*01	6.1e-05	0.26901648808610673
CSARDARGEGAAFF	TRBV20-1*01	6.1e-05	0.9850993628622032
CASTISGANVLTF	TRBV15*02	6.1e-05	0.2114811423809323
CASSFPGNTIYF	TRBV5-6*01	6.1e-05	0.38301098790412275
CASTGTPGLAGVRELFF	TRBV19*01	6.1e-05	0.9350453900922894
CASSRQGYESANEKLFF	TRBV18*01	6.1e-05	0.8186475933584815
CASSPETGAYMNTEAFF	TRBV28*01	6.1e-05	0.3330454119852351
CASSLSAGGFTDTQYF	TRBV27*01	6.1e-05	0.3334025043766999
CASSYSQLGPYNEQFF	TRBV6-2*01	6.1e-05	0.7561856658462145
CASSQIQGPYNSPLHF	TRBV7-9*01	6.1e-05	0.6082002156665972
CASSPAGALSSYEQYF	TRBV9*01	6.1e-05	0.5859421037636583
CASRIGAGGRFDEQYF	TRBV6-1*01	6.1e-05	0.8387662247711483
CASSSRTGTEDTQYF	TRBV19*01	6.1e-05	0.36545344490590104
CASSPVALGGDEQYF	TRBV18*01	6.1e-05	0.8066190274578361
CASSFDSAYNEQFF	TRBV5-1*01	6.1e-05	0.4558077548400931
CASRELSNTGELFF	TRBV10-1*01	6.1e-05	0.3595238331108121
CSARHRVGTEAFF	TRBV20-1*02	6.1e-05	0.9437060898497641
CASSTTGAGYTF	TRBV19*01	6.1e-05	0.23579766631126411
CASSHSYEQYF	TRBV4-3*01	6.1e-05	0.183375091620833
CATSARIGRGVQPQHF	TRBV15*02	6.1e-05	0.7729528287805021
CASSIGGSGANVLTF	TRBV19*01	6.1e-05	0.1283677985932084
CASSLGLAGENEQFF	TRBV5-1*01	6.1e-05	0.3363503181148668
CSAQKGGGNNQPQHF	TRBV20-1*01	6.1e-05	0.802784350915581
CASWDRTNEKLFF	TRBV28*01	6.1e-05	0.5800278569195313
CASSGRASGELFF	TRBV19*01	6.1e-05	0.21425186927791512
CASSYFRGRSNEKLFF	TRBV6-5*01	6.1e-05	0.7891407168580723
CASSDSAGTNSPLHF	TRBV6-4*01	6.1e-05	0.22693137429420354
CASSLEKLGDTQYF	TRBV11-3*01	6.1e-05	0.6007579782057868
CASSSGSPLYEQYF	TRBV5-8*01	6.1e-05	0.3772173785130799
CASRSSGNTEAFF	TRBV7-9*01	6.1e-05	0.08796402155053996
CASSEGGQPQHF	TRBV7-9*04	6.1e-05	0.08547580326933144
CASSLHHGSGTYNEQFF	TRBV28*01	6.1e-05	0.5475804530594507
CASSYSASGTTDTQYF	TRBV6-5*01	6.1e-05	0.3440438624984594
CASGSSGNYNEQFF	TRBV5-1*01	6.1e-05	0.1496938161650345
CASSSNRDTEAFF	TRBV11-3*01	6.1e-05	0.08724605683258586
CASSYGTSTDTQYF	TRBV6-2*01	6.1e-05	0.4419703307479977
CASSFTRSKGNQPQHF	TRBV28*01	6e-05	0.6259611219693756
CASSYSGTDYGYTF	TRBV6-5*01	6e-05	0.1687658081157847
CASSRGGRTGELFF	TRBV2*01	6e-05	0.2177018076468188
CASSYSSGEQFF	TRBV6-5*01	6e-05	0.22653673198577123
CASSDNSGSYNEQFF	TRBV6-4*01	6e-05	0.16392237222342176
CASSSGQGRSTEAFF	TRBV6-6*05	6e-05	0.2088778566230413
CASSSGSGNTIYF	TRBV5-1*01	6e-05	0.1806999738614963
CSARDRQGAYEQYF	TRBV20-1*01	6e-05	0.8167493001298105
CASGAGSSYEQYF	TRBV11-3*02	6e-05	0.1521055320534502
CASSQGQDYGYTF	TRBV7-3*01	6e-05	0.12419698069304667
CASITRTATRPRTGELFF	TRBV6-1*01	6e-05	0.9577140955196384
CASSQWFDSPNFYEQYF	TRBV4-1*01	6e-05	0.8868282172327574
CASSERGNRETQYF	TRBV2*01	6e-05	0.5816579807548201
CASSLRSVVDEQFF	TRBV5-5*01	6e-05	0.6649917892300221
CASRPAAATYEQYF	TRBV7-6*01	6e-05	0.5517629049892184
CATREPSTDTQYF	TRBV24-1*01	6e-05	0.7470727180717214
CASSLAVKGQSNTGELFF	TRBV7-6*01	6e-05	0.7100028035390699
CASSVQGMMLSNQPQHF	TRBV9*01	6e-05	0.7734215318824976
CASSWRTGRGNNEQFF	TRBV5-1*01	6e-05	0.9365900879285537
CASSQGGGQGTYEQYF	TRBV4-1*01	6e-05	0.24852935468350273
CAISEGTSDTGELFF	TRBV10-3*01	6e-05	0.4488113951042229
CASSYPRRGTDTQYF	TRBV6-2*01	6e-05	0.8490296599602464
CASSSGGGDTYEQYF	TRBV9*03	6e-05	0.23692970582258552
CATSITESYNEQFF	TRBV24-1*01	6e-05	0.743489427856945
CASSDSSRRDGYTF	TRBV6-4*01	6e-05	0.6006454344233287
CASSLDSSNTEAFF	TRBV7-9*04	6e-05	0.13933684118524536
CSASDLESSYEQYF	TRBV20-1*04	6e-05	0.6010193097761334
CSAPDSFMNTEAFF	TRBV20-1*01	6e-05	0.7998832453245812
CASSSKGPDEQFF	TRBV6-2*01	6e-05	0.6087841946606525
CASSLVSNQPQHF	TRBV7-2*04	6e-05	0.15052654904035914
CASSPGTEETQYF	TRBV5-1*01	6e-05	0.36952471282812105
CASSPAALESGRSSYEQYF	TRBV5-6*01	6e-05	0.6112965181178444
CASSESAARYPSTDTQYF	TRBV6-1*01	6e-05	0.940843938899422
CASSYSTSGAYNEQFF	TRBV6-2*01	6e-05	0.43684388452453543
CASSSTGGAYNEQFF	TRBV27*01	6e-05	0.16534854310345892
CASSDSLGSTDTQYF	TRBV6-4*01	6e-05	0.1843686752019024
CASSITSGSIYEQYF	TRBV9*01	6e-05	0.36530732951118566
CASSQDGRDTYEQYF	TRBV4-3*01	6e-05	0.38346887363363114
CAIKDLRWGYGYTF	TRBV10-3*01	6e-05	0.965655135174618
CASSWDSANEKLFF	TRBV6-5*01	6e-05	0.33373903269793337
CASRAGKGGNEQFF	TRBV9*03	6e-05	0.5639696251117032
CASGDPSGVNEQYF	TRBV5-1*02	6e-05	0.6164884556206168
CSAKEPYSYNEQFF	TRBV20-1*01	6e-05	0.9620531591702891
CAWSLRDPGELFF	TRBV30*01	6e-05	0.9162551676528213
CASSSGENYGYTF	TRBV7-9*01	6e-05	0.14161600579691971
CASSPGRQQYF	TRBV9*01	6e-05	0.27165581798989785
CSARKNTEAFF	TRBV20-1*01	6e-05	0.790653134964586
CASSLELTLRGTYYEQYF	TRBV7-2*01	6e-05	0.7367785173282834
CASSHTLVSSYNSPLHF	TRBV5-6*01	6e-05	0.911827553369918
CASTARGGRSYEQYF	TRBV3-1*01	6e-05	0.34442710118893327
CASSLQGDGNQPQHF	TRBV11-3*01	6e-05	0.15312759509274634
CASSLGGGVDYEQYF	TRBV7-2*01	6e-05	0.12333882425464823
CASSLIGSGAYEQYF	TRBV7-9*01	6e-05	0.2982220013656664
CASSQVWGSYNEQFF	TRBV3-1*01	6e-05	0.6235235048119598
CASRRQSLNTEAFF	TRBV6-6*04	6e-05	0.6007674421497489
CSASVISYNEQFF	TRBV20-1*02	6e-05	0.8504142940655649
CATSDTVGGGAVYEQYF	TRBV24-1*01	6e-05	0.5326104388779304
CASSLGVGLGTYEQYF	TRBV18*01	6e-05	0.39388946006137093
CASSPGQGVSNEQFF	TRBV6-4*01	6e-05	0.41210199206431297
CASSPRGGDNSPLHF	TRBV11-3*01	6e-05	0.2694445566008157
CASSLGGLYEKLFF	TRBV7-9*01	6e-05	0.35712016596106533
CASSVGGNNSPLHF	TRBV9*01	6e-05	0.330074353683165
CSATDRSSSYEQYF	TRBV20-1*01	6e-05	0.6615079943478229
CASSMTGPYGYTF	TRBV19*01	6e-05	0.48086843448551786
CASSLQGVYEQYF	TRBV6-2*01	6e-05	0.14542166899348688
CASSSPRYEQYF	TRBV7-9*01	6e-05	0.15136388597744896
CASSRTGEQFF	TRBV6-6*03	6e-05	0.21555361567093806
CASSRFGDRAF	TRBV7-3*01	6e-05	0.8000403761229166
CASSPTRGGKVMNTEAFF	TRBV7-9*04	6e-05	0.672104636849584
CASSLTEGAENTEAFF	TRBV11-2*01	6e-05	0.2305501750190185
CASSVAGQGYNEQFF	TRBV9*01	6e-05	0.3307532183267245
CASSQDGYSGNTIYF	TRBV4-1*01	6e-05	0.41020589917498596
CAWTSGSSYNEQFF	TRBV30*01	6e-05	0.4426100614479478
CASSLLGFGDTQYF	TRBV7-3*01	6e-05	0.4357725418247244
CSVERERLEQYF	TRBV29-1*01	6e-05	0.947872611869184
CASSSPSGTVYSGANVLTF	TRBV19*01	6e-05	0.5501094053833088
CASSFEGGPGWPTEAFF	TRBV11-2*01	6e-05	0.8936040614767853
CASSPHGGRADSPLHF	TRBV7-2*01	6e-05	0.6873737547995074
CAISESTAWGNEQFF	TRBV10-3*01	6e-05	0.9240470974823163
CASSLAGAWKLFF	TRBV7-8*01	6e-05	0.32737748890826357
CASSPVVGVGGTEAFF	TRBV18*01	6e-05	0.5170597795804506
CASIRSGGARNEQYF	TRBV2*01	6e-05	0.7415155861517623
CASRLAGGPVDTQYF	TRBV6-5*01	6e-05	0.5510647660043416
CASSPPADSYGYTF	TRBV18*01	6e-05	0.36317327178403186
CASSQRDASYEQYF	TRBV7-9*01	6e-05	0.34328331530355854
CASRSQGDTQYF	TRBV28*01	6e-05	0.20761754232217797
CAISDNYEQYF	TRBV10-3*01	6e-05	0.4048959637241446
CASSPRGNSAYEQYF	TRBV6-4*01	6e-05	0.5714822108450265
CATLEGEAYEQYF	TRBV10-3*01	5.9e-05	0.48327785259481
CATFGAGGLPGELFF	TRBV6-1*01	5.9e-05	0.9633312162054265
CASSDRDEGPQHF	TRBV6-4*01	5.9e-05	0.22435237222967694
CASSLVGQGAGEKLFF	TRBV5-1*01	5.9e-05	0.3273630515383205
CASSPEGRGNSPLHF	TRBV9*01	5.9e-05	0.3380165972058562
CASSRGQQGIGNQPQHF	TRBV4-1*01	5.9e-05	0.3140990316140635
CASSLEGDRGREQYF	TRBV7-9*01	5.9e-05	0.4688279683417793
CASRVRDWSTEAFF	TRBV7-3*01	5.9e-05	0.620074756835235
CASSSSSGTTDTQYF	TRBV6-5*01	5.9e-05	0.16374284931768396
CAWSVSGANVLTF	TRBV30*01	5.9e-05	0.2809839433956509
CASSLLGWETQYF	TRBV6-2*01	5.9e-05	0.5652372763190446
CSANSRVRNEQYF	TRBV20-1*01	5.9e-05	0.9616812949367247
CASSVLRGVDTGELFF	TRBV9*01	5.9e-05	0.5134019705290902
CASSSGDRGRTGELFF	TRBV5-1*01	5.9e-05	0.2977000363210779
CATSPVHTNTGELFF	TRBV24-1*01	5.9e-05	0.8682707401019581
CASSLGWFYNSPLHF	TRBV5-5*01	5.9e-05	0.9203293630512333
CSARYPGAVHQPQHF	TRBV20-1*05	5.9e-05	0.9719415295071013
CATGTSGLNNEQFF	TRBV24-1*01	5.9e-05	0.6185993779618848
CASSRTGEHYGYTF	TRBV6-6*03	5.9e-05	0.24314490006994455
CASSYRGENTEAFF	TRBV5-1*01	5.9e-05	0.2726732859267555
CASRVRAVTEAFF	TRBV19*01	5.9e-05	0.6498068190200377
CASTEGFSYEQYF	TRBV11-2*01	5.9e-05	0.3273931210109275
CASSLGRAGEQYF	TRBV28*01	5.9e-05	0.2974826107895448
CASSPLPWSPLHF	TRBV4-2*01	5.9e-05	0.823093284081125
CASSLVPFREQYF	TRBV5-1*01	5.9e-05	0.91926580523675
CSAVTDSNQPQHF	TRBV20-1*04	5.9e-05	0.6711953459785304
CASSYPTGRVGRTSSYNEQFF	TRBV6-5*01	5.9e-05	0.870125877067661
CASSLAVGGVPYNEQFF	TRBV28*01	5.9e-05	0.5664538455077914
CSAEAPGTEISYEQYF	TRBV20-1*01	5.9e-05	0.8966751039322005
CASSPGTGDNQPQHF	TRBV3-1*01	5.9e-05	0.11177111315048503
CASSQGGSVWFEQYF	TRBV14*01	5.9e-05	0.9026869733413496
CASRRPGTGATPLHF	TRBV6-6*05	5.9e-05	0.6602307343588512
CASSLGASGQETQYF	TRBV5-1*01	5.9e-05	0.37181408778344566
CASSNLRDRKEQFF	TRBV19*03	5.9e-05	0.899027767047614
CASSLGQALYEQYF	TRBV7-6*01	5.9e-05	0.4202212659742384
CASSLVPGRAEAFF	TRBV5-1*01	5.9e-05	0.7727915932711741
CASSQVPGPPQHF	TRBV4-1*01	5.9e-05	0.7365237365001448
CAWRPYDEQFF	TRBV30*01	5.9e-05	0.8055216573383093
CASTGTSGRNWNTGELFF	TRBV27*01	5.9e-05	0.7691959801887618
CASSKGTGGEGLWPQHF	TRBV19*01	5.9e-05	0.8861590330844484
CASSQEEGGGSHTQYF	TRBV4-3*01	5.9e-05	0.659896436143986
CAWSPKGGGGETQYF	TRBV30*01	5.9e-05	0.8621345879939251
CAISELRRGRDTQYF	TRBV10-3*01	5.9e-05	0.6713322280032286
CASKLTGGPTEAFF	TRBV19*01	5.9e-05	0.32804619155001086
CASSGETLSYEQYF	TRBV2*01	5.9e-05	0.37689117391084104
CASSWDRGGEKLFF	TRBV7-2*01	5.9e-05	0.3454301584876341
CASSLQGQETQYF	TRBV18*01	5.9e-05	0.23886855800582946
CASSYGDRGEQYF	TRBV6-5*01	5.9e-05	0.5877653497240118
CASSSSTGGQTFF	TRBV11-3*01	5.9e-05	0.5047901446324836
CASSPSDPGELFF	TRBV11-1*01	5.9e-05	0.5110544240799829
CASSQEAGYEQYF	TRBV4-1*01	5.9e-05	0.1919613716252268
CASSRPNNEQFF	TRBV7-2*01	5.9e-05	0.4247478255164159
CSAVRMGQPQHF	TRBV20-1*01	5.9e-05	0.7784242485721269
CASSEPPGSNTGELFF	TRBV6-1*01	5.9e-05	0.4874323112443181
CASSQDLGQGIHEQYF	TRBV4-2*01	5.9e-05	0.7153499054426113
CASSLWATNEKLFF	TRBV28*01	5.9e-05	0.5027675159768329
CASSSDRTTDTQYF	TRBV28*01	5.9e-05	0.315322679870345
CASSRGGGNEKLFF	TRBV7-9*01	5.9e-05	0.18308131477459463
CASSAGNTEAFF	TRBV19*01	5.9e-05	0.08541424637314579
CASSPESGTQYF	TRBV5-1*01	5.9e-05	0.5135231259299082
CASSFRLSSSGANVLTF	TRBV6-5*01	5.9e-05	0.5195489028135819
CASSYLTAPGSNQPQHF	TRBV6-5*01	5.9e-05	0.7752228869832489
CASSPPGEGENTGELFF	TRBV27*01	5.9e-05	0.39958773600042236
CASYSFYDQKTGELFF	TRBV11-2*01	5.9e-05	0.980199983801984
CASSQGQGRVGTEAFF	TRBV4-1*01	5.9e-05	0.49657108794818294
CASSFPTVRAYGYTF	TRBV7-9*01	5.9e-05	0.8746624674134686
CASSVQGGDTGELFF	TRBV10-1*01	5.9e-05	0.17516686767680828
CASSYSIRHNEQFF	TRBV6-5*01	5.9e-05	0.7228342463493463
CASSLLSSDDEQFF	TRBV7-3*01	5.9e-05	0.4328743663168078
CASTTGGFTEAFF	TRBV6-6*03	5.9e-05	0.26707234074969577
CASSSERGYEQFF	TRBV11-3*01	5.9e-05	0.21176965055962696
CASIKEGEKLFF	TRBV2*01	5.9e-05	0.42828825113861485
CASSTAFMLSTDTQYF	TRBV7-8*01	5.9e-05	0.8190427428838285
CSARDRRGQDYNEQFF	TRBV20-1*01	5.9e-05	0.9247422348129127
CSSNMAGGESQPQHF	TRBV20-1*01	5.9e-05	0.789607142218889
CSALGGVGSNEKLFF	TRBV20-1*01	5.9e-05	0.8384826387883461
CSAHTFRTGLNEQFF	TRBV20-1*01	5.9e-05	0.9815113441676664
CASSGDTSEAFF	TRBV9*01	5.9e-05	0.12478816658195319
CASSFGGGPNEQFF	TRBV27*01	5.9e-05	0.3954550583976832
CASSRDRLPNTIYF	TRBV3-1*01	5.9e-05	0.7628723437331497
CASSQEERLYEQYF	TRBV4-3*01	5.9e-05	0.6131647923617782
CASSQGGGRRAFF	TRBV4-1*01	5.9e-05	0.7089541147671281
CAYVRWTEAFF	TRBV30*01	5.9e-05	0.7046317445714391
CASSSETGRIADEKLFF	TRBV7-9*01	5.9e-05	0.6664452984471384
CASSQARGGGDYEQYF	TRBV4-2*01	5.9e-05	0.2841310757325719
CSASARGGSYNEQFF	TRBV20-1*01	5.9e-05	0.6952536674824226
CATSPGAGVYNEQFF	TRBV24-1*01	5.8e-05	0.5197492705581349
CASSPSGTLGFEQYF	TRBV18*01	5.8e-05	0.8263516683996034
CSASWRAYEQYF	TRBV20-1*02	5.8e-05	0.9403524953988414
CASSLAGGSSYNSPLHF	TRBV5-1*01	5.8e-05	0.2720505192195993
CASSPRGQSNEQFF	TRBV3-1*01	5.8e-05	0.38879075689057463
CASTRENQPQHF	TRBV2*01	5.8e-05	0.16244902276672152
CASSSQRLGYTF	TRBV7-2*01	5.8e-05	0.40226691815729465
CAWSVQGPGKGQPQHF	TRBV30*01	5.8e-05	0.6575540363172245
CASSLEAGGLGTEAFF	TRBV7-2*01	5.8e-05	0.22894713310570675
CAITQDQGRGLPLHF	TRBV10-3*01	5.8e-05	0.9407143215302667
CASSVRTGRGGELFF	TRBV19*01	5.8e-05	0.5981661564436997
CASSPSESNSPLHF	TRBV3-1*01	5.8e-05	0.4508849299811452
CASSSRLIYEQYF	TRBV6-5*01	5.8e-05	0.5389041608289229
CSARRGTNEKLFF	TRBV20-1*01	5.8e-05	0.7471174955470213
CATSDATGWQYF	TRBV24-1*01	5.8e-05	0.8508976573357522
CASSPPTYEQYF	TRBV18*01	5.8e-05	0.2718792408802105
CATSDRTGEFIGELFF	TRBV24-1*01	5.8e-05	0.9170984173202275
CASSLGSLANTGELFF	TRBV5-1*01	5.8e-05	0.19372831916148445
CASRGTANTYEQYF	TRBV6-1*01	5.8e-05	0.39066172053754505
CASSLGGGEQFF	TRBV7-2*01	5.8e-05	0.16253894771439284
CATSDQGYSSYNEQFF	TRBV24-1*01	5.8e-05	0.523345426203205
CASSDPTSGSLDEQFF	TRBV6-4*01	5.8e-05	0.7676366357725278
CASSAITGNTGELFF	TRBV18*01	5.8e-05	0.29768565557549065
CASRTGTPSGDEQFF	TRBV5-1*01	5.8e-05	0.832554260192569
CSVDLPGGDYYGYTF	TRBV29-1*02	5.8e-05	0.8338050202754186
CASTPGSKLQPQHF	TRBV19*01	5.8e-05	0.7003005188398886
CASSYEAAGNTIYF	TRBV6-5*01	5.8e-05	0.32710630472912794
CASSEGAWNSPLHF	TRBV9*01	5.8e-05	0.42634920274567784
CASRNLVGQPQHF	TRBV7-9*01	5.8e-05	0.6040034460264463
CSARDLGRDLGNTIYF	TRBV20-1*01	5.8e-05	0.9304287995067397
CASSPGGQKNTEAFF	TRBV18*01	5.8e-05	0.2650601464816796
CASSLRQGPFNEAFF	TRBV7-6*01	5.8e-05	0.753363339160625
CASSQARDRVYEQYF	TRBV4-1*01	5.8e-05	0.590736493040066
CASSIRTQNTEAFF	TRBV19*01	5.8e-05	0.32508194600220364
CASTRAGGTDTQYF	TRBV6-2*01	5.8e-05	0.329210920216029
CASKREPTYNEQFF	TRBV6-2*01	5.8e-05	0.7127927629586033
CSAESNEQFF	TRBV20-1*01	5.8e-05	0.6657631388248009
CASSSKKTGARIYGYTF	TRBV28*01	5.8e-05	0.7596552667917642
CASSWGGTGANYGYTF	TRBV5-6*01	5.8e-05	0.30071953243954835
CASSTPWTGVGWGYTF	TRBV7-2*01	5.8e-05	0.7913674878331672
CASSYRGAKADTQYF	TRBV6-5*01	5.8e-05	0.8198260634154763
CASSLVLGENQPQHF	TRBV7-9*01	5.8e-05	0.2652986622239776
CASSRPSSSYNEQFF	TRBV3-1*01	5.8e-05	0.28309457084319184
CSVDVGGGLNSPLHF	TRBV29-1*01	5.8e-05	0.7519870513469836
CATSLYGNTGELFF	TRBV24-1*01	5.8e-05	0.5032178315312613
CATSDTTGGYGYTF	TRBV24-1*01	5.8e-05	0.4026152882684393
CASSYQRNTEAFF	TRBV6-5*01	5.8e-05	0.1776493199466684
CASSLSIQGAAATYNEQFF	TRBV27*01	5.8e-05	0.4278545901274517
CATSRDRGASRTPGSCFF	TRBV15*01	5.8e-05	0.9577492948600511
CASSRRVFTGSADEQFF	TRBV6-3*01	5.8e-05	0.7717334134240742
CASSRTGGTNEKLFF	TRBV28*01	5.8e-05	0.20181195487946585
CASSVASMGNSPLHF	TRBV9*01	5.8e-05	0.6199817677319124
CASSPRAGTDTQYF	TRBV13*02	5.8e-05	0.23174273205555945
CASSLTSGRETQYF	TRBV5-1*01	5.8e-05	0.4672080141401077
CSARVDIRYEKLFF	TRBV20-1*01	5.8e-05	0.9745269695823162
CATSDYGEHEQFF	TRBV24-1*01	5.8e-05	0.8948912304940088
CASSDSIRGQAFF	TRBV6-4*01	5.8e-05	0.7429435504793686
CASSFTAWYEQYF	TRBV7-2*01	5.8e-05	0.7341014470946396
CASSNQRGTEAFF	TRBV10-1*01	5.8e-05	0.10054821894084118
CASKEIEATEAFF	TRBV5-1*01	5.8e-05	0.8004865402285799
CAISEEYEQYF	TRBV10-3*01	5.8e-05	0.33359598942989904
CSVVAHEQYF	TRBV29-1*01	5.8e-05	0.827629491505595
CASSQVGSGVWETQYF	TRBV3-1*01	5.8e-05	0.836336973085803
CASSLGGQNTGELFF	TRBV5-1*01	5.8e-05	0.10428183129929006
CSAVTGWIYNSPLHF	TRBV20-1*01	5.8e-05	0.986704010444856
CASNEGGMDSPLHF	TRBV7-9*01	5.8e-05	0.697028756462985
CASSRDRYQPQHF	TRBV6-6*05	5.8e-05	0.45531501125559165
CASKGVADTQYF	TRBV30*01	5.8e-05	0.35230015088426536
CASSPLGVATGELFF	TRBV27*01	5.8e-05	0.5641894566515937
CASSPQGTGANVLTF	TRBV14*01	5.8e-05	0.22438033720001688
CASSLDGRGNTEAFF	TRBV5-1*01	5.8e-05	0.17720961069362257
CASSLGQGSDTQYF	TRBV7-2*01	5.8e-05	0.21203868786156485
CASSLAPGLATDTQYF	TRBV27*01	5.8e-05	0.35598224492581265
CASSLAPGTGGAKETQYF	TRBV5-1*01	5.8e-05	0.6675609697810317
CASSYRLTDTQYF	TRBV6-5*01	5.8e-05	0.5353909084088672
CASSLGPGFSSGANVLTF	TRBV5-5*01	5.7e-05	0.4222161822901058
CASSLRGGFYEQYF	TRBV28*01	5.7e-05	0.2245400007055629
CASSFSGWDEQYF	TRBV7-2*01	5.7e-05	0.5053810970014055
CASSPKPPGPGNTIYF	TRBV18*01	5.7e-05	0.7126583001394746
CSARSRTGGTRELFF	TRBV20-1*05	5.7e-05	0.8763186890531508
CASGEDFGQAQYF	TRBV2*01	5.7e-05	0.9209306232153522
CAISVGGGDSGNTIYF	TRBV10-3*01	5.7e-05	0.3637687980665812
CATSDRPGRITDTQYF	TRBV24-1*01	5.7e-05	0.8604105457249552
CASSQQIGTGYNEQFF	TRBV6-6*04	5.7e-05	0.4731829112430179
CSAWQGGSQPQHF	TRBV20-1*01	5.7e-05	0.8890771298804944
CASSHLYGQREPLQYF	TRBV4-3*01	5.7e-05	0.9476857670441736
CASSFTDRESYEQYF	TRBV7-9*01	5.7e-05	0.3956595029093785
CASSHLAGATYEQYF	TRBV14*01	5.7e-05	0.26918401486498106
CASSVGQENQPQHF	TRBV9*01	5.7e-05	0.11474189259881794
CSVEDLAGSGELFF	TRBV29-1*01	5.7e-05	0.893114626082252
CAWSGPLVNEQFF	TRBV30*01	5.7e-05	0.8281392685507053
CASSSSRVHGYTF	TRBV16*03	5.7e-05	0.465046941750416
CSAYSPSSYEQYF	TRBV20-1*04	5.7e-05	0.8918279749258378
CAWLTGNSPLHF	TRBV30*01	5.7e-05	0.5576806373610604
CASSWDRGGYTF	TRBV7-9*01	5.7e-05	0.2830970749048689
CASRGAGLLSVTDTQYF	TRBV7-2*01	5.7e-05	0.763319047232067
CASSHGRGGAGTEAFF	TRBV4-2*01	5.7e-05	0.36656720460556796
CAWSKVGSANEKLFF	TRBV30*01	5.7e-05	0.729172999548025
CASSYRGGEPDTQYF	TRBV6-2*01	5.7e-05	0.5617579520282091
CASSYEERVHNEQFF	TRBV28*01	5.7e-05	0.8565670634347557
CASSTPRDRGGEQYF	TRBV28*01	5.7e-05	0.7545876620922494
CASSQGNSVHYGYTF	TRBV14*01	5.7e-05	0.5961697959345725
CASRQALAGAGEQYF	TRBV27*01	5.7e-05	0.5327068646501882
CASSLAALASDTQYF	TRBV5-1*01	5.7e-05	0.3962945092473689
CASSPMSTANYGYTF	TRBV4-3*01	5.7e-05	0.5883798802838363
CSAALVGIPRDGYTF	TRBV20-1*02	5.7e-05	0.9796958415873002
CSARGGPSANEKLFF	TRBV20-1*01	5.7e-05	0.9297723610348848
CASSFQALRSGYTF	TRBV7-9*01	5.7e-05	0.914783826180438
CASSPIDRGYEQYF	TRBV7-9*04	5.7e-05	0.5148184551200856
CATGGLLKTGELFF	TRBV4-1*01	5.7e-05	0.9468731734292336
CASSLARLNEQFF	TRBV28*01	5.7e-05	0.48379216660219065
CASGLAIYEQYF	TRBV6-2*01	5.7e-05	0.4042258358322342
CASMGDTGELFF	TRBV7-3*01	5.7e-05	0.436187514379001
CSASFPNEKLFF	TRBV20-1*02	5.7e-05	0.7984355312019074
CASSPEEDGGGTYGYTF	TRBV9*01	5.7e-05	0.4352069976942673
CASSRKTGGAGNTEAFF	TRBV5-1*01	5.7e-05	0.43898731260898144
CSARGTGGIVRTGELFF	TRBV29-1*01	5.7e-05	0.9884302031758078
CASDNLRDRGSYEQYF	TRBV6-1*01	5.7e-05	0.8210644819317404
CASSVRGGSGANVLTF	TRBV6-1*01	5.7e-05	0.13503201509541157
CASSEAGTMRTGELFF	TRBV2*01	5.7e-05	0.6693137764463845
CASSNDLWGTSYEQYF	TRBV7-9*01	5.7e-05	0.8025405816502998
CATSRDVVPRSPLHF	TRBV15*02	5.7e-05	0.9630895353612551
CASSPRATGGPEAFF	TRBV18*01	5.7e-05	0.6695145612998101
CASSYYGGLSYEQYF	TRBV6-5*01	5.7e-05	0.6489342126105477
CASSLRGGSTDTQYF	TRBV7-2*01	5.7e-05	0.21761273446951865
CSARDGEGRIDEQFF	TRBV20-1*01	5.7e-05	0.968836552599106
CASSRTGGSYEQYF	TRBV19*03	5.7e-05	0.11125247424798972
CSANAPGRKGGYTF	TRBV20-1*01	5.7e-05	0.9868481603291755
CSGLDYLAKNIQYF	TRBV20-1*04	5.7e-05	0.9881411758551716
CAISAGTRTEAFF	TRBV10-3*01	5.7e-05	0.6066112974329297
CASSDTHNQPQHF	TRBV19*01	5.7e-05	0.3367669277401043
CASSYGGTGELFF	TRBV6-5*01	5.7e-05	0.17705375269075457
CASSPGSYTEAFF	TRBV28*01	5.7e-05	0.2616324697244629
CASSEGVTDTQYF	TRBV6-4*01	5.7e-05	0.267446373795173
CSARGSNSRVAFF	TRBV20-1*01	5.7e-05	0.9415345020724447
CASSLSTGRMAGNTIYF	TRBV7-2*01	5.7e-05	0.5355169759203326
CASSGQGGRGTGNTIYF	TRBV9*01	5.7e-05	0.14511750729998935
CATAYAWTSRQETQYF	TRBV6-2*01	5.7e-05	0.918942397179482
CASSYSVGQGAGELFF	TRBV6-5*01	5.7e-05	0.43783021465434274
CASSGLHEAPYNEQFF	TRBV6-4*01	5.7e-05	0.7831370895700446
CSVQGVGVGPTNEQYF	TRBV29-1*01	5.7e-05	0.91195957256455
CASRGGGGVPNEQYF	TRBV7-2*01	5.7e-05	0.5180529226796688
CASNPNGREYNEQFF	TRBV5-1*01	5.7e-05	0.7585551962549743
CASSSGTSKDTQYF	TRBV7-3*01	5.7e-05	0.4631708779200273
CASSSLRGTDTQYF	TRBV6-2*01	5.7e-05	0.21567545016193576
CASSAQGAPPEAFF	TRBV2*01	5.7e-05	0.6315371068656821
CASSEGQGADTQYF	TRBV6-1*01	5.7e-05	0.16094566544491395
CASSAGRVSGGYTF	TRBV7-2*01	5.7e-05	0.5570394236800669
CASSPGQGWEAFF	TRBV19*01	5.7e-05	0.3604450326491096
CASGGGNNSPLHF	TRBV2*01	5.7e-05	0.3968532133037493
CASIGRINQPQHF	TRBV7-9*01	5.7e-05	0.3520136744989589
CASSYSSGSPLHF	TRBV6-5*01	5.7e-05	0.5131763625235989
CASSAGPNSPLHF	TRBV6-4*01	5.7e-05	0.24912405153454573
CASSDGTANEQYF	TRBV10-2*01	5.7e-05	0.37292250006812394
CSARPPRYEQYF	TRBV20-1*01	5.7e-05	0.9485281908974379
CASSKDRRIGTDTQYF	TRBV18*01	5.7e-05	0.7356429863501629
CASSQHDRGTDTQYF	TRBV7-3*01	5.7e-05	0.48181948621994597
CASSVGGRGNYGYTF	TRBV9*01	5.7e-05	0.21021511288904435
CASSQESNSLDTQYF	TRBV4-1*01	5.7e-05	0.5407150773503562
CASSVERRSDEQYF	TRBV9*01	5.7e-05	0.5654541052601526
CASTPTEYNEQFF	TRBV6-1*01	5.7e-05	0.513647749126021
CASSLAGANEQFF	TRBV7-2*04	5.7e-05	0.2231444316266009
CASSQDLNTEAFF	TRBV11-1*01	5.7e-05	0.21999249394732265
CASRAPRGNEQFF	TRBV9*03	5.7e-05	0.7568601235924206
CASSREGDTEAFF	TRBV5-1*01	5.7e-05	0.13451720435175993
CASSPQWGKLFF	TRBV28*01	5.7e-05	0.777663456508791
CASRFRNEKLFF	TRBV6-2*01	5.7e-05	0.4334976889076045
CSVLDRVGELFF	TRBV29-1*01	5.7e-05	0.9096075840770076
CASSQDSARKGLWGGNQPQHF	TRBV4-1*01	5.7e-05	0.8454952996940699
CASSYSTSGRLNEQFF	TRBV6-5*01	5.7e-05	0.7846978791234962
CASSPGSKGTSREQYF	TRBV7-3*01	5.7e-05	0.83394527155889
CASSVGPDLRNTEAFF	TRBV9*01	5.7e-05	0.7473087543147332
CASSSGPVAGAYEQYF	TRBV5-1*01	5.7e-05	0.2808454806861607
CAISESGVGDQPQHF	TRBV10-3*01	5.7e-05	0.467615254049191
CATSLSRRGANEQFF	TRBV24-1*01	5.7e-05	0.5342989611667033
CASSLVGQGSYEQYF	TRBV5-8*01	5.7e-05	0.18658241335996845
CASRPGAANTEAFF	TRBV6-4*01	5.7e-05	0.22411083152337552
CASLGSNTGELFF	TRBV2*01	5.7e-05	0.2101910867864533
CASDWVGTDTQYF	TRBV7-2*01	5.7e-05	0.8315844022725651
CASSPRVDQEAFF	TRBV6-6*05	5.7e-05	0.2882583216465543
CSARELAVNEQFF	TRBV20-1*01	5.7e-05	0.9601508264162785
CSAKGTNNYGYTF	TRBV20-1*01	5.7e-05	0.7980168180483115
CAWSAVPGELFF	TRBV30*01	5.7e-05	0.8548400581508959
CASSHRTDGQGRRNIQYF	TRBV3-1*01	5.7e-05	0.9089899965118472
CASFQAGGRNTGELFF	TRBV19*01	5.7e-05	0.5379334531654981
CAWSGGSGTYYEQYF	TRBV30*01	5.7e-05	0.5597707051305385
CASNYRGTEAFF	TRBV3-1*01	5.7e-05	0.3594832631635915
CASSHLEGTGNLGDYGYTF	TRBV4-1*01	5.7e-05	0.7385285858308488
CASSVRWSTGTQDTQYF	TRBV2*01	5.7e-05	0.8126033698853496
CSAIEGSMNTEAFF	TRBV20-1*01	5.7e-05	0.9058172955223815
CASSMRAREQFF	TRBV19*01	5.7e-05	0.8376167853672516
CASSPGDTQYF	TRBV6-6*04	5.7e-05	0.20613092490798615
CSARGRKLFF	TRBV20-1*01	5.6e-05	0.9062028033513896
CASSQVGIAGGGYNEQFF	TRBV3-1*01	5.6e-05	0.6254970709283765
CAISGVTSGHYNEQFF	TRBV10-3*01	5.6e-05	0.6575137033350191
CASSYGSGTSSYEQYF	TRBV6-5*01	5.6e-05	0.28886450344345
CASSLFERLNDGYTF	TRBV28*01	5.6e-05	0.8789754223582273
CASHGISGANVLTF	TRBV13*01	5.6e-05	0.2629543839671794
CASSLTRGPYEQYF	TRBV11-3*01	5.6e-05	0.30910888845744183
CASSSGQGAGGYTF	TRBV7-3*01	5.6e-05	0.12596880020978865
CASSQKGVVAEAFF	TRBV3-1*01	5.6e-05	0.6301230570539422
CSANPSPWDYGYTF	TRBV20-1*01	5.6e-05	0.9338668706864188
CASSQGAGELFF	TRBV4-2*01	5.6e-05	0.13108025624472167
CSVRQGREQYF	TRBV29-1*01	5.6e-05	0.795396922725277
CATSDGGQGITGELFF	TRBV24-1*01	5.6e-05	0.6380465576372064
CSATERGAGLVTEAFF	TRBV20-1*01	5.6e-05	0.9138533470254879
CASSTGTSGNYEQYF	TRBV19*01	5.6e-05	0.12356710109017555
CASSHSGDTSTEAFF	TRBV9*01	5.6e-05	0.29132388976960016
CASSLGDRVTNEQFF	TRBV7-2*01	5.6e-05	0.6537835973760077
CASSQDWANRDEQYF	TRBV3-1*01	5.6e-05	0.9050168746074835
CASNRAGGSYNEQFF	TRBV6-6*03	5.6e-05	0.26778958008925036
CASSESTGNEQYF	TRBV10-1*01	5.6e-05	0.2597152879553831
CASSETGPEAFF	TRBV14*02	5.6e-05	0.5040694023647099
CASSVAGYLPTSGYNEQFF	TRBV9*01	5.6e-05	0.9304534729600095
CASSFSAGQGSREQYF	TRBV9*01	5.6e-05	0.6206553669198963
CASNGITAAINQPQHF	TRBV5-1*01	5.6e-05	0.7232735020507001
CASSEWTSDYNEQFF	TRBV10-3*01	5.6e-05	0.6355190288499486
CASSLRQVSGNTIYF	TRBV11-3*01	5.6e-05	0.5612874464320214
CASSRPGDLNSPLHF	TRBV4-1*01	5.6e-05	0.5691282977755664
CSALRWTEDSYEQYF	TRBV20-1*01	5.6e-05	0.9776397276321739
CSVEDPRSTNYGYTF	TRBV29-1*01	5.6e-05	0.8554911620353085
CATSDFLGPDTQYF	TRBV24-1*01	5.6e-05	0.8268227207989861
CASSVGVTGSGYTF	TRBV9*01	5.6e-05	0.3325208748123886
CASSARDSIHEQYF	TRBV7-8*03	5.6e-05	0.6084039438984655
CATSSTVTDTQYF	TRBV24-1*01	5.6e-05	0.5344514284762714
CASSLAGTGELFF	TRBV7-3*01	5.6e-05	0.09934822775400762
CASSQVNSPLHF	TRBV14*01	5.6e-05	0.2863764726817314
CASSSALRAFF	TRBV4-1*01	5.6e-05	0.8783907209557937
CATSGGLATSYNEQFF	TRBV24-1*01	5.6e-05	0.49921471317606486
CASSGSGGMDTGELFF	TRBV19*01	5.6e-05	0.3607883784922847
CASSYSMRQEFNEQFF	TRBV6-5*01	5.6e-05	0.929742885638856
CASSKTRGLAGGEQFF	TRBV6-2*01	5.6e-05	0.8100800694883629
CASSLVLGGVWGELFF	TRBV7-8*01	5.6e-05	0.6745383784782343
CASSREVMAQETQYF	TRBV19*01	5.6e-05	0.7372735415176582
CASSYMGRGIDGYTF	TRBV6-5*01	5.6e-05	0.926486232680086
CASSFSGRDSYEQYF	TRBV5-5*01	5.6e-05	0.2846766145611786
CATGGRERTGELFF	TRBV24-1*01	5.6e-05	0.7179377356348913
CASSQFLREDGYTF	TRBV16*01	5.6e-05	0.9553686034346839
CAISGEANTEAFF	TRBV10-3*01	5.6e-05	0.2927202407858214
CASSLSLGQPQHF	TRBV6-4*01	5.6e-05	0.3998673660066983
CASSSGVGTEAFF	TRBV6-6*05	5.6e-05	0.10263996137902896
CASSGVQGSPLHF	TRBV9*01	5.6e-05	0.23776971877616368
CASSQDYGAELFF	TRBV4-3*01	5.6e-05	0.6291247837547098
CSARGTGDTEAFF	TRBV20-1*01	5.6e-05	0.696280285630644
CATSDGLYEQYF	TRBV24-1*01	5.6e-05	0.265504767639066
CASSVPGTGGVGTNEKLFF	TRBV6-1*01	5.6e-05	0.43277878872779685
CASSLGTGQGRFSYEQYF	TRBV5-6*01	5.6e-05	0.5134838267250466
CASSVASVGTGNEKLFF	TRBV28*01	5.6e-05	0.5088590052183699
CSARDNSASKNPYEQYF	TRBV20-1*01	5.6e-05	0.9603003158930489
CASSPIQGMGTDTQYF	TRBV4-2*01	5.6e-05	0.4353524577296054
CASTITPINPYEQYF	TRBV28*01	5.6e-05	0.9440351430046364
CASSLDGAGAYEQYF	TRBV11-3*01	5.6e-05	0.3068706885099668
CASSSPTQGNTEAFF	TRBV5-1*01	5.6e-05	0.20500668325491236
CASSLGRVTDTQYF	TRBV28*01	5.6e-05	0.2788578904379917
CASSRSNRGNEAFF	TRBV6-6*05	5.6e-05	0.381651435071432
CASSARWGTGELFF	TRBV7-2*01	5.6e-05	0.6282696199118527
CASSHGYPVEQFF	TRBV3-1*01	5.6e-05	0.8568269223851417
CATSPGTSGKGGETQYF	TRBV24-1*01	5.6e-05	0.6291769209444477
CASSRGTRFRTDEQFF	TRBV18*01	5.6e-05	0.9205628490989637
CASSSPPGLAGDTQYF	TRBV7-2*01	5.6e-05	0.3644321527690017
CASAREGQNGELFF	TRBV2*01	5.6e-05	0.48029094828908897
CASSQAGANTEAFF	TRBV4-2*01	5.6e-05	0.14728632500103167
CSAPGTGDYNEQFF	TRBV20-1*01	5.6e-05	0.7745680227558474
CASYQGGYGYTF	TRBV6-1*01	5.6e-05	0.2073486219278524
CSCVRPGTEAFF	TRBV20-1*01	5.6e-05	0.9053959843442793
CASSFGLVVLSSNTGELFF	TRBV28*01	5.6e-05	0.9503884539104749
CASSRRKGGGRQNGYTF	TRBV28*01	5.6e-05	0.8374336758616565
CSARRASGDLNTGELFF	TRBV20-1*01	5.6e-05	0.9532754130577181
CASSLTGRARGGYTF	TRBV7-3*01	5.6e-05	0.7338886188973632
CASSRLDSNTGELFF	TRBV14*01	5.6e-05	0.3202591351210026
CASSISGGAGTEAFF	TRBV7-3*01	5.6e-05	0.2681338609778353
CASSLDEIRETQYF	TRBV5-1*01	5.6e-05	0.8058331148664198
CASSATVFYEQYF	TRBV27*01	5.6e-05	0.6595018835699337
CASSGGETQYF	TRBV19*01	5.6e-05	0.1940491794555567
CSARRYEQYF	TRBV20-1*01	5.6e-05	0.766277054568323
CASSSPLASATDTQYF	TRBV27*01	5.6e-05	0.5930150916266148
CASRLLPTGGGEKLFF	TRBV6-6*05	5.6e-05	0.7917359517419135
CSATGVRPGRNAEAFF	TRBV20-1*01	5.6e-05	0.99582161884759
CASSLQRGEEETQYF	TRBV19*03	5.6e-05	0.4978343979832746
CAIRDSRPEQYF	TRBV2*01	5.6e-05	0.8025506125793681
CASSRYSWEQYF	TRBV2*02	5.5e-05	0.5687749860223489
CASSPGNPRTEAFF	TRBV4-2*01	5.5e-05	0.8103044543124669
CASSQGTFPNEQYF	TRBV4-1*01	5.5e-05	0.8241364450536557
CASSGDRDEQYF	TRBV9*01	5.5e-05	0.20909878898476708
CASSYLTGMSYEQYF	TRBV6-5*01	5.5e-05	0.5267821827737545
CASSGTGLSGNTIYF	TRBV5-1*01	5.5e-05	0.21974003011941837
CASSLGQGNYGYTF	TRBV28*01	5.5e-05	0.11288846666757348
CASSPIAGGNEQYF	TRBV7-6*02	5.5e-05	0.41080501206746284
CASRRTGVDNEQFF	TRBV6-1*01	5.5e-05	0.7117423631665716
CASSKRQNTEAFF	TRBV2*01	5.5e-05	0.20635418041391676
CASSYSMPGLAGGYEQYF	TRBV6-5*01	5.5e-05	0.731171159732358
CASSFYSSGTNEKLFF	TRBV7-9*01	5.5e-05	0.6244385684019985
CATSDPGGGGEQYF	TRBV24-1*01	5.5e-05	0.5256104445680946
CASSHRDGNTEAFF	TRBV4-1*01	5.5e-05	0.2631741377687595
CASSDRDYYNEQFF	TRBV5-1*01	5.5e-05	0.4611208660677477
CAWNRDGEKLFF	TRBV30*01	5.5e-05	0.6587124366361883
CASSHNTGELFF	TRBV7-6*01	5.5e-05	0.15387937360914505
CATPLSGQYTEAFF	TRBV30*01	5.5e-05	0.6926367044118168
CASVTGTGSHEQYF	TRBV7-9*01	5.5e-05	0.4101177851640528
CASTQPLSGNTIYF	TRBV7-9*05	5.5e-05	0.5178570167477776
CASSLGDSYYEQYF	TRBV11-2*01	5.5e-05	0.2704054271254033
CASRTGGSNTEAFF	TRBV6-2*01	5.5e-05	0.1808575767770189
CASSEAVGNEQFF	TRBV6-1*01	5.5e-05	0.3881350095555413
CASSLVGDSEAFF	TRBV5-1*01	5.5e-05	0.23215736398300577
CSAYRERDSPLHF	TRBV20-1*01	5.5e-05	0.9676277926580671
CASTSWKGTQYF	TRBV2*02	5.5e-05	0.6956894760861086
CASSQPTGGLYF	TRBV3-1*01	5.5e-05	0.6797279670676767
CAWDGTGRLFF	TRBV30*05	5.5e-05	0.9413567298841513
CASSFGGGYTF	TRBV5-6*01	5.5e-05	0.11298367280745826
CATQTGGYTF	TRBV6-1*01	5.5e-05	0.4306653243958879
CASSPNLDSSNQPQHF	TRBV7-6*01	5.5e-05	0.4173835752211529
CASRDWGSSYNEQFF	TRBV28*01	5.5e-05	0.4115197094390316
CASSGTGGINEKLFF	TRBV28*01	5.5e-05	0.20799289999099382
CSAREFTGSADTQYF	TRBV20-1*01	5.5e-05	0.9575837874317483
CATSRTSGGYEQYF	TRBV15*01	5.5e-05	0.20785138792194485
CASSLAGPGEKLFF	TRBV5-6*01	5.5e-05	0.4293109468852242
CASSLARGSTEAFF	TRBV7-2*04	5.5e-05	0.17235872346962142
CASSLGGSTGELFF	TRBV3-1*01	5.5e-05	0.15072255814253752
CASSPGEMNTEAFF	TRBV3-1*01	5.5e-05	0.1479963542547203
CASSPDRSGEQYF	TRBV6-6*05	5.5e-05	0.2611323134998426
CSARDPVNTEAFF	TRBV20-1*01	5.5e-05	0.8924810808609224
CATSDSGQGATGELFF	TRBV24-1*01	5.5e-05	0.38628463388491435
CASSPTGTSVDEQFF	TRBV6-6*04	5.5e-05	0.7352061283945873
CASSDGRGLSNEQFF	TRBV6-4*01	5.5e-05	0.41731875799951035
CASSQDSSTNEKLFF	TRBV4-2*01	5.5e-05	0.3540983768950522
CASSLRPLNTEAFF	TRBV7-3*01	5.5e-05	0.5667663976066553
CASSHPGGVGEQYF	TRBV16*01	5.5e-05	0.35127460730053917
CSAPLAGAIGELFF	TRBV20-1*01	5.5e-05	0.9519571994715138
CASSLAREQYF	TRBV5-1*01	5.5e-05	0.2604673653721036
CASSFRTGGTKTEAFF	TRBV6-6*05	5.5e-05	0.7983252135372748
CASSLAGRTGELFF	TRBV5-1*01	5.5e-05	0.20368614477793176
CASSSPVHEKLFF	TRBV6-2*01	5.5e-05	0.3272783763823411
CASSPGTAEAFF	TRBV18*01	5.5e-05	0.3454378135186757
CASSSRTDTQYF	TRBV7-2*01	5.5e-05	0.17298777352158487
CASSPSPGQTYSNQPQHF	TRBV19*01	5.5e-05	0.6063998137690081
CASSLKRTSGRAGELFF	TRBV7-3*01	5.5e-05	0.7382562851323018
CASKQPRSASPGELFF	TRBV19*01	5.5e-05	0.9547142829297817
CASSEAVGPNYGYTF	TRBV6-1*01	5.5e-05	0.3858332230340242
CASSLASQHHEKLFF	TRBV7-8*01	5.5e-05	0.3353587102704317
CASSQDPSGSYEQYF	TRBV4-2*01	5.5e-05	0.27883927614853266
CASSATRTGLYGYTF	TRBV5-5*02	5.5e-05	0.35933147307765795
CASRGRQGRDTEAFF	TRBV5-1*01	5.5e-05	0.5854560321560968
CAWTRDGSNEKLFF	TRBV30*01	5.5e-05	0.629566303946223
CAAPCRGGQETQYF	TRBV6-6*05	5.5e-05	0.9088293773942487
CAISDGGRNEKLFF	TRBV10-3*01	5.5e-05	0.40711283030527723
CASSTRQEADTQYF	TRBV19*01	5.5e-05	0.43460725432403774
CASSESGVQETQYF	TRBV10-3*01	5.5e-05	0.45480300145305536
CASRKLGLDSPLHF	TRBV6-1*01	5.5e-05	0.7784021444818205
CSARPGTGGSPLHF	TRBV20-1*01	5.5e-05	0.9096042710876988
CASSDRERDEQFF	TRBV6-4*01	5.5e-05	0.38544340996572546
CASSHHNSPLHF	TRBV11-2*01	5.5e-05	0.38270864812863575
CASSHDGSRPSSYEQYF	TRBV9*01	5.5e-05	0.5139843736195151
CASSVATWGRLADTIYF	TRBV9*01	5.5e-05	0.9074086980488503
CASSFLGLGTDTQYF	TRBV28*01	5.5e-05	0.6102897254643164
CASSPAFVAKNIQYF	TRBV6-6*04	5.5e-05	0.9261402535264566
CSARSGTGGFYEQYF	TRBV20-1*05	5.5e-05	0.7896938110771732
CASSLADPLNEQFF	TRBV5-1*01	5.5e-05	0.5052107436901311
CASSSAPQETQYF	TRBV5-1*01	5.5e-05	0.32315090772345184
CASSRQGYEQYF	TRBV3-1*01	5.5e-05	0.10486477967592148
CSVPQGGETQYF	TRBV20-1*01	5.5e-05	0.7259285589971055
CRCLLGRLGAFF	TRBV20-1*01	5.5e-05	0.9508420046451418
CASSLAGGDGANVLTF	TRBV28*01	5.5e-05	0.22528393082575074
CASSQGRYSNQPQHF	TRBV3-1*01	5.5e-05	0.2551895558828582
CASSAPEGPVEQYF	TRBV6-1*01	5.5e-05	0.7742753899462339
CSADTGVNQPQHF	TRBV20-1*01	5.5e-05	0.7582089946381579
CASSLGRFFNSPLHF	TRBV7-2*01	5.5e-05	0.832010224348202
CASSQVAGGPNEQFF	TRBV3-1*01	5.5e-05	0.4776714672885622
CASSPTTGAGGHEQFF	TRBV7-2*01	5.5e-05	0.479439755520988
CASSPGGLMWGEQYF	TRBV7-9*01	5.5e-05	0.9142855640037116
CASSFRDPVWRQPQHF	TRBV28*01	5.4e-05	0.9926411300273917
CASSQSGTGDSPLHF	TRBV4-1*01	5.4e-05	0.25093864435159385
CASSTGLADFTDTQYF	TRBV19*01	5.4e-05	0.5510149580843349
CSARDLDRGSDQPQHF	TRBV20-1*01	5.4e-05	0.9694620824880881
CASSLGGAGNTEAFF	TRBV7-8*01	5.4e-05	0.10415480485049583
CASSYFGPNYEQYF	TRBV6-2*01	5.4e-05	0.5918980124632179
CAWSSRGFSGKLFF	TRBV30*01	5.4e-05	0.8194062113049434
CASSLTGGVYEQYF	TRBV3-1*01	5.4e-05	0.13518917658570978
CASSLDISGGQGFF	TRBV5-1*01	5.4e-05	0.8214855143802051
CASSLAGLPPLHF	TRBV5-5*01	5.4e-05	0.7777290976752105
CGETGGSNEKLFF	TRBV6-2*01	5.4e-05	0.5456526206458953
CASHGRSTEAFF	TRBV6-6*04	5.4e-05	0.29219748549147717
CASEGTGGMNTGELFF	TRBV2*01	5.4e-05	0.32732186745545416
CASSYPERDSYNEQFF	TRBV6-5*01	5.4e-05	0.886165069985053
CASTPQDVRPGELFF	TRBV6-6*05	5.4e-05	0.8761314411614329
CASRTPGTPSGTQYF	TRBV5-1*01	5.4e-05	0.8892418460494103
CATPGLSTGELFF	TRBV19*01	5.4e-05	0.6448417578506445
CASRTDTYNEQFF	TRBV11-1*01	5.4e-05	0.34740426317199713
CASNPGRGTEAFF	TRBV6-1*01	5.4e-05	0.2553792030941105
CSAPGHSNQPQHF	TRBV20-1*01	5.4e-05	0.7628515546980531
CASSQVRTGRRLYEKLFF	TRBV4-3*01	5.4e-05	0.7424864544184091
CASSPRALDSSGNTIYF	TRBV18*01	5.4e-05	0.6105476507323608
CATSRVAGAHYNEQFF	TRBV15*02	5.4e-05	0.7322562077935486
CASSYFSGTGYNEQFF	TRBV6-5*01	5.4e-05	0.5737717597566397
CASSTSTGGVGTEAFF	TRBV5-1*01	5.4e-05	0.15900507128924762
CATSDLAGDHNEQFF	TRBV24-1*01	5.4e-05	0.44389771009799045
CSAGGGRGAIYEQYF	TRBV20-1*01	5.4e-05	0.9181435054661901
CATTKIKHPNEQYF	TRBV2*01	5.4e-05	0.9885083401580681
CASTSGRDYNEQFF	TRBV19*01	5.4e-05	0.18935557970230377
CASSLSGREDTQYF	TRBV27*01	5.4e-05	0.2551773661493685
CASSSGHHNSPLHF	TRBV13*01	5.4e-05	0.4044792169616913
CASSPRGAGNTIYF	TRBV14*01	5.4e-05	0.2037758762962771
CASSQASTEYEQYF	TRBV4-3*01	5.4e-05	0.3833571603163118
CASSAGLINGELFF	TRBV5-1*01	5.4e-05	0.5035445357139422
CSARPTGPNQPQHF	TRBV20-1*01	5.4e-05	0.9127758887972626
CALSREPYNEQFF	TRBV30*01	5.4e-05	0.39819708407764054
CASSFSGGLEQYF	TRBV3-1*01	5.4e-05	0.522432471986583
CASSYNRGSGYTF	TRBV6-5*01	5.4e-05	0.3290562786548899
CASSVGRNNEQFF	TRBV9*01	5.4e-05	0.31679529662683686
CATTEGVDTQYF	TRBV6-6*05	5.4e-05	0.3836715122258584
CASSSSWNEQFF	TRBV5-1*01	5.4e-05	0.3955876595748488
CSARQVNEKLFF	TRBV20-1*01	5.4e-05	0.8621194122481741
CASSLWTEASGGFGELFF	TRBV28*01	5.4e-05	0.8021380266560872
CASSIGRAGGTNYGYTF	TRBV19*01	5.4e-05	0.2863382255490173
CASSQLAAIPADTQYF	TRBV28*01	5.4e-05	0.9346626978141
CASSEGSAAGAHEQYF	TRBV10-2*01	5.4e-05	0.45163591877220993
CASVRTGLDTGELFF	TRBV28*01	5.4e-05	0.7920666348286606
CASSLTGTSADTQYF	TRBV7-2*01	5.4e-05	0.3604813216462393
CASSLYMGREQFF	TRBV27*01	5.4e-05	0.6818106007831489
CASSSTYTGELFF	TRBV2*01	5.4e-05	0.22248667366271443
CASSLTENQPQHF	TRBV5-5*01	5.4e-05	0.10920384317544381
CASSLEGGTEQYF	TRBV7-6*01	5.4e-05	0.1884565987567019
CSAGGQVYEQYF	TRBV20-1*01	5.4e-05	0.899332285208986
CASREGITYAF	TRBV6-4*01	5.4e-05	0.4296276779884845
CASSSGTGGMSNQPQHF	TRBV6-5*01	5.4e-05	0.44003492379376175
CASSQRAGGNTDTQYF	TRBV7-3*01	5.4e-05	0.30978797000889313
CASSKTSGDPTDTQYF	TRBV3-1*01	5.4e-05	0.5150282961596614
CASVGASSNTGELFF	TRBV11-3*01	5.4e-05	0.2218857021101175
CASSEAGGSYNEQFF	TRBV6-1*01	5.4e-05	0.12549428382664868
CASSVEGTDSYEQYF	TRBV9*01	5.4e-05	0.2466084207755475
CSARSTSGTYNEQFF	TRBV20-1*01	5.4e-05	0.8556941686081787
CASALARGTDTQYF	TRBV6-2*01	5.4e-05	0.42683464270167676
CASSLSGHSYEQYF	TRBV7-6*01	5.4e-05	0.3677572260697505
CASSLIANYNEQFF	TRBV7-2*01	5.4e-05	0.4237993855021051
CASSERGGSYGYTF	TRBV4-2*01	5.4e-05	0.13158844943911147
CASSLQGHNEQFF	TRBV5-1*01	5.4e-05	0.27735354884709634
CAWGGTSGRGSYNEQFF	TRBV30*05	5.4e-05	0.7513470827926714
CASSKPSGTGALEQYF	TRBV11-2*01	5.4e-05	0.7387723151449787
CATSKQGSGANVLTF	TRBV24-1*01	5.4e-05	0.2971592771351288
CASSPAGANTGELFF	TRBV7-7*01	5.4e-05	0.25389767879679653
CASSPFRDLRSEQYF	TRBV6-6*05	5.4e-05	0.9124751264597643
CASSITGYATYEQYF	TRBV11-2*01	5.4e-05	0.5890487628003572
CASSLAGQGADTQYF	TRBV5-1*01	5.4e-05	0.16769669913699795
CASSQPDRPNTEAFF	TRBV4-3*01	5.4e-05	0.5172064060019437
CASSLLGRQETQYF	TRBV27*01	5.4e-05	0.3732270536040894
CASSLSGGSTEAFF	TRBV4-1*01	5.4e-05	0.11996689139105755
CSATRTAPTGELFF	TRBV20-1*02	5.4e-05	0.9727631709051489
CASTRFWGGEQFF	TRBV28*01	5.4e-05	0.9194846630524549
CASSLQENTEAFF	TRBV27*01	5.4e-05	0.17767668101857773
CSARHRVGTEAFF	TRBV20-1*02	5.4e-05	0.9437060898497641
CASSQAAAGPTF	TRBV4-1*01	5.4e-05	0.6404973167638435
CATGQADEQFF	TRBV10-3*01	5.4e-05	0.6101309622697361
CASRAENEQFF	TRBV19*01	5.4e-05	0.3017136683351984
CASSTTSVPSGWDEQFF	TRBV11-2*01	5.4e-05	0.813769732503024
CATSREVKGIKNEQFF	TRBV15*02	5.4e-05	0.799389390192053
CASILLRGGPGELFF	TRBV28*01	5.4e-05	0.8545052499691306
CASSLVVRGYEQYF	TRBV11-2*01	5.4e-05	0.7535589593647378
CASLSGVTGELFF	TRBV7-3*01	5.4e-05	0.4288263452141572
CASSLTNYNEQFF	TRBV11-2*01	5.4e-05	0.1147813490556791
CSARDRRDQPQHF	TRBV20-1*01	5.4e-05	0.8816798095204692
CSVASGVGQPQHF	TRBV29-1*01	5.4e-05	0.6643738535176253
CATRGGYNEQFF	TRBV24-1*01	5.4e-05	0.3672889517246283
CASSQVTGQGAYEQYF	TRBV4-1*01	5.4e-05	0.28642433462785294
CASSQAAQLSTEAFF	TRBV3-1*01	5.4e-05	0.7547375257942995
CASSRPGAGNTIYF	TRBV7-2*01	5.4e-05	0.23731005600615424
CSARTGIVAFF	TRBV20-1*02	5.4e-05	0.9580335831817739
CASKPHEKSNRGVSNQPQHF	TRBV7-9*01	5.4e-05	0.9313730314883556
CASSLRASGANVLTF	TRBV28*01	5.4e-05	0.21569279290268764
CASSLRQGFGEQFF	TRBV7-3*01	5.4e-05	0.5276632948777789
CSASFTGRGTEAFF	TRBV20-1*02	5.4e-05	0.9233775034449118
CSASDRDSYEQYF	TRBV20-1*01	5.4e-05	0.6744758272210281
CASSYNRGADTQYF	TRBV11-3*01	5.3e-05	0.29616041386523634
CSARPGVGIQGAQHF	TRBV20-1*01	5.3e-05	0.9749308071501503
CATSRERVNQPQHF	TRBV15*01	5.3e-05	0.34577550967669995
CSARDRMDYEQYF	TRBV20-1*01	5.3e-05	0.813169268918847
CATSADPRGLAGSAGKSNEQFF	TRBV24-1*01	5.3e-05	0.9318417133179987
CASSVVGSLSMNTEAFF	TRBV9*01	5.3e-05	0.7357016813147794
CASSLGTGGPYEQYF	TRBV7-3*01	5.3e-05	0.14195221530943183
CASSPGDRDDGELFF	TRBV28*01	5.3e-05	0.5496401711539318
CASSAEGFNNQPQHF	TRBV10-2*01	5.3e-05	0.4554974104422046
CASSSVAETGELFF	TRBV6-5*01	5.3e-05	0.26134993387818684
CASSRLLGQETQYF	TRBV4-1*01	5.3e-05	0.44778762986901466
CAISEELAGGSYNEQFF	TRBV10-3*01	5.3e-05	0.6300219458468922
CASSRRRSSGSYEQYF	TRBV4-2*01	5.3e-05	0.21565220037611096
CASSEAARVSYNEQFF	TRBV6-1*01	5.3e-05	0.5171975986768241
CASSLVYEADYGYTF	TRBV7-9*01	5.3e-05	0.4379814945549459
CASSIGLVSNEQFF	TRBV19*01	5.3e-05	0.5402392113177873
CASSLVLGFTEAFF	TRBV11-2*01	5.3e-05	0.3779912776367177
CASRPTGESGELFF	TRBV6-1*01	5.3e-05	0.6676381222307123
CASSQALLGQFF	TRBV4-1*01	5.3e-05	0.8275098025198447
CASSPSQTGNYEQYF	TRBV18*01	5.3e-05	0.2874413324971098
CASSSGLAGYEQYF	TRBV7-2*01	5.3e-05	0.12321874282807176
CASSRDGNSYEQYF	TRBV7-2*01	5.3e-05	0.32030308482603675
CASSGGFSGNTIYF	TRBV5-1*01	5.3e-05	0.2959691736433227
CASIGLAGDEQFF	TRBV19*01	5.3e-05	0.6356082831949837
CASSLRGAGELFF	TRBV27*01	5.3e-05	0.18121130582472098
CASSSTTGFEQYF	TRBV7-3*01	5.3e-05	0.41638624810035807
CASSFGGDTQYF	TRBV7-2*01	5.3e-05	0.16800010621406103
CASSLVGGVGAPSYEQYF	TRBV11-2*01	5.3e-05	0.6064022180249481
CASSSYPGQGFEKLFF	TRBV7-9*01	5.3e-05	0.6414172388907067
CSVEDPQRKTYNEQFF	TRBV29-1*01	5.3e-05	0.9753961256521902
CASSNRGLAGSEQFF	TRBV19*01	5.3e-05	0.37339791584147575
CASSQDQTARYEQYF	TRBV4-3*01	5.3e-05	0.7676305756381014
CATAGGSGANVLTF	TRBV24-1*01	5.3e-05	0.2607241230520614
CASSDRASPGELFF	TRBV6-4*01	5.3e-05	0.716036152048115
CASSGTGGNYGYTF	TRBV27*01	5.3e-05	0.12251049927371795
CSARGGGAGYGYTF	TRBV20-1*01	5.3e-05	0.7503248348602256
CATRLAANNEQFF	TRBV27*01	5.3e-05	0.7702262622474758
CASSSDPNGEQYF	TRBV7-3*01	5.3e-05	0.4469474028562717
CASSVGYTDTQYF	TRBV9*01	5.3e-05	0.19073694227765434
CASSPSIEQYF	TRBV7-9*01	5.3e-05	0.363697053498969
CATSDATGTGDPYEQYF	TRBV24-1*01	5.3e-05	0.47327471413132005
CASSTDWNKARSYEQYF	TRBV6-2*01	5.3e-05	0.9324313813411053
CASSQVWGPRNNSPLHF	TRBV3-1*01	5.3e-05	0.9425657601154358
CASSQDARLAGVHEQYF	TRBV4-2*01	5.3e-05	0.8290789965400035
CASSYSQAGGTGELFF	TRBV6-6*01	5.3e-05	0.40047947000680434
CASSLAYRRNTGELFF	TRBV11-1*01	5.3e-05	0.6893210113256201
CASSLMTSGSFYEQYF	TRBV11-2*01	5.3e-05	0.37888614174687896
CATSDKGLAGETQYF	TRBV24-1*01	5.3e-05	0.6815284589498664
CASSPHSGSTDTQYF	TRBV27*01	5.3e-05	0.38549605383612096
CASSEAGRVTGELFF	TRBV2*01	5.3e-05	0.4575352497650277
CASSYSTYGDEQFF	TRBV6-5*01	5.3e-05	0.5498241539997034
CASSFLGLAGEQYF	TRBV7-9*01	5.3e-05	0.4407307270949607
CASSLAGGTQPQHF	TRBV5-6*01	5.3e-05	0.14833319591464167
CASSLALPVSGYTF	TRBV11-3*01	5.3e-05	0.7612982228357771
CASSRTGTNYGYTF	TRBV10-2*01	5.3e-05	0.14037269653934842
CARDWGSYNEQFF	TRBV2*01	5.3e-05	0.6128621775643728
CATGSNQPQHF	TRBV24-1*01	5.3e-05	0.17401991133814532
CASSAYEQFF	TRBV6-1*01	5.3e-05	0.18746238947158328
CASRRSGTGTMNTEAFF	TRBV6-6*05	5.3e-05	0.3794628299828507
CASSLRSGLNTGELFF	TRBV5-1*01	5.3e-05	0.23750433939622487
CASSEAGRGGRELFF	TRBV2*01	5.3e-05	0.340838975070651
CASSSLRAGYGYTF	TRBV5-6*01	5.3e-05	0.3040823639819451
CASSPGQGPYEQYF	TRBV9*01	5.3e-05	0.22911934004283846
CASHLTVDYEQYF	TRBV6-1*01	5.3e-05	0.7865442788669348
CASSGDWYNEQFF	TRBV6-6*05	5.3e-05	0.6184858427148001
CASKPGQGREQYF	TRBV6-1*01	5.3e-05	0.4168790417566855
CASSFLPRDFGGRKTQYF	TRBV7-2*01	5.3e-05	0.9763412069180983
CASSHQVARGFDNEQFF	TRBV7-6*01	5.3e-05	0.9782748303752264
CASSLAGLAGSQETQYF	TRBV5-1*01	5.3e-05	0.3295518544780678
CSASRQVLISYNEQFF	TRBV20-1*02	5.3e-05	0.9707575338850313
CATSDPRLAEETQYF	TRBV24-1*01	5.3e-05	0.901697799269974
CASSYNRMNTGELFF	TRBV6-5*01	5.3e-05	0.4239171766913268
CSAKSGVRPNTEAFF	TRBV20-1*01	5.3e-05	0.9832488577815802
CASSYEGAADTQYF	TRBV6-5*01	5.3e-05	0.44653916886041517
CASSQEGGVTEAFF	TRBV4-2*01	5.3e-05	0.27220380999119925
CASSSGMAKNIQYF	TRBV5-1*01	5.3e-05	0.8249427345858534
CASSPGGIGQPQHF	TRBV4-1*01	5.3e-05	0.22369435604634405
CASSQGPGSYEQYF	TRBV4-1*01	5.3e-05	0.16141595131599157
CSARLKGDVGELFF	TRBV20-1*05	5.3e-05	0.9416981567923164
CASSYSQGAEQFF	TRBV6-5*01	5.3e-05	0.4594763970935939
CASSSTETDTQYF	TRBV6-2*01	5.3e-05	0.2880799727751617
CSARVAGAGEQFF	TRBV20-1*01	5.3e-05	0.9634802031817229
CATSRDGEAFF	TRBV15*01	5.3e-05	0.35837401146202585
CATSRKATLLTYEQYF	TRBV15*02	5.3e-05	0.8524918186404337
CASSLSPGAGTDTQYF	TRBV27*01	5.3e-05	0.4439424508029038
CASSLAWAMNTEAFF	TRBV27*01	5.3e-05	0.6492992388134213
CASSLPSDTGELFF	TRBV7-9*01	5.3e-05	0.3406670792429778
CASSLAQHTDTQYF	TRBV7-2*01	5.3e-05	0.4067724667270063
CASSVGDRVGGYTF	TRBV9*01	5.3e-05	0.4984667423744097
CASSNPGTPERWYF	TRBV11-3*01	5.3e-05	0.9639316609045185
CAGLAGGTDTQYF	TRBV30*01	5.3e-05	0.3956928180257736
CASSEGISYEQYF	TRBV6-2*01	5.3e-05	0.19477828761580038
CATSYPRTSGFNEQFF	TRBV15*02	5.3e-05	0.8821842242048257
CASSWGGNEQFF	TRBV7-6*01	5.3e-05	0.4694045398301276
CASSVVSGELFF	TRBV9*01	5.3e-05	0.23536157701568025
CASETGTTQFF	TRBV27*01	5.3e-05	0.6898713648944834
CATSEPTGRAYNEQFF	TRBV24-1*01	5.3e-05	0.8435433363327249
CASSRLTSGGVDEQFF	TRBV6-2*01	5.3e-05	0.5756583540919729
CASSQEDLNEAFF	TRBV3-1*01	5.3e-05	0.4371488047708085
CASSDTTGTEAFF	TRBV6-4*01	5.3e-05	0.16747996048035882
CASSTSGRSYEQYF	TRBV7-9*01	5.3e-05	0.15915514905433426
CASSLRGYGYEQYF	TRBV27*01	5.2e-05	0.26476282122196887
CASSLGGTPYNSPLHF	TRBV6-6*05	5.2e-05	0.5845396638357695
CASSDTPGQANSPLHF	TRBV5-5*02	5.2e-05	0.4936848064996224
CASSDSGVNEQFF	TRBV6-4*01	5.2e-05	0.23353217354180963
CASSLAGAGELFF	TRBV5-1*01	5.2e-05	0.18695087212634182
CASWQGADGYTF	TRBV27*01	5.2e-05	0.8920488796794143
CATSRVPGGYTF	TRBV15*01	5.2e-05	0.46550533741128347
CASSLSSGTPTDTQYF	TRBV7-3*01	5.2e-05	0.478122060360921
CASSESGRAVNEQFF	TRBV6-1*01	5.2e-05	0.5514279003787291
CASSLRLGGSYEQYF	TRBV7-9*01	5.2e-05	0.24379837812663627
CASSAGAGEQYF	TRBV7-3*01	5.2e-05	0.19603729356132465
CSAVQGNEQFF	TRBV20-1*04	5.2e-05	0.7778077251908121
CSASRRRGTTTSSYNEQFF	TRBV20-1*04	5.2e-05	0.8736784234836705
CASRSGFGTGNTGELFF	TRBV28*01	5.2e-05	0.21927341785982554
CASSEVSGGTDEQFF	TRBV6-1*01	5.2e-05	0.36481217029659746
CASTSDTGDTEAFF	TRBV5-1*01	5.2e-05	0.1719122476084606
CASSRWPANEQFF	TRBV6-6*04	5.2e-05	0.8643676804904452
CSAEDGTDTQYF	TRBV20-1*01	5.2e-05	0.7714393848897393
CASSRDRGPSNTGELFF	TRBV7-8*03	5.2e-05	0.5288863192239991
CATSEYSGTASYEQYF	TRBV15*02	5.2e-05	0.5824479185384872
CASRDRGFSGNSPLHF	TRBV7-8*01	5.2e-05	0.5832426057389967
CASSSGTGYTGELFF	TRBV5-1*01	5.2e-05	0.18943277538505487
CSAKELAQSYNEQFF	TRBV20-1*01	5.2e-05	0.9883385838053038
CASIIREGWGEQYF	TRBV6-5*01	5.2e-05	0.9063383113597241
CASTSRDSSPGRFF	TRBV11-1*01	5.2e-05	0.9590090994444835
CASSPASDAYEQYF	TRBV6-2*01	5.2e-05	0.419238835249107
CASSEINTSYEQYF	TRBV14*02	5.2e-05	0.43494022299257146
CSARDPRETGELFF	TRBV20-1*01	5.2e-05	0.9582228933506172
CAASTRIMETQYF	TRBV6-2*01	5.2e-05	0.805764950599324
CASSSLGGTEAFF	TRBV7-3*01	5.2e-05	0.17557042440670148
CASSLGVDSRQSYNEQFF	TRBV5-1*01	5.2e-05	0.5078045458689607
CASSPVQSYSGNTIYF	TRBV18*01	5.2e-05	0.45805604826374163
CASSPRQGAGTGELFF	TRBV27*01	5.2e-05	0.2766270621140508
CASSHPGTGAGGELFF	TRBV6-6*04	5.2e-05	0.5737037868546792
CASSAPSGRGLNEQFF	TRBV7-2*01	5.2e-05	0.5043620031072448
CASSPDGGLGPHEQYF	TRBV5-1*01	5.2e-05	0.8048563053627681
CASSSGTSQNTEAFF	TRBV7-8*01	5.2e-05	0.13139954025553835
CASSLAAVGGHEQFF	TRBV7-3*01	5.2e-05	0.6256479226460083
CASSLQGSGTYEQYF	TRBV4-1*01	5.2e-05	0.18956489484744188
CSARARRTGGQPQHF	TRBV20-1*01	5.2e-05	0.9492118744271013
CASSGYTGDNTIYF	TRBV25-1*01	5.2e-05	0.2928672965499589
CASSLAQTGNGYTF	TRBV7-9*01	5.2e-05	0.48685280117817775
CASSRQGANQPQHF	TRBV6-6*04	5.2e-05	0.1165018155384635
CSARDSGGADEQYF	TRBV20-1*01	5.2e-05	0.8164510072328136
CAWRSRNTGELFF	TRBV30*01	5.2e-05	0.31586949063111347
CATSVGAPGELFF	TRBV24-1*01	5.2e-05	0.6973865187258034
CASSSHRYEQYF	TRBV7-2*01	5.2e-05	0.22213175175439556
CASSRQGGYTF	TRBV7-9*01	5.2e-05	0.11106618983782864
CASSQMDAETGGEYSNQPQHF	TRBV4-2*01	5.2e-05	0.8197614838061024
CASSLSPGQGYYNEQFF	TRBV18*01	5.2e-05	0.5846714614411959
CASSRRGLNRGTGYTF	TRBV4-2*01	5.2e-05	0.671081906665419
CASSSGRTDNSPLHF	TRBV28*01	5.2e-05	0.2822325567837264
CASSLEDRGGTEAFF	TRBV13*01	5.2e-05	0.46705475404163566
CASSSTGGPPYEQYF	TRBV9*01	5.2e-05	0.4272644975797322
CASSLAGTGIYEQYF	TRBV7-9*04	5.2e-05	0.32683408201472103
CASSLGASGSYEQYF	TRBV5-1*01	5.2e-05	0.1410528159409522
CASGTQGTNEKLFF	TRBV5-1*02	5.2e-05	0.5544301862464036
CASSFGQVGYEQYF	TRBV5-1*01	5.2e-05	0.3899644188715747
CATSALSTDTQYF	TRBV19*01	5.2e-05	0.4579273972431232
CASGRGAYNEQFF	TRBV27*01	5.2e-05	0.29891355554466986
CASRSDRDTEAFF	TRBV7-3*01	5.2e-05	0.16104968748736923
CSARYQPTDTQYF	TRBV20-1*01	5.2e-05	0.9910222788646164
CASSYGTVEAFF	TRBV28*01	5.2e-05	0.42056647356735344
CSAGRAVTSGGAFEYNEQFF	TRBV20-1*01	5.2e-05	0.9617400638717086
CASSASGQGIVNEKLFF	TRBV2*01	5.2e-05	0.4598117133959817
CATSDLRDRGQEQFF	TRBV24-1*01	5.2e-05	0.8925638037167797
CATSDPRTGGETQYF	TRBV24-1*01	5.2e-05	0.6931749122657632
CASIYLAPNNNEQFF	TRBV6-5*01	5.2e-05	0.9760182956115607
CASSLRGLRDNEQFF	TRBV11-2*01	5.2e-05	0.889092435657954
CATRSRAGEDTQYF	TRBV24-1*01	5.2e-05	0.3515622216746714
CASFSGGLNNEQFF	TRBV27*01	5.2e-05	0.5525794192713646
CASSLGQTFYEQYF	TRBV11-3*02	5.2e-05	0.5112783252309459
CASSPANSYNEQFF	TRBV5-1*01	5.2e-05	0.4644987730044532
CATRTILYNEQFF	TRBV27*01	5.2e-05	0.8298715618463259
CASSFGQGYGYTF	TRBV12-3*01	5.2e-05	0.09894186668719973
CASSLGQNTEAFF	TRBV11-2*01	5.2e-05	0.07778460346702763
CASSQDSPTEAFF	TRBV5-1*01	5.2e-05	0.48908697555016295
CATRGSAGELFF	TRBV24-1*01	5.2e-05	0.653456921564849
CATSTDTQYF	TRBV7-2*01	5.2e-05	0.21343760872354497
CASQTLLTGPYNEQFF	TRBV27*01	5.2e-05	0.8326507094800093
CASRGLAGVEIEQYF	TRBV27*01	5.2e-05	0.6512103298622844
CASSSAGRTGGNEQFF	TRBV6-2*01	5.2e-05	0.3239926649085063
CASSTGQGWSTDTQYF	TRBV27*01	5.2e-05	0.6648204206147211
CASSPEGNRNQPQHF	TRBV18*01	5.2e-05	0.34499600154728033
CASGRAANTGELFF	TRBV7-6*01	5.2e-05	0.456209518594987
CASRGQGWSQPQHF	TRBV6-1*01	5.2e-05	0.5556142203301507
CASSLFQETQYF	TRBV27*01	5.2e-05	0.4119083709721906
CSVGGGNSPLHF	TRBV29-1*01	5.2e-05	0.5435426945192168
CAWNGGSENTGELFF	TRBV30*01	5.2e-05	0.6985853833779008
CAAGRERTGANVLTF	TRBV28*01	5.2e-05	0.6111485415591207
CASSRTGTAQETQYF	TRBV7-2*01	5.2e-05	0.5539390135059812
CASRGRADTQYF	TRBV27*01	5.2e-05	0.2329560557343388
CATSRDKGGPGELFF	TRBV15*01	5.2e-05	0.6247126127826548
CAISESLGGSGNTIYF	TRBV10-3*01	5.1e-05	0.6955613438761695
CSVRIYSASYEQYF	TRBV29-1*01	5.1e-05	0.8045259828919658
CATRSSGYTEAFF	TRBV15*02	5.1e-05	0.21600091591196807
CASSYLGGHPAGELFF	TRBV6-5*01	5.1e-05	0.8737584457317931
CASSSRSGGATYEQYF	TRBV7-8*01	5.1e-05	0.2778546115274025
CATSENPGYPYEQYF	TRBV15*02	5.1e-05	0.9226282592656934
CASSPLSRGREKLFF	TRBV27*01	5.1e-05	0.7643668397629539
CASSSPGQGLYEQYF	TRBV7-9*01	5.1e-05	0.32246438361025986
CASSLRTRSQETQYF	TRBV5-1*01	5.1e-05	0.6020127064921911
CASSYRRTTEAFF	TRBV6-2*01	5.1e-05	0.4407957135224762
CASSNGYNEQFF	TRBV19*01	5.1e-05	0.21027455349624435
CASSQSGGALSKNIQYF	TRBV3-1*01	5.1e-05	0.8146748710778233
CASHLGGYSSYNEQFF	TRBV6-1*01	5.1e-05	0.576213954159269
CASSPASRRSANEAFF	TRBV18*01	5.1e-05	0.6899972037394885
CASSPVGGPTSTEAFF	TRBV18*01	5.1e-05	0.600582860228393
CASNYNGRVGGEKLFF	TRBV28*01	5.1e-05	0.8896785605674823
CASTERWGGNQPQHF	TRBV7-2*01	5.1e-05	0.3346655376793343
CASSDRQATQETQYF	TRBV2*01	5.1e-05	0.7554112577898174
CASSNRDRGLNEQFF	TRBV5-1*01	5.1e-05	0.49987731501706284
CASSAGLFSYEQYF	TRBV19*01	5.1e-05	0.4883755236592673
CASSHRGWTGELFF	TRBV6-6*04	5.1e-05	0.6005253731459711
CASSVGQHTDTQYF	TRBV6-2*01	5.1e-05	0.37105066071436227
CASSVATVGEKLFF	TRBV9*01	5.1e-05	0.5310293966767134
CASRRDASNYGYTF	TRBV6-2*01	5.1e-05	0.3081184430158754
CASSLYRDTEAFF	TRBV27*01	5.1e-05	0.24691574522928747
CAISDSSYEQYF	TRBV10-3*01	5.1e-05	0.2912521039101319
CASSLLSGLRGKNIQYF	TRBV27*01	5.1e-05	0.8140009026377558
CAWSSPGGGGDTQYF	TRBV30*01	5.1e-05	0.5154972639328003
CASSRRTSGAETQYF	TRBV19*01	5.1e-05	0.35727953605526197
CASSYPGQGDTEAFF	TRBV6-5*01	5.1e-05	0.36870781363434285
CASRWGQGGNQPQHF	TRBV6-1*01	5.1e-05	0.29113309081295285
CASSFGQGSEKLFF	TRBV13*01	5.1e-05	0.20371410536819143
CASSSSRGGTEAFF	TRBV7-9*01	5.1e-05	0.11036951411839054
CASTERETGELFF	TRBV6-2*01	5.1e-05	0.2636073116619103
CASSLELTDTQYF	TRBV27*01	5.1e-05	0.2962972016434285
CASRGNSGNTIYF	TRBV9*01	5.1e-05	0.23968200152747707
CSARGGAYEQYF	TRBV20-1*01	5.1e-05	0.781127901312885
CASSLAYEQYF	TRBV7-2*04	5.1e-05	0.09393227163999693
CASSYGGRLAGTHYEQYF	TRBV6-5*01	5.1e-05	0.6036456109404026
CSARPWTSGLSSYNEQFF	TRBV20-1*02	5.1e-05	0.9695581146021808
CAFSSTASLNTGELFF	TRBV10-3*01	5.1e-05	0.33954199762997506
CASSPGEGALSQPQHF	TRBV9*01	5.1e-05	0.6499792730087472
CATSDTLAGGNEQFF	TRBV24-1*01	5.1e-05	0.680616519394396
CASSYSRPGSETQYF	TRBV6-5*01	5.1e-05	0.750373560913228
CASSYGLAGGGEQYF	TRBV7-2*01	5.1e-05	0.2872454314986016
CASSTRTSDTEAFF	TRBV19*01	5.1e-05	0.32435891758580504
CASSYSGYYNEQFF	TRBV6-2*01	5.1e-05	0.2822291276240452
CASSLFVSHSPLHF	TRBV5-6*01	5.1e-05	0.9121432243403252
CASSSLLVRDTQYF	TRBV7-3*01	5.1e-05	0.7690559741300633
CASSVGGGVTEAFF	TRBV9*01	5.1e-05	0.17932088614261524
CSVRSQRANQPQHF	TRBV20-1*01	5.1e-05	0.7803735689079124
CSASGTSQYNEQFF	TRBV20-1*02	5.1e-05	0.7766970066512184
CAWSGQLNTEAFF	TRBV30*01	5.1e-05	0.6508686802477446
CASIRGGGNEQFF	TRBV28*01	5.1e-05	0.5066033152313871
CASSQGAAGELFF	TRBV3-1*01	5.1e-05	0.20129162227878653
CSATFSHYNEQFF	TRBV20-1*01	5.1e-05	0.8633846640255898
CAISGQDNEQFF	TRBV10-3*01	5.1e-05	0.516955461906502
CSASTGSYEQYF	TRBV20-1*01	5.1e-05	0.5938728573934815
CSAIGTEEKLFF	TRBV20-1*01	5.1e-05	0.8406083466443885
CSARDLNEQFF	TRBV20-1*01	5.1e-05	0.83571180605512
CASSTHTGWSSGANVLTF	TRBV6-6*03	5.1e-05	0.8751487529489723
CASSQDGLGAGGKDEQYF	TRBV4-2*01	5.1e-05	0.6344683872820482
CATSRTSGINTGELFF	TRBV15*01	5.1e-05	0.3082976858850949
CASSPIAGRINEKLFF	TRBV6-2*01	5.1e-05	0.5927398683623345
CASSRPGQPVIYEQYF	TRBV5-6*01	5.1e-05	0.7941933741538127
CASSFTSGGHNEQFF	TRBV6-5*01	5.1e-05	0.4844610678924215
CASSETSGGAETQYF	TRBV6-1*01	5.1e-05	0.24574402316331181
CASSEGIRGSYEQYF	TRBV9*01	5.1e-05	0.3303790037197888
CASTLGQINSPLHF	TRBV11-2*01	5.1e-05	0.5863007828971465
CASSQRVDRTEAFF	TRBV9*01	5.1e-05	0.6835607426328981
CSVARDSSNQPQHF	TRBV29-1*01	5.1e-05	0.5178297228224776
CAWSVGNNQPQHF	TRBV30*01	5.1e-05	0.37492982972807515
CASSRDFSDTQYF	TRBV6-6*03	5.1e-05	0.34715177069225533
CASSVGQGYEQYF	TRBV9*01	5.1e-05	0.12381710381705302
CASRTTVGTEAFF	TRBV6-6*03	5.1e-05	0.4458967706506261
CASSPIEGTQYF	TRBV28*01	5.1e-05	0.4155741227388976
CASSQQLTSGSFYNEQFF	TRBV5-1*01	5.1e-05	0.7430240442364945
CASSLAQAGGSPLHF	TRBV18*01	5.1e-05	0.4980395685759587
CASNEQGSGANVLTF	TRBV2*01	5.1e-05	0.23489296589706335
CAIGMVGTNTEAFF	TRBV10-3*01	5.1e-05	0.759193259978765
CASSLVSNTGELFF	TRBV11-2*01	5.1e-05	0.22826240759849903
CASSQAGYRTEQYF	TRBV3-1*01	5.1e-05	0.5861595647510627
CACEGWRQETQYF	TRBV30*01	5.1e-05	0.9042479064087473
CSASGGANNEQFF	TRBV20-1*02	5.1e-05	0.7016681000376553
CASSWDSYEQYF	TRBV11-2*01	5.1e-05	0.2865291506144954
CASRQGLGPQHF	TRBV5-6*01	5.1e-05	0.22822925068742098
CSARGNSFEQYF	TRBV20-1*01	5.1e-05	0.9300177933704751
CASLQGAKAFF	TRBV28*01	5.1e-05	0.8170844923990611
CASSLVALTSTDTQYF	TRBV5-1*01	5.1e-05	0.48047537503354054
CATGTSGRGPYEQYF	TRBV27*01	5.1e-05	0.4288167097542258
CSVEGGGQGPYEQYF	TRBV29-1*01	5.1e-05	0.599700797028201
CASSLGTTNNEQFF	TRBV27*01	5.1e-05	0.3310102579823204
CASSSTGGQNIQYF	TRBV7-2*01	5.1e-05	0.5474500308289717
CASSLPGQSYEQYF	TRBV11-2*03	5.1e-05	0.22296013300541118
CASSILGQQETQYF	TRBV5-1*01	5.1e-05	0.4019448381147362
CSASSFQGNYEQYF	TRBV20-1*04	5.1e-05	0.6384661144967096
CATSDWGHSRGQETQYF	TRBV24-1*01	5.1e-05	0.9606670652503221
CASSQGTGGQETQYF	TRBV6-2*01	5.1e-05	0.22141274394200056
CASSSGTSQNTEAFF	TRBV7-8*01	5.1e-05	0.13139954025553835
CASSPKAGTNYGYTF	TRBV7-9*01	5.1e-05	0.3878360638301969
CASSLGQGSDEQYF	TRBV7-9*01	5.1e-05	0.22944729188785326
CASSQLAATDTQYF	TRBV3-1*01	5.1e-05	0.4196840106078391
CASSYSGTEAFF	TRBV6-5*01	5.1e-05	0.11934261106735919
CASSFGEGAAYNEQFF	TRBV7-6*01	5.1e-05	0.33704466648190906
CASTGSAGGQETQYF	TRBV11-2*01	5.1e-05	0.4391207516723948
CASSQGALTTGELFF	TRBV3-1*01	5.1e-05	0.4078183098271846
CASSFAGISPLHF	TRBV7-2*01	5.1e-05	0.6026340028006388
CSARDPQREGSYNEQFF	TRBV20-1*01	5.1e-05	0.9663030923171655
CASSYGRQGQETQYF	TRBV6-5*01	5.1e-05	0.5964556419644336
CASSQGRDSLMDF	TRBV4-1*01	5.1e-05	0.7479282341853682
CASSPPSSRHSYEQYF	TRBV4-2*01	5e-05	0.5809016962572137
CASSLAGGPNEQFF	TRBV7-2*01	5e-05	0.3244400924355168
CASSEIGETGELFF	TRBV9*01	5e-05	0.2170843385396885
CASSLVRSSPSYEQYF	TRBV5-5*01	5e-05	0.5473948055026392
CATSRGDGSNQPQHF	TRBV15*02	5e-05	0.18113954089037418
CASSAGSLSGNTIYF	TRBV7-8*01	5e-05	0.23156742744985964
CSARVYEQYF	TRBV20-1*01	5e-05	0.8325714265948622
CASSQDGAGVQETQYF	TRBV4-3*01	5e-05	0.6351765039184186
CASSYSGQPNEKLFF	TRBV6-5*01	5e-05	0.5189552875414389
CASSPIRGRSYNEQFF	TRBV7-7*01	5e-05	0.6074858826247945
CASSYRNPGTEAFF	TRBV6-5*01	5e-05	0.9059884598290154
CASSLGDRVSPLHF	TRBV5-1*01	5e-05	0.5799518966487557
CAWNQGAGETQYF	TRBV30*01	5e-05	0.646574553109233
CASSYSSPREAFF	TRBV6-5*01	5e-05	0.7255532249167939
CSASDSVNQPQHF	TRBV20-1*01	5e-05	0.6635900867413742
CSAARQNYEQYF	TRBV20-1*01	5e-05	0.8393996004793037
CASSISGVDGNQPQHF	TRBV19*01	5e-05	0.38699894377033867
CASSAGAGLGNYGYTF	TRBV5-8*01	5e-05	0.36261866590500397
CASSSGRISGNQPQHF	TRBV7-2*01	5e-05	0.31276440157667346
CASSFLQAWWRGAFF	TRBV28*01	5e-05	0.9959487992889914
CASSEGFSGPGEQYF	TRBV2*01	5e-05	0.6149120230144305
CASSFRGLRTDTQYF	TRBV7-2*01	5e-05	0.7840675318379235
CASSIDGRTGELFF	TRBV19*01	5e-05	0.43622383835814843
CASTPFGENTEAFF	TRBV7-2*01	5e-05	0.5509860593630919
CASSFGGSNEKLFF	TRBV28*01	5e-05	0.1477589838226643
CASSLQGENEKLFF	TRBV6-2*01	5e-05	0.22884146700207952
CASSLRDGPYEQYF	TRBV7-3*01	5e-05	0.3252949881266284
CASRLPGQNEKLFF	TRBV6-6*05	5e-05	0.5617135522035214
CASSLGGNTEAFF	TRBV11-2*01	5e-05	0.0714109311305964
CAWKDSNQPQHF	TRBV30*01	5e-05	0.39437062370801945
CASSITAYEQYF	TRBV11-2*01	5e-05	0.4012143461495925
CATASGSEQYF	TRBV24-1*01	5e-05	0.492483276977578
CASTEQGLIGAGELFF	TRBV7-9*05	5e-05	0.8507213595984351
CASSVGGPFSNQPQHF	TRBV9*01	5e-05	0.8407460441376743
CASSYSQGGYNEQFF	TRBV6-5*01	5e-05	0.18335627695976567
CASSDSAGEGNEQFF	TRBV6-4*01	5e-05	0.21975771032310878
CASSDTSGGADTQYF	TRBV6-4*01	5e-05	0.19090842218973078
CASSLSLADPYEQYF	TRBV7-3*04	5e-05	0.555536893198084
CASSQGLAGSYEQYF	TRBV14*01	5e-05	0.14165557136002901
CASSQAGTKENTIYF	TRBV3-1*01	5e-05	0.6224818687034234
CASSLQGVVGDGYTF	TRBV4-1*01	5e-05	0.7802268978699294
CASSYSNRLEKLFF	TRBV6-5*01	5e-05	0.5655272815758537
CASSGQALQETQYF	TRBV27*01	5e-05	0.6686147040184964
CASSSRPGADGYTF	TRBV13*01	5e-05	0.5036075867520446
CASIRDLNTEAFF	TRBV28*01	5e-05	0.5971461826185084
CASSPFPEDEQFF	TRBV13*01	5e-05	0.8686629385610237
CASSVAERYEQYF	TRBV9*01	5e-05	0.41163933361999155
CASSYSMDSGRPTDTQYF	TRBV6-5*01	5e-05	0.8172891531348472
CASSAQTGEGGEKLFF	TRBV6-1*01	5e-05	0.41259571957022784
CASSVGGGQYNSPLHF	TRBV9*01	5e-05	0.3959730310970331
CASSLDKQGFNTEAFF	TRBV5-1*01	5e-05	0.4146432651444401
CASSQQDMGFGRELFF	TRBV4-1*01	5e-05	0.8390163711935466
CASSQDAWSEQETQYF	TRBV4-3*01	5e-05	0.8349078644260551
CASSGTGLSQETQYF	TRBV19*01	5e-05	0.4464430633886921
CASTKGGQPPYEQYF	TRBV18*01	5e-05	0.7704429662150268
CASSLDGTSGNTIYF	TRBV7-3*01	5e-05	0.25941167317592295
CASSSQTGRRYGYTF	TRBV13*01	5e-05	0.46466046580766623
CATRPTSGRFNEQFF	TRBV15*02	5e-05	0.9333454418633643
CSASQREGPWDTQYF	TRBV20-1*02	5e-05	0.9667675394178923
CASSYLGGRYEQYF	TRBV6-5*01	5e-05	0.278299290608596
CASSLGYSSYEQYF	TRBV6-2*01	5e-05	0.2604911323490572
CASKGGSSYNEQFF	TRBV2*01	5e-05	0.34517944662690764
CASSFAHNEQFF	TRBV5-1*01	5e-05	0.34697770525695476
CASSQLPPEAGVADEQFF	TRBV4-2*01	5e-05	0.8728952825827357
CASSLAPDGPNSYEQYF	TRBV7-6*01	5e-05	0.6033562360456469
CASQRGTGTASTDTQYF	TRBV5-1*01	5e-05	0.47030342482541165
CASSPIGSSGGMDTQYF	TRBV5-1*01	5e-05	0.5577148837075921
CASSLTVLRRTAEQYF	TRBV11-3*01	5e-05	0.933560204982983
CASSHTGEDSGNTIYF	TRBV13*01	5e-05	0.4836897624634319
CASSQDGGLAIETQYF	TRBV3-1*01	5e-05	0.8464338295947285
CASSLLGKKAGNTIYF	TRBV4-1*01	5e-05	0.5529112811458352
CASAPGGRNTGELFF	TRBV28*01	5e-05	0.3209789122191637
CASSDSSDNTGELFF	TRBV6-4*01	5e-05	0.16740130614480014
CASSSGTMNTGELFF	TRBV7-6*01	5e-05	0.2788771048277562
CASSSLAGTTDTQYF	TRBV7-9*01	5e-05	0.2071102021480172
CASSVEGRARTEAFF	TRBV9*01	5e-05	0.5215861627769613
CASSQPGGADTQYF	TRBV19*03	5e-05	0.2217657747062116
CASSLAGEREKLFF	TRBV27*01	5e-05	0.35693542107453835
CASSLGDGTYEQYF	TRBV5-8*01	5e-05	0.25299164183951195
CALSGQGYNEQFF	TRBV2*01	5e-05	0.3107571400860591
CASRTYGYNEQFF	TRBV19*01	5e-05	0.2840933000443091
CASSGQVNEKLFF	TRBV13*02	5e-05	0.22601638578690264
CASVGRRHEKLFF	TRBV10-2*01	5e-05	0.5702593775845907
CSAPATSYNEQFF	TRBV20-1*01	5e-05	0.8577213840020385
CASSSGLAETYNEQFF	TRBV19*01	5e-05	0.23205467719782577
CASSLIVGTGLETQYF	TRBV11-3*01	5e-05	0.7536427203584783
CATSDEYDGQETQYF	TRBV24-1*01	5e-05	0.7473917894283039
CASSLLVGGGETQYF	TRBV19*03	5e-05	0.43494230313299675
CASRNFRDATDTQYF	TRBV19*01	5e-05	0.7585960872666143
CASSLRRLAGLEQFF	TRBV27*01	5e-05	0.7238915640256317
CASSTGTGGPDTQYF	TRBV6-6*03	5e-05	0.277010887317169
CSALAETGKAYGYTF	TRBV29-1*01	5e-05	0.9388848811077399
CAISVTASTDTQYF	TRBV10-3*01	5e-05	0.43829644825693725
CASSPGTGNYGYTF	TRBV9*01	5e-05	0.12518557054644558
CASSFQNMNTEAFF	TRBV7-9*01	5e-05	0.27010889243092123
CASSRTGSYNEQFF	TRBV27*01	5e-05	0.12051640076808458
CASRTGTETDEAFF	TRBV7-9*01	5e-05	0.4921212906715278
CASSQKGIEKLFF	TRBV3-1*01	5e-05	0.37436775474416784
CASSEWGQEAFF	TRBV2*03	5e-05	0.3308083840043632
CASSFLALEQYF	TRBV7-9*01	5e-05	0.7725143431095325
CSASEVGREQYF	TRBV20-1*02	5e-05	0.9220561919217163
CASSLRTSGRAAYNEQFF	TRBV4-3*01	5e-05	0.5393138385912436
CASSPSLVAGANVLTF	TRBV19*03	5e-05	0.505953652642305
CASSIGQISTDTQYF	TRBV19*01	5e-05	0.5724270641973024
CASSFSGRARGEQFF	TRBV11-2*01	5e-05	0.8733537735173302
CSASPPFGQGNEQFF	TRBV20-1*04	5e-05	0.9715977382259198
CATILAGPYNEQFF	TRBV27*01	5e-05	0.8343604483024548
CATSEDRDTGELFF	TRBV24-1*01	5e-05	0.3014718378184539
CASAGGSAKNIQYF	TRBV28*01	5e-05	0.7054303501894028
CASSTTGTSGLWNF	TRBV14*01	5e-05	0.8044769539939726
CSVKKIVADEQYF	TRBV29-1*01	5e-05	0.9490951310459068
CASSLTGNGYTF	TRBV7-3*01	5e-05	0.22383583994646172
CASSLRETQYF	TRBV3-1*01	5e-05	0.22765843059155821
CASSRGQGESGNTIYF	TRBV13*01	5e-05	0.23429486279412623
CASSDSGGADTQYF	TRBV6-1*01	5e-05	0.19044279643028642
CSAREWIEDYTF	TRBV20-1*01	5e-05	0.9915196095981054
CASSLQTGGASPLHF	TRBV14*01	5e-05	0.3974167541632811
CSASSVDYGYTF	TRBV20-1*02	4.9e-05	0.6509120619627138
CASSYVGGSNQPQHF	TRBV6-5*01	4.9e-05	0.2742311120122518
CASSLGGQGFNEQFF	TRBV7-8*01	4.9e-05	0.46590253894430833
CASSPSGAVAEAFF	TRBV27*01	4.9e-05	0.5787977778077624
CASSPGAGNQPQHF	TRBV27*01	4.9e-05	0.08486237387894009
CASSLGRMNTEAFF	TRBV7-2*01	4.9e-05	0.18670232277964213
CASSLDSSDFRYTF	TRBV7-2*04	4.9e-05	0.5250689932922112
CSALEGYEQYF	TRBV20-1*01	4.9e-05	0.7018974396929745
CASSPDRLAGGWCEQFF	TRBV6-4*01	4.9e-05	0.8817839832657194
CATSRLAVTSYNEQFF	TRBV24-1*01	4.9e-05	0.6240468602620202
CASSLGGGRVNQPQHF	TRBV28*01	4.9e-05	0.2561233182421546
CASRPSGVSYNEQFF	TRBV6-6*01	4.9e-05	0.46603575745516895
CASSLGLTKHNEQFF	TRBV4-2*01	4.9e-05	0.742725888970985
CSARAGTGSNQPQHF	TRBV20-1*01	4.9e-05	0.7471012113879077
CASSFVTSRDTQYF	TRBV6-2*01	4.9e-05	0.8382723598618212
CASSGGAGGYEQYF	TRBV7-9*04	4.9e-05	0.11939455308785023
CASSAGDRPQHF	TRBV7-8*01	4.9e-05	0.1565522969094279
CASSSGLTQYF	TRBV11-2*01	4.9e-05	0.290114928664245
CASSYVAGGTAKNIQYF	TRBV6-5*01	4.9e-05	0.8539983882558689
CASSAEHSTGGTIYF	TRBV6-4*01	4.9e-05	0.6989354415116279
CASSEENSGANVLTF	TRBV6-1*01	4.9e-05	0.28290951304298634
CASSLVGGEGYGYTF	TRBV7-3*01	4.9e-05	0.17627275293191594
CASSLDGGGTDTQYF	TRBV5-1*01	4.9e-05	0.29789690832315563
CASTTGTATLEAFF	TRBV19*03	4.9e-05	0.8637770229299442
CASSSSRKGGDSWSGAGYTF	TRBV9*01	4.9e-05	0.6999836748558574
CASSLVFSRGLDEQYF	TRBV7-2*01	4.9e-05	0.7642707014028687
CASSSRQGESNQPQHF	TRBV4-2*01	4.9e-05	0.24117611860901855
CARSPGQGVGNTEAFF	TRBV24-1*01	4.9e-05	0.388575457457309
CASRQALAGAGEQYF	TRBV27*01	4.9e-05	0.5327068646501882
CASSQGTASSYEQYF	TRBV4-3*01	4.9e-05	0.25281958159448875
CASSQRGVSANEQFF	TRBV5-1*01	4.9e-05	0.5860686745060989
CASSERPGANVLTF	TRBV27*01	4.9e-05	0.30255198667463173
CASSPTLGYGYTF	TRBV9*01	4.9e-05	0.42684744582345724
CASSYSGLAGGPRIDTQYF	TRBV6-5*01	4.9e-05	0.6004024683292378
CASSSGTSGKVDEQFF	TRBV9*03	4.9e-05	0.7918756940895898
CASSQDGTSGSNEQFF	TRBV4-2*01	4.9e-05	0.3164656237529111
CASSAGLSPGGEKLFF	TRBV11-3*02	4.9e-05	0.6613544538959765
CASSPSTSGANVLTF	TRBV19*01	4.9e-05	0.2112249763640804
CASGNPGAGGTEAFF	TRBV6-6*03	4.9e-05	0.7519114519925069
CASIPGTPRGGEQFF	TRBV27*01	4.9e-05	0.9189113132365904
CASSDGQGDTGELFF	TRBV6-4*01	4.9e-05	0.20788569925254388
CASSFDREQTYGYTF	TRBV7-9*01	4.9e-05	0.45096129687663644
CASSTRDRSSQPQHF	TRBV7-8*01	4.9e-05	0.47195259423560454
CASSKTTGGDEKLFF	TRBV28*01	4.9e-05	0.36176432874751524
CASKAPSGPYNEQFF	TRBV2*01	4.9e-05	0.596864582571698
CASSVTGFGTDTQYF	TRBV5-1*01	4.9e-05	0.47113629398765894
CASSRAGPYNEQFF	TRBV27*01	4.9e-05	0.35995860370151717
CASSGGRATDTQYF	TRBV6-1*01	4.9e-05	0.37300506224243135
CASSDPGSNYEQYF	TRBV6-4*01	4.9e-05	0.2325034346435031
CASSLGSGSKTQYF	TRBV11-2*01	4.9e-05	0.6922154496704616
CASSPSVSGNTIYF	TRBV7-8*03	4.9e-05	0.24585398897610297
CSARETGAEYGYTF	TRBV20-1*01	4.9e-05	0.8651720281552199
CAWRTDRVPEAFF	TRBV30*01	4.9e-05	0.9471779751953209
CASSSTVAVTLHF	TRBV7-9*01	4.9e-05	0.7238424664788774
CASSPDPYNEQFF	TRBV11-2*01	4.9e-05	0.4234875372427322
CSARTHDNSPLHF	TRBV20-1*02	4.9e-05	0.8979460132206122
CSAPGLAGVLTFF	TRBV20-1*01	4.9e-05	0.9726399360270241
CASFMGGAEAFF	TRBV27*01	4.9e-05	0.6595888925700416
CASSLAVSRTLRMNTEAFF	TRBV5-1*01	4.9e-05	0.8875192463617837
CASMSQRGFSYNEQFF	TRBV2*01	4.9e-05	0.6716901906684106
CASTPWSGEKNTEAFF	TRBV28*01	4.9e-05	0.7341260186853641
CASSLGGLAGTGELFF	TRBV7-2*01	4.9e-05	0.25471912444675093
CASSPPGDSTGELFF	TRBV28*01	4.9e-05	0.397462717097902
CASRIAGDLGNEQFF	TRBV2*01	4.9e-05	0.8078687884577483
CASSLQGQGYNEQFF	TRBV5-1*01	4.9e-05	0.21056807734513136
CASSALAGSDTQYF	TRBV27*01	4.9e-05	0.29865449415099066
CASSRTDSNQPQHF	TRBV7-9*01	4.9e-05	0.13221724923844164
CASSQLGGSSPLHF	TRBV3-1*01	4.9e-05	0.19378526612654887
CASSQVTSQLEQYF	TRBV14*01	4.9e-05	0.9066117884504861
CASSQAMVAGELFF	TRBV3-1*01	4.9e-05	0.5606208924925568
CASSGGTGNEKLFF	TRBV9*01	4.9e-05	0.20712100831987104
CASSGGTLGYEQYF	TRBV5-1*01	4.9e-05	0.39946079996035494
CAWGTSVQETQYF	TRBV30*05	4.9e-05	0.8066337913274233
CASGAGWSGELFF	TRBV2*01	4.9e-05	0.5129899537817089
CSARSVENTEAFF	TRBV20-1*01	4.9e-05	0.8288671919765668
CSVGATKNQPQHF	TRBV29-1*01	4.9e-05	0.8794672229818583
CSVRTGENQPQHF	TRBV29-1*01	4.9e-05	0.6037212766012583
CASSYHSDTQYF	TRBV6-2*01	4.9e-05	0.6447655832349298
CSAGQTNSPLHF	TRBV20-1*01	4.9e-05	0.7709330410412015
CATSRGDGLGSTEAFF	TRBV15*02	4.9e-05	0.4855910027907756
CASSYTGQYMNTEAFF	TRBV6-5*01	4.9e-05	0.39774448655001143
CASSGLAGSNTGELFF	TRBV7-7*01	4.9e-05	0.1372534196580147
CASSRDSRYMNTEAFF	TRBV6-6*05	4.9e-05	0.3836618222536349
CATSDLRRSGNTIYF	TRBV24-1*01	4.9e-05	0.6282254909199567
CASSIRTGPPGELFF	TRBV6-6*03	4.9e-05	0.7955938419029074
CATSKDRLNTEAFF	TRBV15*02	4.9e-05	0.3032865219115946
CASSPGGGVGEQYF	TRBV6-6*04	4.9e-05	0.26314018134433786
CASSQGQGADTQYF	TRBV9*01	4.9e-05	0.18858525889035763
CASNYVGLNEKLFF	TRBV6-5*01	4.9e-05	0.5510635752859068
CASKSGYNTGELFF	TRBV9*01	4.9e-05	0.35239330886712855
CASSQQGNTEAFF	TRBV11-2*01	4.9e-05	0.09079113015609265
CASSQGGAQPQHF	TRBV14*01	4.9e-05	0.17316848873439014
CASSPGVTEQFF	TRBV6-2*01	4.9e-05	0.3732391564091047
CAWNRGYELFF	TRBV30*01	4.9e-05	0.4265260340565671
CAISESTSGAYEQYF	TRBV10-3*01	4.9e-05	0.3414017383638727
CASSPYRSGAGELFF	TRBV6-6*04	4.9e-05	0.6795475895280801
CASNPDRDEDEQFF	TRBV27*01	4.9e-05	0.5448217941273665
CASSLAPGDEKLFF	TRBV5-1*01	4.9e-05	0.46034891843619696
CASSRRDTGELFF	TRBV14*01	4.9e-05	0.10021585281051448
CASSMGLAPGQETQYF	TRBV19*01	4.9e-05	0.8371363206685226
CASSPEGGLNEKLFF	TRBV6-6*04	4.9e-05	0.3937071310391658
CATSDTGVRAEAFF	TRBV24-1*01	4.9e-05	0.9212393228100885
CASSQGPQTEAFF	TRBV9*01	4.9e-05	0.3756506585812914
CASSTGEHNEQFF	TRBV4-2*01	4.9e-05	0.25428956720987506
CASSYGREPSTDTQYF	TRBV6-5*01	4.9e-05	0.7463701663265115
CASSQQGPNTGELFF	TRBV7-2*01	4.9e-05	0.3078156890579664
CATSDLRGTEAFF	TRBV24-1*01	4.9e-05	0.33126003062802356
CSAPRERARAEAFF	TRBV20-1*01	4.8e-05	0.9877086877649957
CASRRAAGAASSYEQYF	TRBV5-1*01	4.8e-05	0.36827898377279134
CASSGAGGPDTQYF	TRBV6-1*01	4.8e-05	0.2450025334193037
CASSPGQGGSPLHF	TRBV6-6*05	4.8e-05	0.2118053711155985
CASSLVGQGHEKLFF	TRBV7-8*01	4.8e-05	0.2585297485975649
CASSFQTGNTEAFF	TRBV11-3*01	4.8e-05	0.2090199028520551
CASSLGQGNTEAFF	TRBV11-2*01	4.8e-05	0.08014731195843414
CSAALEDTQYF	TRBV20-1*02	4.8e-05	0.8101613407849219
CASSVGVLAGGADTQYF	TRBV9*01	4.8e-05	0.4965537922428883
CATSGPAGGPNNEQFF	TRBV24-1*01	4.8e-05	0.8083015413099716
CASSQGTGFKPYEQYF	TRBV16*01	4.8e-05	0.5550053653708046
CASSQLMGSSNEKLFF	TRBV14*01	4.8e-05	0.2749123016677742
CASSVVDIEGGDGYTF	TRBV9*01	4.8e-05	0.6660141676203105
CASFKRGRTDTQYF	TRBV6-1*01	4.8e-05	0.7407092777154579
CASSYDRGRGPQHF	TRBV6-5*01	4.8e-05	0.501162780215238
CASRQGQRTDTQYF	TRBV2*01	4.8e-05	0.390402270441041
CASSQETGDYEQYF	TRBV4-1*01	4.8e-05	0.16937787120692063
CASRYSGGKGQFF	TRBV27*01	4.8e-05	0.9230713718175384
CASSLATTREQFF	TRBV7-3*01	4.8e-05	0.7418221679994103
CASSWGQSYEQYF	TRBV7-8*01	4.8e-05	0.21833041024288954
CATSDADLWTGGANTGELFF	TRBV24-1*01	4.8e-05	0.9216418788704539
CASSPPGTTTPSGNTIYF	TRBV18*01	4.8e-05	0.698433160611442
CASSEAFGNRGGNEQFF	TRBV2*01	4.8e-05	0.8537359093316453
CASSASGGTGTDTQYF	TRBV5-1*01	4.8e-05	0.21210964189981807
CATSSGTGGNQPQHF	TRBV15*02	4.8e-05	0.10311069491526001
CASTLRASYNSPLHF	TRBV11-2*01	4.8e-05	0.5827508825441118
CASTLGAAGKNEQFF	TRBV6-2*01	4.8e-05	0.7710163323624375
CASSLTAGHTDTQYF	TRBV7-3*04	4.8e-05	0.3463771044907372
CSARDFGAGNYGYTF	TRBV20-1*01	4.8e-05	0.6708518489786409
CASSPGTVLNEQFF	TRBV18*01	4.8e-05	0.8036742979366628
CASVRGRTTEAFF	TRBV7-8*01	4.8e-05	0.3995857339754935
CAWSQGPGNEQFF	TRBV30*01	4.8e-05	0.6557591009255248
CASSRLKKETQYF	TRBV7-2*01	4.8e-05	0.7689509623645981
CSASGGPHEQYF	TRBV20-1*02	4.8e-05	0.8215674363547508
CASSPTGTGGARYTEAFF	TRBV18*01	4.8e-05	0.6191893047619589
CASSFNVREALLNQPQHF	TRBV28*01	4.8e-05	0.6993166647981145
CASSPGGTGTENYGYTF	TRBV9*01	4.8e-05	0.27698246533576526
CATSRPISGGQETQYF	TRBV15*01	4.8e-05	0.8538834995547249
CASSPGILTYSTEAFF	TRBV18*01	4.8e-05	0.6370255848914957
CASSPRDRPFSYGYTF	TRBV3-1*01	4.8e-05	0.8420231225187741
CASSQAQGLHNSPLHF	TRBV3-1*01	4.8e-05	0.6018815007220264
CASSQATGGRTDTQYF	TRBV4-1*01	4.8e-05	0.459946796196275
CSVYGQGRPGANVLTF	TRBV29-1*01	4.8e-05	0.8790022532157795
CAQSGAGANTGELFF	TRBV2*01	4.8e-05	0.36629969201524776
CATSSRQGYQETQYF	TRBV24-1*01	4.8e-05	0.5380275740058912
CASSDSTSGYNEQFF	TRBV6-4*01	4.8e-05	0.18294893412549648
CASSLDTRGYLEQYF	TRBV5-8*01	4.8e-05	0.6902900599331747
CASSLPGQPNLPQHF	TRBV7-2*01	4.8e-05	0.7638370872939378
CASSLQGFGNQPQHF	TRBV9*01	4.8e-05	0.279000513399616
CASSVLAGSRDEQFF	TRBV9*01	4.8e-05	0.6421693847898994
CSARDVGSGANVLTF	TRBV20-1*01	4.8e-05	0.605004337970143
CASSRGSIDQPQHF	TRBV6-1*01	4.8e-05	0.28755604174146115
CASSQEGSLEPLHF	TRBV4-2*01	4.8e-05	0.7015470336902434
CASSVAGGTYEQYF	TRBV9*03	4.8e-05	0.15975196815649548
CSARDSGGVNEQFF	TRBV20-1*01	4.8e-05	0.8531500479404194
CASSSGDLETQYF	TRBV7-3*01	4.8e-05	0.3918380062183174
CASSPGSNQPQHF	TRBV7-9*04	4.8e-05	0.09534956772664184
CASSHGNEKLFF	TRBV4-2*01	4.8e-05	0.19764922829168108
CATTGYEAFF	TRBV7-9*05	4.8e-05	0.43174114733956503
CATSETYEAGGRETQYF	TRBV24-1*01	4.8e-05	0.7103799157840885
CASSLKAGASSYNEQFF	TRBV5-1*01	4.8e-05	0.41475012164702174
CASSQAGTGGNTEAFF	TRBV18*01	4.8e-05	0.14269835403316725
CASKLTRHSSGNTIYF	TRBV6-1*01	4.8e-05	0.6630903420899135
CASSLPGQGLYNEQFF	TRBV5-1*01	4.8e-05	0.43630998961072076
CAWTLPDSHTGELFF	TRBV30*01	4.8e-05	0.9142463376076616
CASSQYDSSYNEQFF	TRBV19*01	4.8e-05	0.4054501007473647
CASSWQTGRTEAFF	TRBV19*01	4.8e-05	0.6418204616257025
CASSRAGVGYEQYF	TRBV9*01	4.8e-05	0.2768163741915201
CASTPDRASDEQFF	TRBV27*01	4.8e-05	0.6217160681734845
CSLRLAGVGEQFF	TRBV20-1*01	4.8e-05	0.9237813504322915
CASSRYSFSSGPNNEQFF	TRBV13*02	4.8e-05	0.909019439705255
CASRGLAGGPNTGELFF	TRBV2*01	4.8e-05	0.424587691781376
CASSTGTGSSGNTIYF	TRBV19*03	4.8e-05	0.11880013933955715
CASSPQAGWTYNEQFF	TRBV11-2*01	4.8e-05	0.6234942057191876
CASSQRGGGLDTEAFF	TRBV3-1*01	4.8e-05	0.36318339023251983
CASSLRTGGGQPQHF	TRBV7-2*01	4.8e-05	0.13504763796972077
CASSSGTVSSYEQYF	TRBV5-5*01	4.8e-05	0.21473053351547328
CASSQTRQGYNEQFF	TRBV4-2*01	4.8e-05	0.4602106643273633
CASSLEASAYEQYF	TRBV5-5*01	4.8e-05	0.28072389657722974
CAISAAMNYGYTF	TRBV10-3*01	4.8e-05	0.5549383036651582
CASSFPTPDTQYF	TRBV27*01	4.8e-05	0.8131190241559078
CASSASSYNEQFF	TRBV6-4*01	4.8e-05	0.10651119147433905
CASSPPGALLTHNEQFF	TRBV18*01	4.8e-05	0.7339561984919797
CASSLGRLAGVETQYF	TRBV5-1*01	4.8e-05	0.5782560884079203
CATSEGLAGVGEQFF	TRBV15*02	4.8e-05	0.68074046355594
CASSFFAVGTGELFF	TRBV7-9*01	4.8e-05	0.7420778862032091
CASSLGGGSGNTIYF	TRBV11-2*01	4.8e-05	0.1510897771238368
CASSPLAGGGNEQFF	TRBV7-3*01	4.8e-05	0.37170453012328797
CASSGTSGGTDTQYF	TRBV6-4*01	4.8e-05	0.18315084124091238
CASRSSGRNYNEQFF	TRBV6-1*01	4.8e-05	0.25728944159784944
CATSKGSKNTEAFF	TRBV15*02	4.8e-05	0.4187819527602863
CASSPGLSRDTQYF	TRBV10-1*01	4.8e-05	0.5361286529314592
CASSYPTDNEQFF	TRBV19*03	4.8e-05	0.7439240793480575
CASSRTGYYEQYF	TRBV3-1*01	4.8e-05	0.18290278681088748
CASSPSGGYEQFF	TRBV5-1*01	4.8e-05	0.3813544972108581
CSARGQGDEKLFF	TRBV20-1*01	4.8e-05	0.8259422518136463
CASSLNTEAFF	TRBV7-6*01	4.8e-05	0.08085403230434363
CASSSLLGQGARGYTF	TRBV7-9*01	4.8e-05	0.4213337194356401
CASSQDSGSNQPQHF	TRBV3-1*01	4.8e-05	0.14013744051822868
CASSGQDSPLYGYTF	TRBV9*01	4.8e-05	0.626832105633535
CASSMGGGGTEAFF	TRBV19*01	4.8e-05	0.14742961841024538
CASSPRTNPGELFF	TRBV10-1*01	4.8e-05	0.8729897138628737
CASLQPNTGELFF	TRBV27*01	4.8e-05	0.36236604826585356
CSEGGQAQETQYF	TRBV20-1*01	4.8e-05	0.8848981301496178
CASSQDGTSGGNEQFF	TRBV4-3*01	4.8e-05	0.3755298554053623
CASSLQGGSTDTQYF	TRBV9*01	4.8e-05	0.17833671369367546
CASRRQDWETDTQYF	TRBV6-2*01	4.8e-05	0.7744543086049487
CSSLGGSSTSYEQYF	TRBV29-1*01	4.8e-05	0.5245908348768559
CASSDRVDNSPLHF	TRBV18*01	4.8e-05	0.2440633485822057
CSVRGLTSYEQYF	TRBV29-1*01	4.7e-05	0.7039497427834993
CASSEASGGASDTQYF	TRBV6-1*01	4.7e-05	0.2973521695381016
CASSLSGLAGAGSHF	TRBV27*01	4.7e-05	0.8229827549922905
CASRGVVTGQYF	TRBV6-1*01	4.7e-05	0.6935556585598812
CSARDPPRGTGRLEWNTEAFF	TRBV20-1*01	4.7e-05	0.9898862339542341
CASSQVRLALNNEQFF	TRBV3-1*01	4.7e-05	0.9591486886998316
CATSLGTSGSYEQYF	TRBV15*02	4.7e-05	0.2611289784402479
CASSPTSGIHYEQYF	TRBV18*01	4.7e-05	0.5936930380193335
CASSQDLAGSTDTQYF	TRBV4-3*01	4.7e-05	0.4309014905493585
CASSPGQDTYNEQFF	TRBV18*01	4.7e-05	0.468629712067329
CASSLGGRGALNTEAFF	TRBV5-1*01	4.7e-05	0.4697431803822961
CASSFTSTGSDEKLFF	TRBV13*01	4.7e-05	0.60913356135192
CASSQSTGQAGPEAFF	TRBV4-2*01	4.7e-05	0.7914208211631618
CASSAGTGLSYNEQFF	TRBV7-9*04	4.7e-05	0.5060534872024782
CASMDAGGPRETQYF	TRBV19*01	4.7e-05	0.9282462969545474
CASSLAGGQSAEAFF	TRBV5-1*01	4.7e-05	0.3703081828200052
CASSSATATNEKLFF	TRBV5-1*01	4.7e-05	0.34876106419760455
CATRREGDYDEQFF	TRBV24-1*01	4.7e-05	0.5801192031442493
CASSLGLIQETQYF	TRBV7-2*01	4.7e-05	0.4588129011669668
CASSGAGTLYGYTF	TRBV7-3*01	4.7e-05	0.49881439878225375
CSAPLGGNQPQHF	TRBV20-1*01	4.7e-05	0.6520710895148235
CASSFYTGELFF	TRBV7-2*01	4.7e-05	0.20849252867359605
CASSLDPLGEGSYEQYF	TRBV11-2*01	4.7e-05	0.5656711800723677
CASSPSLLAGGQNEQYF	TRBV11-1*01	4.7e-05	0.5698263380184607
CASSSGTGGGRETQYF	TRBV28*01	4.7e-05	0.3369941383603691
CASSYSRSDMNTEAFF	TRBV6-5*01	4.7e-05	0.37633591688830065
CASSQGLGGRYNEQFF	TRBV3-1*01	4.7e-05	0.30592792704576666
CSARDSSGSAYNEQFF	TRBV20-1*01	4.7e-05	0.6905975373446779
CATGDYRGGEKLFF	TRBV10-3*01	4.7e-05	0.6895651872113193
CATSDRGGGVEQYF	TRBV24-1*01	4.7e-05	0.6609491164942413
CASSPKVGSSPLHF	TRBV3-1*01	4.7e-05	0.6531031205644113
CASNLAGRDNEQFF	TRBV7-9*01	4.7e-05	0.7011834655255075
CASNGERANQPQHF	TRBV2*01	4.7e-05	0.4012312218009555
CASSVSGANVLTF	TRBV9*01	4.7e-05	0.11723614533604906
CSPEGPGGEQFF	TRBV29-1*01	4.7e-05	0.9234481693004195
CASSLNTEAFF	TRBV7-8*03	4.7e-05	0.08085403230434363
CASSQRSLLAGGKETQYF	TRBV4-3*01	4.7e-05	0.8773055608333084
CAISFASGTGFADTQYF	TRBV10-3*01	4.7e-05	0.56433339094899
CASSLDRTGRSYEQYF	TRBV7-9*01	4.7e-05	0.32266930052490145
CASIRDRGPNTGELFF	TRBV4-1*01	4.7e-05	0.654541714270555
CASSLGAGGVYNEQFF	TRBV5-1*01	4.7e-05	0.23165368899082794
CASHLGTSSTDTQYF	TRBV27*01	4.7e-05	0.3862749757995259
CASSEVSGGANEQFF	TRBV6-1*01	4.7e-05	0.3401493021878279
CSARVPLAGAGEQYF	TRBV20-1*01	4.7e-05	0.9447253893099039
CASSLAGSTDTQYF	TRBV7-9*01	4.7e-05	0.14435011528315567
CASSVEVTGNTIYF	TRBV9*01	4.7e-05	0.18323721167286974
CASSDSSGANVLTF	TRBV10-1*01	4.7e-05	0.11385780436748819
CASSRQTSTDTQYF	TRBV4-1*01	4.7e-05	0.425740820945919
CSAEGQTGANVLTF	TRBV20-1*01	4.7e-05	0.71851342520179
CASSLGTGGEQYF	TRBV7-3*01	4.7e-05	0.14749109299600668
CASSRTANQPQHF	TRBV7-3*01	4.7e-05	0.21693709991298246
CASSRGYNEQFF	TRBV19*01	4.7e-05	0.148915020935233
CASSSAGFEAFF	TRBV6-2*01	4.7e-05	0.37065570133963116
CASSYSFEQYF	TRBV6-5*01	4.7e-05	0.2583000663056678
CASSELETQYF	TRBV2*03	4.7e-05	0.2121110563762096
CASSPPPVVGFSEKLFF	TRBV18*01	4.7e-05	0.8570321053794194
CASSLAPGLALNIQYF	TRBV11-1*01	4.7e-05	0.7711061040055286
CSASDRTRGGTDTQYF	TRBV20-1*04	4.7e-05	0.9118029380505338
CATSDPGQGGNEQFF	TRBV24-1*01	4.7e-05	0.5525772493386333
CASMMGLAADTQYF	TRBV19*01	4.7e-05	0.8530017248262155
CASSIGGLLYEQYF	TRBV19*01	4.7e-05	0.48657518754027745
CASSFDSTTGELFF	TRBV7-2*01	4.7e-05	0.4831532853067388
CASSYLYRSYEQYF	TRBV5-6*01	4.7e-05	0.6789788268553086
CASSVGVLNTEAFF	TRBV9*01	4.7e-05	0.20665955299073327
CAISDWEGKPQHF	TRBV10-3*01	4.7e-05	0.9134193643812512
CASSYVGYQPQHF	TRBV6-2*01	4.7e-05	0.38229046113004067
CSARGGSTDTQYF	TRBV20-1*01	4.7e-05	0.8323678818939356
CASSAQETQYF	TRBV2*01	4.7e-05	0.22553069928709157
CASSRGTSGISENIQYF	TRBV11-2*01	4.7e-05	0.7257564553699396
CASSQDRPWGTFDTQYF	TRBV4-2*01	4.7e-05	0.9675929574218541
CASSYSLAGLSDTQYF	TRBV6-5*01	4.7e-05	0.6154317350024264
CASSEPTSGGALEQFF	TRBV6-4*01	4.7e-05	0.7997849939560397
CASSPPAGGFNEQFF	TRBV18*01	4.7e-05	0.5904476046962589
CASSSWTLRGYEQYF	TRBV14*01	4.7e-05	0.9194407547134367
CASSIAGEAADTQYF	TRBV6-6*03	4.7e-05	0.5436922579661574
CASSTYSGTPDTQYF	TRBV6-2*01	4.7e-05	0.8099911393387657
CASSGTGDYNEQFF	TRBV6-4*01	4.7e-05	0.11229219709468172
CASSFGGGADTQYF	TRBV7-3*01	4.7e-05	0.18762688369425543
CSAETSGREYEQYF	TRBV20-1*01	4.7e-05	0.8796032164657698
CASSDLDTGELFF	TRBV6-4*01	4.7e-05	0.19214719888789358
CASSFFYNEQFF	TRBV28*01	4.7e-05	0.47907304623821223
CSARQGGNEQFF	TRBV20-1*01	4.7e-05	0.774326326388779
CASSLGGGGGLSNSPLHF	TRBV7-9*01	4.7e-05	0.41025924913020795
CATRRDRGRDNEKLFF	TRBV15*02	4.7e-05	0.9329147415520647
CASSESRGDGQETQYF	TRBV6-1*01	4.7e-05	0.5109289201271409
CASSQDPSGDQLQHF	TRBV4-1*01	4.7e-05	0.7479861246483994
CSAILRGEVTDTQYF	TRBV20-1*01	4.7e-05	0.9430588958438838
CASSPTGGDEKLFF	TRBV7-9*01	4.7e-05	0.2865381675914334
CAITDRGNEKLFF	TRBV10-3*01	4.7e-05	0.6254588829368165
CASSVDATQEQYF	TRBV9*01	4.7e-05	0.8199018030069036
CASSYHNEQFF	TRBV27*01	4.7e-05	0.42098011620823855
CASSAELRDTYEKLFF	TRBV25-1*01	4.7e-05	0.6503446790839814
CASSLGPTPGETQYF	TRBV5-1*01	4.7e-05	0.623371682633736
CSAIRVGTGDEKLFF	TRBV20-1*01	4.7e-05	0.947496285180235
CSVDRQGSPGNTIYF	TRBV29-1*01	4.7e-05	0.8326929470957889
CASSLETFYEQYF	TRBV5-5*01	4.7e-05	0.3360594823689485
CATRDRDEKLFF	TRBV10-3*01	4.7e-05	0.6526305461177959
CASSEYGAGTNNEQFF	TRBV25-1*01	4.6e-05	0.4204143164371815
CASSLGPQGPYEQYF	TRBV5-1*01	4.6e-05	0.4661877445294661
CASSYRDRSNNEQFF	TRBV6-5*01	4.6e-05	0.7621851239723155
CASSPRQFQNTEAFF	TRBV4-1*01	4.6e-05	0.3968922627723363
CASSAGPRGNEAFF	TRBV4-1*01	4.6e-05	0.4053568537976985
CASSLTAMNTEAFF	TRBV28*01	4.6e-05	0.30660214585545364
CASRNDRTYEQYF	TRBV7-9*01	4.6e-05	0.5233282751577661
CAQRWNTEAFF	TRBV30*01	4.6e-05	0.4099983527005141
CASSQAEGGGNEQYF	TRBV3-1*01	4.6e-05	0.3182193609200702
CAWTKNLGTDTQYF	TRBV30*01	4.6e-05	0.9330104286871592
CAWSVDVAGLPQHF	TRBV30*01	4.6e-05	0.8567600194424558
CASSQEQNTGELFF	TRBV4-1*01	4.6e-05	0.16445420779392902
CSAGTGGRNTEAFF	TRBV20-1*01	4.6e-05	0.7497874231458763
CATDSGVGNEQFF	TRBV19*01	4.6e-05	0.3964611579504791
CSANRGSGEKLFF	TRBV20-1*01	4.6e-05	0.7789038986238754
CASSYPNGQPARGVDEQYF	TRBV6-5*01	4.6e-05	0.8637573560017446
CASSLGLAGSTYNEQFF	TRBV27*01	4.6e-05	0.21160499500033553
CASNGDRVSYNEQFF	TRBV7-2*01	4.6e-05	0.5663351133616829
CASSLGQGIYEQYF	TRBV5-8*01	4.6e-05	0.20949155422332277
CASGSSKDDQPQHF	TRBV10-2*01	4.6e-05	0.5461892213736732
CASSLTDISPQHF	TRBV6-2*01	4.6e-05	0.48796552061553417
CASSLRATQYF	TRBV7-2*01	4.6e-05	0.5248047616928163
CATSRTPGGRSYEQYF	TRBV15*01	4.6e-05	0.4770374781556465
CASSQTGLYYVGEQYF	TRBV4-2*01	4.6e-05	0.617530949562909
CATSILGTNYNEQFF	TRBV15*02	4.6e-05	0.5661671685184014
CASSHSGGAYNEQFF	TRBV18*01	4.6e-05	0.2538737875173297
CASSLSLGARTEAFF	TRBV28*01	4.6e-05	0.6736683196890441
CASSEIAGGTDTQYF	TRBV6-1*01	4.6e-05	0.32674109865031614
CASSQDRAYNSPLHF	TRBV7-2*01	4.6e-05	0.45002862453786346
CASSIDLSGNTIYF	TRBV19*01	4.6e-05	0.2844930805026764
CASSPETSGTEQYF	TRBV9*01	4.6e-05	0.3397801496206193
CASSQGQGLQPQHF	TRBV9*01	4.6e-05	0.24737674825376313
CARDSANTGELFF	TRBV30*05	4.6e-05	0.3222244910534451
CAIIRVGNQPQHF	TRBV10-3*01	4.6e-05	0.6412878966036077
CASSRRDNTEAFF	TRBV6-2*01	4.6e-05	0.19520138766043205
CASSNIKNSPLHF	TRBV7-9*01	4.6e-05	0.5669348732796702
CAISKENTEAFF	TRBV10-3*01	4.6e-05	0.15624498275967566
CSARDSYTLHF	TRBV20-1*01	4.6e-05	0.770504460787063
CASSPSGSGSFNTQYF	TRBV27*01	4.6e-05	0.36766179964915685
CASSLFSGSRYNEQFF	TRBV11-2*01	4.6e-05	0.640098053483244
CASRAQAVLNTGELFF	TRBV28*01	4.6e-05	0.7264583245214462
CASSQDLWSRGTEAFF	TRBV4-1*01	4.6e-05	0.9747907102265478
CASSSAPGSSNEQFF	TRBV6-5*01	4.6e-05	0.21984111743069695
CASSPPRGRGEKLFF	TRBV11-1*01	4.6e-05	0.6479516417779776
CASSQDEQPGDTQYF	TRBV4-2*01	4.6e-05	0.5497356258713028
CASSSTAPTNEKLFF	TRBV5-1*01	4.6e-05	0.3344411084855278
CASSQDLGQGTEAFF	TRBV4-3*01	4.6e-05	0.27636775729282775
CASSSGQGVDEQFF	TRBV13*01	4.6e-05	0.3149140098087705
CASSLQSPYNEQFF	TRBV5-1*01	4.6e-05	0.4857277555055769
CASSPYTGELFF	TRBV28*01	4.6e-05	0.21108022353974817
CSVRQGATEAFF	TRBV29-1*01	4.6e-05	0.6370591985777301
CATSDSLSGRGAIVYNEQFF	TRBV24-1*01	4.6e-05	0.912904424743233
CASSYSGTGVLEDTQYF	TRBV6-5*01	4.6e-05	0.6669961330565551
CASSYPGQYSHNEQFF	TRBV6-7*01	4.6e-05	0.7540227904882714
CASSLVRLASTDTQYF	TRBV7-2*04	4.6e-05	0.5634954999500941
CASSVNRDRGYNEQFF	TRBV9*01	4.6e-05	0.357102787020205
CASRSGPSSYNSPLHF	TRBV3-1*01	4.6e-05	0.36833477245635105
CASSPLTLGNTGELFF	TRBV5-1*01	4.6e-05	0.74948025669897
CASSQASAGAFGEQYF	TRBV4-1*01	4.6e-05	0.6425420195677707
CASSPLQGATGELFF	TRBV19*01	4.6e-05	0.32628431313263134
CASSSDWESTDTQYF	TRBV6-5*01	4.6e-05	0.6524917316570029
CASSYLTGAGETQYF	TRBV6-5*01	4.6e-05	0.49363576721280067
CASSTGTGGYNEQFF	TRBV6-6*03	4.6e-05	0.15725912794397431
CASSLGGRVNEKLFF	TRBV7-9*01	4.6e-05	0.23810410864165152
CASPGGGRESQPQHF	TRBV5-1*01	4.6e-05	0.6034805581731466
CASTTGQGAFDEQYF	TRBV10-2*01	4.6e-05	0.7919097201469537
CASSPGIEWNREQYF	TRBV5-1*01	4.6e-05	0.8718809410786853
CSARAYQFVDHGYTF	TRBV20-1*01	4.6e-05	0.9926067483878538
CAAKPKGDTDTQYF	TRBV6-1*01	4.6e-05	0.8024746059690583
CASSLGFLTDTQYF	TRBV27*01	4.6e-05	0.27138293600983227
CASSYSGQQYEAFF	TRBV6-5*01	4.6e-05	0.4979205847462781
CASSPGRLNTEAFF	TRBV11-2*01	4.6e-05	0.2044340758215653
CASSAFLSMDTQYF	TRBV4-3*03	4.6e-05	0.6557455918801983
CAIRPGSNTEAFF	TRBV15*02	4.6e-05	0.4253098819267718
CATGRHEGNTIYF	TRBV15*02	4.6e-05	0.6165383201841957
CATSDRVTDTQYF	TRBV24-1*01	4.6e-05	0.6940388620415653
CASHSSGANVLTF	TRBV18*01	4.6e-05	0.199986152398997
CASSLGQTDTQYF	TRBV7-6*01	4.6e-05	0.20725704116637758
CASSLSGRDTQYF	TRBV11-1*01	4.6e-05	0.1987679643961164
CASRVLGGNEQFF	TRBV6-1*01	4.6e-05	0.37835284741208364
CSVEGWQGNEQFF	TRBV29-1*01	4.6e-05	0.9237032210529048
CASSFRAETQYF	TRBV7-2*01	4.6e-05	0.4678948206339258
CASSAKRETQYF	TRBV28*01	4.6e-05	0.5468928363195891
CASNPGSDTQYF	TRBV2*01	4.6e-05	0.336975387701516
CASSREDEQFF	TRBV11-3*01	4.6e-05	0.2654826368552687
CASSLTTGTSSNQPQHF	TRBV7-2*01	4.6e-05	0.13702558877592466
CASSRGPLSRGNTEAFF	TRBV13*01	4.6e-05	0.8795119498651077
CASSVRDSSSMNTEAFF	TRBV9*01	4.6e-05	0.3385249853515673
CASSLGGGLRNTEAFF	TRBV6-5*01	4.6e-05	0.3216652968630068
CASSYSGAFLNTIYF	TRBV11-2*01	4.6e-05	0.5456123679753937
CASSGLAGGADTQYF	TRBV7-3*01	4.6e-05	0.1897914893382965
CATSDPRGQETQYF	TRBV24-1*01	4.6e-05	0.6606510552721641
CASSRDNMNTEAFF	TRBV6-6*05	4.6e-05	0.3815093191509739
CSARNIGGPYEQYF	TRBV20-1*01	4.6e-05	0.834716809870611
CASSRDRGNEQFF	TRBV6-6*05	4.6e-05	0.21479653321835118
CSVEANEGIKAFF	TRBV29-1*02	4.6e-05	0.9779098582971295
CSVGGVGGYGYTF	TRBV29-1*01	4.6e-05	0.46085355609010203
CATSRDGETQYF	TRBV15*01	4.6e-05	0.37416918930834014
CASSQEPGLAGGPYEQYF	TRBV3-2*02	4.6e-05	0.5339599263129929
CATRGLAGGPGTGELFF	TRBV27*01	4.6e-05	0.653863112259816
CASSSSGTLTGELFF	TRBV3-1*01	4.6e-05	0.3045993532716939
CASSLGGGNTGELFF	TRBV7-3*01	4.6e-05	0.13556912009254604
CASSPQTSGMVEQYF	TRBV5-5*02	4.6e-05	0.8023620008521399
CASSFSSLYNEQFF	TRBV27*01	4.6e-05	0.5336471380427787
CASSYTDRANVLTF	TRBV6-5*01	4.6e-05	0.4096325370396132
CASQKTGEETQYF	TRBV7-8*01	4.6e-05	0.6969265001603665
CASSFGPSPLHF	TRBV13*01	4.6e-05	0.36968686589473154
CASSLGAPSGSFNEQFF	TRBV28*01	4.6e-05	0.6628025412121888
CASSLSTLSGANVLTF	TRBV28*01	4.6e-05	0.5460609319914416
CASSRGGGRAYNEQFF	TRBV27*01	4.6e-05	0.3484459971906056
CASSLEVAGDNEAFF	TRBV27*01	4.6e-05	0.46627684383244183
CASSAPPATNEKLFF	TRBV7-2*01	4.6e-05	0.31937789628563634
CASGENEQFF	TRBV19*01	4.6e-05	0.3102511729676158
CATSRDSFSEPFF	TRBV15*01	4.6e-05	0.9389548739473094
CASSPGLAGINNEQFF	TRBV2*01	4.6e-05	0.6008094714446691
CASSLRTDSNQPQHF	TRBV4-2*01	4.6e-05	0.2659453034245051
CASTGREGHNEQFF	TRBV9*01	4.5e-05	0.5392578414219961
CATSRARGPSGTYEQYF	TRBV15*01	4.5e-05	0.5354768306630379
CASSGQGNQPQHF	TRBV6-1*01	4.5e-05	0.07771647631744996
CASSLIGRTNEKLFF	TRBV28*01	4.5e-05	0.3609314870277082
CASSLGTGSIIGQYF	TRBV7-8*03	4.5e-05	0.8296059628540131
CATGQGAYEQYF	TRBV7-9*01	4.5e-05	0.43292804676664876
CASSLAGLGTGANVLTF	TRBV5-1*01	4.5e-05	0.2594814392545378
CASSLRRDRDVREQYF	TRBV7-9*01	4.5e-05	0.6808449418377581
CASSQDEGKGNQPQHF	TRBV4-2*01	4.5e-05	0.34573693453173443
CASSPRQGAADTQYF	TRBV18*01	4.5e-05	0.36327930094158617
CASSAGTTTNEKLFF	TRBV6-1*01	4.5e-05	0.24674846853913798
CASSLSGGSYNEQFF	TRBV6-2*01	4.5e-05	0.15921555700162873
CASGLAGNTGELFF	TRBV24-1*01	4.5e-05	0.2029751946638095
CASEGVEDPGELFF	TRBV11-3*01	4.5e-05	0.9481543458288645
CASSTRTSGNEQFF	TRBV19*01	4.5e-05	0.3500495298856672
CASIPRPGDEKLFF	TRBV5-1*01	4.5e-05	0.8593051209593093
CAVLAGEGGELFF	TRBV10-3*01	4.5e-05	0.6691255456435871
CAISQSGRQPQHF	TRBV10-3*01	4.5e-05	0.2919868808356874
CASSGDYQETQYF	TRBV6-2*01	4.5e-05	0.5117251681635002
CATSRTGETGPSPYNEQFF	TRBV15*02	4.5e-05	0.8409573841577332
CASSSKGTTSYEQYF	TRBV19*01	4.5e-05	0.4791083597306315
CASSLAGTPYNEQFF	TRBV28*01	4.5e-05	0.4165103489189857
CSVSRGLGANTEAFF	TRBV29-1*01	4.5e-05	0.6708913710952263
CASRAGPGNTEAFF	TRBV5-1*01	4.5e-05	0.2589354780887072
CASSEITGSPLHF	TRBV2*01	4.5e-05	0.5619976785678467
CASSRQGRGEQYF	TRBV4-1*01	4.5e-05	0.32755186563579747
CASSPPGSTLGNQPQHF	TRBV18*01	4.5e-05	0.6536035981331302
CASSSPRLAPSSYEQYF	TRBV7-9*01	4.5e-05	0.7199218704078375
CASSLYRGSTDTQYF	TRBV6-5*01	4.5e-05	0.44003431061852555
CASSPLTGSSYEQYF	TRBV7-9*04	4.5e-05	0.16529236757489293
CASSPDGANYGYTF	TRBV9*01	4.5e-05	0.2465731625102413
CASSVGNSNQPQHF	TRBV9*01	4.5e-05	0.15229694928141246
CASSPPGRGEAFF	TRBV18*01	4.5e-05	0.6403417199837025
CASSFRGLEGYTF	TRBV28*01	4.5e-05	0.5447701325967275
CASSSQWNTEAFF	TRBV7-3*01	4.5e-05	0.4122073262046533
CASPGQGYGYTF	TRBV10-1*01	4.5e-05	0.25353587815114853
CASSYTEKLFF	TRBV28*01	4.5e-05	0.2567560251521414
CASSPPFRLAGVSTDTQYF	TRBV7-3*01	4.5e-05	0.8832343143971425
CASSFLSGLAGTYEQYF	TRBV6-5*01	4.5e-05	0.4107901379513936
CASSRTGGVSGSDTQYF	TRBV6-6*04	4.5e-05	0.4130446379027832
CASSLLGGRGLNTEAFF	TRBV7-3*01	4.5e-05	0.24343072857155848
CATSDPYGGALGTQYF	TRBV24-1*01	4.5e-05	0.956082521122953
CASSFWGQSSYNEQFF	TRBV7-2*01	4.5e-05	0.7737554356562204
CASSKQQNLYQETQYF	TRBV27*01	4.5e-05	0.7827943769382594
CASSQLRDRGKNIQYF	TRBV4-1*01	4.5e-05	0.8937002255136853
CASSIPGQGNQPQHF	TRBV19*01	4.5e-05	0.18949377299596493
CASSTGLGSYNEQFF	TRBV6-6*03	4.5e-05	0.2564178708108339
CASSTRGDPWETQYF	TRBV4-2*01	4.5e-05	0.8801201981331016
CASSGVDSRTGELFF	TRBV5-1*01	4.5e-05	0.6611802231662934
CSARDSSSGTDTQYF	TRBV20-1*01	4.5e-05	0.7234010016129454
CSAREGGVNTGELFF	TRBV20-1*01	4.5e-05	0.8577400332039852
CASSRGRASYEQYF	TRBV11-1*01	4.5e-05	0.23937888688665296
CASSQAGLNPEAFF	TRBV3-1*01	4.5e-05	0.7210849554559149
CSHSESSYNSPLHF	TRBV29-1*01	4.5e-05	0.7339506584478145
CATSDGGQETQYF	TRBV19*01	4.5e-05	0.5448325180237904
CATRGSGTGELFF	TRBV15*02	4.5e-05	0.3970344898409668
CASSGTGNTEAFF	TRBV6-4*01	4.5e-05	0.08433380428393676
CASSTKNTGELFF	TRBV28*01	4.5e-05	0.22451384804991278
CASRETVQETQYF	TRBV6-1*01	4.5e-05	0.6918270048477808
CSASLDRNQPQHF	TRBV20-1*02	4.5e-05	0.6897677170468567
CASSIFPGELFF	TRBV19*01	4.5e-05	0.6277617289587083
CASGRALTQYF	TRBV4-1*01	4.5e-05	0.7601504659750777
CASSWGLAGEGDSRNEQFF	TRBV27*01	4.5e-05	0.7342675330825862
CASSSWGLAGGWTYNEQFF	TRBV7-9*01	4.5e-05	0.7934846288664621
CASSQGIPGQRTYEQYF	TRBV14*01	4.5e-05	0.540898998439721
CASSQERRGPSSYEQYF	TRBV4-2*01	4.5e-05	0.4635854756425834
CASSYRGQGGGNTIYF	TRBV6-5*01	4.5e-05	0.2239153788195027
CASSDDSTRYYNEQFF	TRBV6-4*01	4.5e-05	0.8097673523612526
CASSLTRQGYTGELFF	TRBV5-1*01	4.5e-05	0.42343292367259255
CASSQVNSGFHETQYF	TRBV4-1*01	4.5e-05	0.7602247464316245
CASSGGTGSYNEQFF	TRBV6-4*01	4.5e-05	0.10562464650211917
CASSLGPSSYNEQFF	TRBV5-8*01	4.5e-05	0.3180362520863161
CASSVTDSGPQPQHF	TRBV9*01	4.5e-05	0.31170760126496505
CASSEFKEIRTEAFF	TRBV10-1*01	4.5e-05	0.930002150213637
CASRNGRGADTQYF	TRBV6-1*01	4.5e-05	0.3677222887641785
CASSLGQVLNEQYF	TRBV6-5*01	4.5e-05	0.5009243477781344
CASRVVGAPYEQYF	TRBV7-2*01	4.5e-05	0.48254546402622117
CASNTRGQGETQYF	TRBV6-6*03	4.5e-05	0.5020539496043276
CASSEDRVGHEQYF	TRBV10-2*01	4.5e-05	0.4928372597083292
CSARGRLASETQYF	TRBV20-1*01	4.5e-05	0.9750184083379445
CAWSGTVNTEAFF	TRBV30*01	4.5e-05	0.3982665607242709
CASSSRAYNEQFF	TRBV6-5*01	4.5e-05	0.20462618387986167
CSARNRGDTEAFF	TRBV20-1*01	4.5e-05	0.6534360810845035
CASSPDSDTQYF	TRBV7-2*01	4.5e-05	0.26175696037059304
CASSSPQETQYF	TRBV6-6*05	4.5e-05	0.31596400116735823
CASMLESTQYF	TRBV2*01	4.5e-05	0.7169618093350204
CASSYDPSGPFSGANVLTF	TRBV6-5*01	4.5e-05	0.8660143180667841
CASIRGVEVKGQYNEQFF	TRBV10-2*01	4.5e-05	0.9291272525481218
CASSPPIRDSRWETQYF	TRBV18*01	4.5e-05	0.9521628224265737
CASSQGSDMAMNTEAFF	TRBV4-3*01	4.5e-05	0.3825417086460153
CASSPDPRGYNQPQHF	TRBV18*01	4.5e-05	0.4028891554873188
CASSYNRDRGLNEQFF	TRBV7-8*01	4.5e-05	0.6139913104462227
CASSLTPGQGFNEQFF	TRBV7-3*01	4.5e-05	0.5988019564952636
CASSQDERGGNSPLHF	TRBV4-2*01	4.5e-05	0.26662758586808255
CASSQYSGRFPETQYF	TRBV4-3*01	4.5e-05	0.9331934712971933
CATSLSGTGIYGYTF	TRBV15*02	4.5e-05	0.41590235268252457
CASSRDGTGGQKLFF	TRBV18*01	4.5e-05	0.5305641437491302
CASSYFGQGAGEAFF	TRBV6-5*01	4.5e-05	0.6196216503439631
CASSSGSTGNSPLHF	TRBV5-5*01	4.5e-05	0.2071564445228916
CASSLLTGKPGELFF	TRBV28*01	4.5e-05	0.5523981143087597
CASSVMGADTGELFF	TRBV9*01	4.5e-05	0.4250030075678977
CASSLGRGDVYGYTF	TRBV5-1*01	4.5e-05	0.21717169494096764
CASSQDPSGDQPQHF	TRBV4-1*01	4.5e-05	0.31330798532521065
CAISSPLTDNEQFF	TRBV10-3*01	4.5e-05	0.8249983157659688
CASSQDGTTYEQYF	TRBV4-3*01	4.5e-05	0.4750838933796244
CASSGPTGNTEAFF	TRBV5-1*01	4.5e-05	0.1560612448175175
CSANTGTSSGELFF	TRBV20-1*02	4.5e-05	0.8375713641600546
CATSDLASNEQFF	TRBV24-1*01	4.5e-05	0.40819327986454
CASSSTEAYEQYF	TRBV7-9*01	4.5e-05	0.20027170597342853
CASMDRGISPLHF	TRBV10-2*01	4.5e-05	0.8788773624321377
CSAKLAGVVEQYF	TRBV20-1*04	4.5e-05	0.9852461286627741
CSIRDRTTFEQFF	TRBV20-1*01	4.5e-05	0.97233745850348
CASARGSGELFF	TRBV13*02	4.5e-05	0.23570195964522483
CASSSSWNEQFF	TRBV11-2*01	4.5e-05	0.3955876595748488
CSAGTGGNEQYF	TRBV20-1*01	4.5e-05	0.732079573365037
CASSSDNEQFF	TRBV13*01	4.5e-05	0.20161067046232067
CASSVALGTSVYNEQFF	TRBV9*01	4.5e-05	0.6053819397368493
CASSLEVLGATGELFF	TRBV5-1*01	4.5e-05	0.4982720980288694
CASSDSGFFGETQYF	TRBV6-2*01	4.5e-05	0.6567800117333716
CASSSDASSYNEQFF	TRBV6-1*01	4.5e-05	0.28380914608557556
CASSQPTGRGEKLFF	TRBV4-1*01	4.5e-05	0.6259363227830543
CASSLASGVGELFF	TRBV27*01	4.5e-05	0.33237515692625547
CASSLAGANEQYF	TRBV7-3*01	4.5e-05	0.22336529485791184
CASSPRAGESYTF	TRBV16*01	4.5e-05	0.3573030370914873
CASSTRTSLDQYF	TRBV7-8*01	4.5e-05	0.8999704095495293
CSGKAGRNTEAFF	TRBV29-1*01	4.5e-05	0.834134863665758
CASSLADRGRSHGYTF	TRBV7-9*01	4.5e-05	0.7440424005890881
CASLSGTGNEKLFF	TRBV2*01	4.5e-05	0.28526097765662906
CASSESLAGNEQFF	TRBV2*01	4.5e-05	0.30528746793456457
CASSLAAGADTQYF	TRBV5-1*01	4.5e-05	0.21093895612800503
CASSLGPLGGELFF	TRBV5-1*01	4.5e-05	0.7562763815987996
CASSVGGTGELFF	TRBV6-6*05	4.5e-05	0.1080323996524691
CAWRPDGGEQFF	TRBV30*01	4.5e-05	0.9198108797358019
CASSPNRYGYTF	TRBV19*01	4.5e-05	0.14342029749215762
CASSLGAQTQYF	TRBV11-2*01	4.5e-05	0.43357379113016414
CASSPVGGSYEQYF	TRBV7-9*01	4.5e-05	0.157685924752448
CASKPGQGSTEAFF	TRBV19*01	4.5e-05	0.16347514116667033
CASSPDLNTEAFF	TRBV3-1*01	4.5e-05	0.25029130781769277
CASGGWGANTGELFF	TRBV11-3*01	4.5e-05	0.7576804680811277
CASSPRGRITYEQYF	TRBV6-2*01	4.5e-05	0.5521319730007738
CASKGSSGYNEQFF	TRBV28*01	4.4e-05	0.33408456181224166
CASTRGTDTGELFF	TRBV19*01	4.4e-05	0.27159380140413814
CASSSRIAGDTQYF	TRBV6-5*01	4.4e-05	0.5431605689806394
CASKLGQNTGELFF	TRBV7-2*01	4.4e-05	0.31085321651609055
CASSPRTGGVPYNEQFF	TRBV11-3*01	4.4e-05	0.5819306981422879
CASSLGVFSSYNEQFF	TRBV11-2*01	4.4e-05	0.48097326031087706
CASSGLGAAGANVLTF	TRBV7-8*03	4.4e-05	0.22422096175870815
CAWSQLAGGTDTQYF	TRBV30*01	4.4e-05	0.5654761177693588
CASSQMGQGRTEAFF	TRBV3-1*01	4.4e-05	0.568539147625357
CASSETGTLAAEQYF	TRBV9*01	4.4e-05	0.6395100627461873
CASRRGARDTEAFF	TRBV28*01	4.4e-05	0.4435029624589999
CASSQVEGSYEQYF	TRBV4-3*01	4.4e-05	0.19787024152183708
CASSLQGGTEAFF	TRBV13*01	4.4e-05	0.10007100080343916
CASSFRSSGRADTQYF	TRBV11-2*01	4.4e-05	0.46205733537668237
CASNQGGLAVLNEQFF	TRBV27*01	4.4e-05	0.8653573112549315
CASSIGGSGANVLTF	TRBV19*01	4.4e-05	0.1283677985932084
CASSRTSGATDTQYF	TRBV6-1*01	4.4e-05	0.3209111683480746
CATRGLAGVDEQFF	TRBV24-1*01	4.4e-05	0.8353911681062305
CASSEQGPTDTQYF	TRBV2*01	4.4e-05	0.39409957206484447
CASSTQGNTGELFF	TRBV6-6*03	4.4e-05	0.15974803179844657
CASSLAGGVVEQFF	TRBV7-6*01	4.4e-05	0.47659444149204333
CASRKGGNADTQYF	TRBV28*01	4.4e-05	0.6178869001978303
CASSSPRETEAFF	TRBV27*01	4.4e-05	0.178082311300113
CASSERSEGELFF	TRBV6-1*01	4.4e-05	0.328151454832177
CASSLGRRETQYF	TRBV7-8*01	4.4e-05	0.3754729119062909
CASSVGGGTEAFF	TRBV9*01	4.4e-05	0.09268854055087727
CASSSNEQFF	TRBV27*01	4.4e-05	0.14538096309148132
CASSQDLLGTSGTYEQYF	TRBV4-3*01	4.4e-05	0.5277945305904084
CASSLSPRISPGNTIYF	TRBV28*01	4.4e-05	0.89157696863025
CASSYTLDGLTGKEQFF	TRBV6-2*01	4.4e-05	0.9592223694253578
CASSFTSGVRTGELFF	TRBV6-6*01	4.4e-05	0.5201538474947996
CASSEALGVGTDTQYF	TRBV6-1*01	4.4e-05	0.37945025456686954
CASSWTSWDSYNEQFF	TRBV7-3*01	4.4e-05	0.9192451002301446
CAISQGQFMNTEAFF	TRBV10-3*01	4.4e-05	0.6476049500095061
CATSGEGATNEKLFF	TRBV15*02	4.4e-05	0.5249500079336084
CASSLGSSGDNEQFF	TRBV11-2*01	4.4e-05	0.3070782152748953
CASSPQPGARDEQYF	TRBV3-1*01	4.4e-05	0.6687382792542707
CASSPMAGGLKTQYF	TRBV7-2*01	4.4e-05	0.7342272216135635
CASSMGYGANVLTF	TRBV19*01	4.4e-05	0.3030032162051487
CASSLKGGRETQYF	TRBV28*01	4.4e-05	0.6181637726912957
CASSIHDRDETQYF	TRBV28*01	4.4e-05	0.732067788874633
CASRSTGESDTQYF	TRBV6-6*04	4.4e-05	0.4133790475298829
CASNRDRGAGELFF	TRBV3-1*01	4.4e-05	0.45176492856359324
CASSQDGGRDTQYF	TRBV4-1*01	4.4e-05	0.3146978465877184
CAGARGSNEKLFF	TRBV28*01	4.4e-05	0.3322449295326869
CASTVSGANVLTF	TRBV19*01	4.4e-05	0.15217623681962056
CASSYPPADTQYF	TRBV6-5*01	4.4e-05	0.827527208799385
CASSPALNEKLFF	TRBV28*01	4.4e-05	0.337818101264495
CASSGYGGEEAFF	TRBV5-1*01	4.4e-05	0.26968288161487913
CASGGYEQFF	TRBV27*01	4.4e-05	0.3516065872730631
CASSLATTGGLRGNQPQHF	TRBV7-2*01	4.4e-05	0.3952655601790966
CASSFLWRPSQGNNEQFF	TRBV27*01	4.4e-05	0.9887378086347908
CASSVDAWGSSGNTIYF	TRBV9*01	4.4e-05	0.772170443841317
CASRSDREVYNSPLHF	TRBV5-1*01	4.4e-05	0.7739358141009979
CASSLVGSYNEKLFF	TRBV7-9*01	4.4e-05	0.20744166330163671
CASSSPETMNTEAFF	TRBV7-8*01	4.4e-05	0.3074606564603383
CASSSDHEGIYGYTF	TRBV28*01	4.4e-05	0.3715434194066309
CASRSSGTSGYEQYF	TRBV27*01	4.4e-05	0.18027341113599357
CAISSDRLRSEQYF	TRBV10-3*01	4.4e-05	0.8857953916218028
CASSDKGRNTEAFF	TRBV6-1*01	4.4e-05	0.3148286432002074
CASSLNRESSGYTF	TRBV3-1*01	4.4e-05	0.3751167088942516
CASSQGAGVRELFF	TRBV3-1*01	4.4e-05	0.5987177989927668
CASSVVGDPVTQYF	TRBV9*01	4.4e-05	0.8141126703402006
CASSPTGGNQPQHF	TRBV4-3*01	4.4e-05	0.09823432079292384
CASSLRPLETQYF	TRBV27*01	4.4e-05	0.733537601868834
CASSVRTTDTQYF	TRBV6-4*01	4.4e-05	0.36011572902042266
CSASGQRSYEQYF	TRBV20-1*02	4.4e-05	0.7861054968220123
CASSSYTDTQYF	TRBV11-2*01	4.4e-05	0.17387850907207636
CASSYSSSWSVRGGSTDTQYF	TRBV6-5*01	4.4e-05	0.8172865185371254
CASSPYPKDRVANTGELFF	TRBV11-3*01	4.4e-05	0.8899851600655494
CASSLQEVGGASYEQYF	TRBV7-9*01	4.4e-05	0.23101275937794252
CSARKLNRDRARGTQYF	TRBV20-1*01	4.4e-05	0.9868774321413623
CASSPPPPGANEQFF	TRBV18*01	4.4e-05	0.850255193306832
CASSYYRLTQETQYF	TRBV6-5*01	4.4e-05	0.7385986980811021
CASSSALHFTDTQYF	TRBV7-2*01	4.4e-05	0.487093332520463
CASSPKTGRNTEAFF	TRBV7-9*01	4.4e-05	0.5510159497552252
CSVEGTSESSYEQYF	TRBV29-1*01	4.4e-05	0.5664490296191529
CASSRTGGTDTQYF	TRBV19*01	4.4e-05	0.16047672845245659
CASSSRGLDTEAFF	TRBV28*01	4.4e-05	0.25538545976579613
CASSSTGGVGGYTF	TRBV7-9*01	4.4e-05	0.13766229708961275
CASSLSGQNTEAFF	TRBV7-3*01	4.4e-05	0.13848049157424042
CASSLVAGLDTQYF	TRBV7-2*01	4.4e-05	0.4820482292153721
CASSPGPENNGYTF	TRBV11-2*01	4.4e-05	0.5442832882097648
CASSPGTGAGELFF	TRBV28*01	4.4e-05	0.345142236603868
CASSAGRESYGYTF	TRBV5-6*01	4.4e-05	0.16094527908657494
CASSTRTANTEAFF	TRBV4-1*01	4.4e-05	0.2030496072588947
CSVGQGNRNTEAFF	TRBV29-1*01	4.4e-05	0.5444956230059748
CASTRGVNSPLHF	TRBV6-4*01	4.4e-05	0.4566699263713298
CASSEQGSDTQYF	TRBV2*01	4.4e-05	0.22456418345961723
CASSRVGQGEQYF	TRBV7-9*01	4.4e-05	0.3240541294423882
CAWSRPPNEQFF	TRBV30*01	4.4e-05	0.6901683142158127
CSFWGSGDTQYF	TRBV20-1*01	4.4e-05	0.9018497897889034
CSARGVRGQFF	TRBV20-1*01	4.4e-05	0.9626005833312593
CASSLEAVPGPKNIQYF	TRBV5-1*01	4.4e-05	0.9110014874498674
CASSQAATSGTKDTQYF	TRBV4-1*01	4.4e-05	0.6453734103468389
CASSQERLTSGNTIYF	TRBV4-3*01	4.4e-05	0.643492850330897
CSAPALTGGAYNEQFF	TRBV20-1*01	4.4e-05	0.9209430701735546
CASSSSSGGGEKLFF	TRBV6-5*01	4.4e-05	0.19391464516669463
CASSYSAGAPDTQYF	TRBV6-5*01	4.4e-05	0.5090101590199629
CASSVEGEGRYEQYF	TRBV9*01	4.4e-05	0.2728722541577728
CASSGLGPNTGELFF	TRBV11-3*02	4.4e-05	0.31615348024631507
CASRKLAGSYNEQFF	TRBV6-1*01	4.4e-05	0.486552781209414
CASSLTGQGNEQYF	TRBV5-6*01	4.4e-05	0.25879608048411146
CASSVQGRGSEQYF	TRBV9*01	4.4e-05	0.38465295257516946
CASSEQQGADTQYF	TRBV10-1*01	4.4e-05	0.2525657883806879
CASSLDRGRRFF	TRBV7-9*01	4.4e-05	0.7999409234799107
CASSQDSVGGFNTGELFF	TRBV4-3*01	4.4e-05	0.4204052391938041
CASTTSKGTSGRKYQFF	TRBV7-2*01	4.4e-05	0.7086151935915919
CASSLAVGWDRAHEQYF	TRBV11-3*01	4.4e-05	0.7545718554853847
CAISEVAAKDQETQYF	TRBV10-3*01	4.4e-05	0.8595566593681992
CASSLYKGGVRETQYF	TRBV28*01	4.4e-05	0.7030178881049295
CASSPRQGQNTGELFF	TRBV27*01	4.4e-05	0.24449631209751865
CASSKLAGEGDTQYF	TRBV6-1*01	4.4e-05	0.5865595941662549
CASSFQGRAEETQYF	TRBV5-1*01	4.4e-05	0.7023318151211152
CASSQDQRVLETQYF	TRBV4-1*01	4.4e-05	0.881671825391022
CASSLRTGEIQYF	TRBV19*01	4.4e-05	0.5808178853906629
CASSDSTYNEQFF	TRBV6-4*01	4.4e-05	0.25974350293632625
CASSRTGYTEAFF	TRBV11-1*01	4.4e-05	0.21601048491205815
CASSQVGGTEAFF	TRBV3-1*01	4.4e-05	0.1421003101571024
CSVPTTGTYEQYF	TRBV29-1*01	4.4e-05	0.6748282706859192
CASSLGGTPYNEQFF	TRBV7-3*01	4.4e-05	0.5478553154394677
CASSFVDRADTQYF	TRBV27*01	4.4e-05	0.677441990597826
CSARLRQGRKKLFF	TRBV20-1*04	4.4e-05	0.9918480359180548
CASSSGRADTQYF	TRBV7-3*01	4.4e-05	0.2680620493229183
CASSLMPTDTQYF	TRBV6-6*05	4.4e-05	0.5621885308515838
CASSVGWDQPQHF	TRBV9*01	4.4e-05	0.3586592616951812
CASRRERNEQFF	TRBV6-2*01	4.4e-05	0.3717470708970082
CAWSSGNTDTQYF	TRBV30*01	4.3e-05	0.3029448486416985
CASSSQREETQYF	TRBV27*01	4.3e-05	0.3220544161384162
CASSIASGASTDTQYF	TRBV19*01	4.3e-05	0.3673077621155737
CASSQEDGQEPYEQYF	TRBV4-3*01	4.3e-05	0.761172250774265
CSAREEGDIIYEQYF	TRBV20-1*01	4.3e-05	0.9410208393255562
CASSLRRGVHEQYF	TRBV6-6*04	4.3e-05	0.5291252033449739
CASLITLYEQYF	TRBV2*01	4.3e-05	0.7097906270366455
CASSVGVLSTYEQYF	TRBV9*01	4.3e-05	0.3645736177693533
CATSGQGRYNEQFF	TRBV24-1*01	4.3e-05	0.46469070503702625
CASSGAGGNQPQHF	TRBV18*01	4.3e-05	0.08154896566653796
CASSYGRATDTQYF	TRBV6-2*01	4.3e-05	0.4214840052816403
CASSRGGGAYEQYF	TRBV7-2*01	4.3e-05	0.15597707673663117
CASPRGANVLTF	TRBV10-1*01	4.3e-05	0.29461206039003535
CSARWSDQPQHF	TRBV20-1*05	4.3e-05	0.9253836317354884
CASSAHNEQFF	TRBV2*01	4.3e-05	0.22903513019353075
CASSSYRGITNYGYTF	TRBV11-2*01	4.3e-05	0.3867577350954875
CASSPIGGQGVEKLFF	TRBV3-1*01	4.3e-05	0.576145937464251
CASTWSSGGTYNEQYF	TRBV10-2*01	4.3e-05	0.46801769920437064
CASSPGTGGADEQYF	TRBV3-1*01	4.3e-05	0.30227152073357083
CSVHLRDRGPYEQYF	TRBV29-1*01	4.3e-05	0.9688644127521243
CAISESQGNTEAFF	TRBV10-3*01	4.3e-05	0.44957395564364605
CASSIGTDYNEQFF	TRBV19*01	4.3e-05	0.18233386986243397
CAEQRGTYNEQFF	TRBV30*01	4.3e-05	0.4989570059109211
CASLVWETGELFF	TRBV6-1*01	4.3e-05	0.7512153028238503
CASTAGTYNEQFF	TRBV6-1*01	4.3e-05	0.40890634917883845
CASSYTGEDEQFF	TRBV5-1*01	4.3e-05	0.5539690836848015
CASSYAGELFF	TRBV6-5*01	4.3e-05	0.18434691364414832
CASSLDSPGTDFPDTQYF	TRBV11-3*01	4.3e-05	0.7615116471278988
CASSTKPGGASYNEQFF	TRBV27*01	4.3e-05	0.4526758088594384
CASSVGLAGSTDTQYF	TRBV19*03	4.3e-05	0.23854767838222773
CASSPGLTGETYEQYF	TRBV13*01	4.3e-05	0.2775317418526837
CASSPTTGFGANVLTF	TRBV7-2*01	4.3e-05	0.5307477188172197
CSARLSGGGRTGELFF	TRBV20-1*05	4.3e-05	0.9127546076845269
CASSPLAGPFNEQFF	TRBV7-7*02	4.3e-05	0.7255742559633092
CASSQVGFEYTEAFF	TRBV14*01	4.3e-05	0.43873409992635487
CASSQELGNTGELFF	TRBV14*01	4.3e-05	0.258908784069274
CASSQEGGRGEKLFF	TRBV3-1*01	4.3e-05	0.33702800537448563
CASSTGQGRYEQYF	TRBV4-3*01	4.3e-05	0.24128451967213696
CSAMLGTGFAPLHF	TRBV20-1*01	4.3e-05	0.9866428537733468
CASGGLPNDTQYF	TRBV2*01	4.3e-05	0.7648899815111431
CSARGREGETQYF	TRBV20-1*01	4.3e-05	0.9326138691326433
CASSPLLGSSGRALNYNEQFF	TRBV3-1*01	4.3e-05	0.6616797143372697
CASSVDRARTEKAYEQYF	TRBV7-6*01	4.3e-05	0.604185372243764
CATSDLVGGNSYNEQFF	TRBV24-1*01	4.3e-05	0.44846301849978826
CASSKTGRTGSTDTQYF	TRBV27*01	4.3e-05	0.4758122041233295
CASSPPGLAGGGDTQYF	TRBV3-1*01	4.3e-05	0.406495247526554
CASRPPDRGRRDYGYTF	TRBV7-9*01	4.3e-05	0.8588062479351145
CASSFRGRAWGDEQFF	TRBV27*01	4.3e-05	0.9548004621342662
CASSVPGAGNTGELFF	TRBV9*01	4.3e-05	0.20410391703409778
CASSYSTSGANVLTF	TRBV6-5*01	4.3e-05	0.35499767154286066
CASSLASAHPYEQYF	TRBV7-9*01	4.3e-05	0.6810057039345813
CASSLGSGENSPLHF	TRBV7-9*01	4.3e-05	0.1764558731555842
CASSLGVSSYNEQFF	TRBV7-3*01	4.3e-05	0.2465972139492051
CASSLRQSSGNTIYF	TRBV11-3*01	4.3e-05	0.22504585696256868
CASSLQTDFTGELFF	TRBV3-1*01	4.3e-05	0.34292363602803244
CASSVTSRAGRELFF	TRBV9*01	4.3e-05	0.6660553602498717
CSASTGTGFNQPQHF	TRBV20-1*01	4.3e-05	0.7622794505434463
CASSLSGGQETQYF	TRBV11-3*01	4.3e-05	0.31435805944123757
CASSPDPVNTEAFF	TRBV7-3*01	4.3e-05	0.3954065890584189
CASSQGQGEGEAFF	TRBV7-3*01	4.3e-05	0.2473355352543489
CASSVAASSYEQYF	TRBV9*01	4.3e-05	0.19295211010539645
CASSAGSSGNTIYF	TRBV9*03	4.3e-05	0.11544951038753792
CSARDFRYNSPLHF	TRBV20-1*01	4.3e-05	0.9694432731261787
CSAPWGGSNQPQHF	TRBV20-1*01	4.3e-05	0.6962730630114291
CAITVALNSPLHF	TRBV10-3*01	4.3e-05	0.8181086789397934
CASSLTAQETQYF	TRBV28*01	4.3e-05	0.40297553698757005
CASSLYSEAFF	TRBV7-9*01	4.3e-05	0.20281457677560452
CSATVDLVSYYRGNTGELFF	TRBV29-1*01	4.3e-05	0.9790929657354098
CSARGASLTHANTGELFF	TRBV20-1*01	4.3e-05	0.9607073690448658
CASRTGTGGSGANVLTF	TRBV19*03	4.3e-05	0.1552898324943946
CASSYSFAGYTDTQYF	TRBV6-6*01	4.3e-05	0.39297077472307623
CASSVLAGSGDNEQFF	TRBV6-4*01	4.3e-05	0.432802038847648
CASSLNGVANTGELFF	TRBV7-3*01	4.3e-05	0.6638208409335311
CASSVDGQLNNEKLFF	TRBV9*01	4.3e-05	0.6513193190222564
CASSDARGGPGSEQYF	TRBV7-3*01	4.3e-05	0.547743828793225
CASRLYPGTANTEAFF	TRBV6-6*03	4.3e-05	0.794852423453563
CSVGISRGGHSYEQYF	TRBV29-1*02	4.3e-05	0.8763519294278029
CASSAYRAGANVLTF	TRBV6-4*01	4.3e-05	0.32746937073683346
CASSLKMTGTTEQYF	TRBV4-2*01	4.3e-05	0.7087149206776612
CASSVGGLSSYEQYF	TRBV9*01	4.3e-05	0.27500315558433686
CASSQNRGAGTEAFF	TRBV4-1*01	4.3e-05	0.24939439638130406
CAWWRAGATDTQYF	TRBV30*05	4.3e-05	0.8317694071965722
CAWSEAEPNEKLFF	TRBV30*01	4.3e-05	0.7973661133969846
CASSQWTITDTQYF	TRBV27*01	4.3e-05	0.8933809854806177
CASSGLAGGYEQYF	TRBV2*01	4.3e-05	0.09255344938742222
CASSVPGVVDEQFF	TRBV9*01	4.3e-05	0.6267956317559531
CSVAGWRVENEQFF	TRBV29-1*01	4.3e-05	0.9803680541984777
CASSTGATDTQYF	TRBV18*01	4.3e-05	0.18876805202779887
CASSSGDSNEQFF	TRBV6-2*01	4.3e-05	0.18765872003489592
CASSPTGSGEQFF	TRBV7-2*01	4.3e-05	0.32028913528278086
CARSRVIAGELFF	TRBV9*01	4.3e-05	0.674822110281955
CGTNGARYNEQFF	TRBV6-8*01	4.3e-05	0.808219292743174
CASNGGWNNEQFF	TRBV10-1*01	4.3e-05	0.5745554107947988
CSARDTGVLELFF	TRBV20-1*01	4.3e-05	0.9825176640641918
CSAVSTSNQPQHF	TRBV20-1*04	4.3e-05	0.7480808742840288
CASFRPNTEAFF	TRBV6-6*01	4.3e-05	0.4861019933694935
CASSFIRQGFNTEAFF	TRBV7-9*01	4.3e-05	0.8228223863315859
CASSQGDSLGKQTQYF	TRBV14*01	4.3e-05	0.8528018823094088
CASSRNRGGSTDTQYF	TRBV5-8*01	4.3e-05	0.27086017158822073
CASSLSVEEPNYEQYF	TRBV5-1*01	4.3e-05	0.5450926355059603
CASSILQGKGNEQFF	TRBV19*01	4.3e-05	0.6652835098019598
CASSLLPQGSTEAFF	TRBV5-1*01	4.3e-05	0.5829406706813415
CASTSPGTGLEAFF	TRBV6-2*01	4.3e-05	0.8489818271948092
CASTRTGVNGELFF	TRBV6-6*05	4.3e-05	0.5723207180230325
CSARSGSLYNEQFF	TRBV20-1*01	4.3e-05	0.8826678372648421
CASSPSDTDTQYF	TRBV7-3*01	4.3e-05	0.32895584070048745
CASSQGRGVGLHF	TRBV3-1*01	4.3e-05	0.6498720838197228
CASRTSGDNEQFF	TRBV28*01	4.3e-05	0.32057209480048054
CAISESSYEQYF	TRBV10-3*01	4.3e-05	0.19383207346109202
CASSHTGVEQFF	TRBV3-1*01	4.3e-05	0.5886501816506345
CASSVTDYEQFF	TRBV9*01	4.3e-05	0.19803834817180052
CASSLEVAAGVYGTQYF	TRBV28*01	4.3e-05	0.8711652799156562
CASSSRYGSATNEKLFF	TRBV7-9*01	4.3e-05	0.7979043300536235
CATSRDETGFLDTQYF	TRBV15*01	4.3e-05	0.8049685085260131
CASSYPSGAGADTQYF	TRBV6-5*01	4.3e-05	0.4377203371986917
CASSSRQGKTYNEQFF	TRBV11-2*01	4.3e-05	0.4667495023963994
CASSHVARVPSYEQYF	TRBV4-3*01	4.3e-05	0.8300209311665315
CASSPRTGKTDTQYF	TRBV18*01	4.3e-05	0.5876945241378992
CASSVATGSNTEAFF	TRBV9*01	4.3e-05	0.2653576386492276
CASKDDRGMNTEAFF	TRBV6-4*01	4.3e-05	0.3614094778568975
CATERGSGANVLTF	TRBV6-2*01	4.3e-05	0.1613109156718632
CASSYSGRLNIQYF	TRBV6-5*01	4.3e-05	0.8196988241567695
CASSEGTGADTQYF	TRBV6-1*01	4.3e-05	0.1995252449620552
CASSPRGGGTEAFF	TRBV6-6*05	4.3e-05	0.18837963551943623
CSARERRVQETQYF	TRBV20-1*01	4.3e-05	0.9689630672394324
CASSNTANTEAFF	TRBV5-6*01	4.3e-05	0.2267070320055796
CASNGRWDAEAFF	TRBV2*01	4.3e-05	0.80775145033041
CASSDGSYGYTF	TRBV6-4*01	4.3e-05	0.10843568499842621
CASSYSREQFF	TRBV6-5*01	4.3e-05	0.3138453179405648
CASRLTIEGRSDGDTQYF	TRBV6-2*01	4.3e-05	0.8573391069613273
CASSYSGSGGGTDTQYF	TRBV6-5*01	4.3e-05	0.2983999916297477
CAWSVGLAGYNEQFF	TRBV30*01	4.3e-05	0.6099076888512301
CASSYVAGFSGELFF	TRBV6-2*01	4.3e-05	0.8782346688410968
CASSLAGGRETQYF	TRBV6-6*05	4.3e-05	0.2658623708111759
CSVANRDGAYEQYF	TRBV29-1*01	4.3e-05	0.7603061369402463
CASKLAVTDTQYF	TRBV19*03	4.3e-05	0.679238413014625
CASSLGYGGELFF	TRBV7-2*01	4.3e-05	0.29037424284890706
CASSQVGNTEAFF	TRBV3-1*01	4.3e-05	0.12651764578956168
CASNPSNTGELFF	TRBV9*01	4.3e-05	0.28622109142412816
CSVKGAGGTFF	TRBV29-1*01	4.3e-05	0.9074136457078282
CASIVGHMNTEAFF	TRBV19*01	4.3e-05	0.7659055950348682
CASSQADRGTEAFF	TRBV3-1*01	4.3e-05	0.4796549940817252
CSARDWIYIHEPYF	TRBV20-1*01	4.3e-05	0.9953965673238855
CASSKGTGELFF	TRBV2*01	4.3e-05	0.1789031896145949
CASSLEIIEGVQFF	TRBV7-3*01	4.3e-05	0.9125224891908931
CASSPSGTSGGPWQYF	TRBV7-8*03	4.2e-05	0.7626479110598351
CASTLGAVQETQYF	TRBV28*01	4.2e-05	0.5539175182592375
CASSHDAGVIRDTGELFF	TRBV4-1*01	4.2e-05	0.9582968754611993
CASSETGLGGSPLHF	TRBV2*01	4.2e-05	0.4811814326920948
CASIQRTGGFETQYF	TRBV5-1*01	4.2e-05	0.768859285359218
CASSLEGGRTNIQYF	TRBV5-1*01	4.2e-05	0.7867242124537106
CASSQDRQGNQPQHF	TRBV4-1*01	4.2e-05	0.11360655075666504
CASSRDLNQPQHF	TRBV5-1*01	4.2e-05	0.22682715928830124
CASSQDSQRGNQPQHF	TRBV4-2*01	4.2e-05	0.23800959507427322
CASSQGAQDSNQPQHF	TRBV4-1*01	4.2e-05	0.2662990923128427
CACTGAPSGANVLTF	TRBV19*01	4.2e-05	0.6807695706003046
CASSTSRSRGGELFF	TRBV19*01	4.2e-05	0.606400752709811
CASSLRQTANYGYTF	TRBV7-2*01	4.2e-05	0.27561538946090125
CASSLERGQNSPLHF	TRBV7-6*01	4.2e-05	0.4459072413504373
CASSVSWRATTEAFF	TRBV9*01	4.2e-05	0.7584159611344845
CSARDRQGYGGELFF	TRBV20-1*01	4.2e-05	0.9178977930827565
CASISGTGSYEQYF	TRBV2*02	4.2e-05	0.29350755111238946
CASSQDRGYTEAFF	TRBV4-2*01	4.2e-05	0.24483401556706744
CASSAGTSGYEQYF	TRBV9*03	4.2e-05	0.1249714151207144
CASSAPGSFEKLFF	TRBV9*03	4.2e-05	0.4078033322556942
CASNQGAANEKLFF	TRBV6-1*01	4.2e-05	0.3656108521154665
CASSLAGADEQFF	TRBV5-1*01	4.2e-05	0.26493601834061503
CSATTGRRTEAFF	TRBV20-1*02	4.2e-05	0.8721147780982145
CSAKTTNTGELFF	TRBV20-1*01	4.2e-05	0.9176334268837484
CATSSVAGELFF	TRBV15*02	4.2e-05	0.2755238628514009
CASSPGPGGYTF	TRBV9*01	4.2e-05	0.25980968186187287
CSARGGIEKLFF	TRBV20-1*01	4.2e-05	0.875559716424
CASSLSASQGALEGNQPQHF	TRBV7-2*01	4.2e-05	0.47348579258285556
CASSLLGLAGSGTGELFF	TRBV27*01	4.2e-05	0.3162845510775999
CASSALGPKTAVTEAFF	TRBV13*02	4.2e-05	0.8509483918455613
CASMGEVVESSGEQYF	TRBV9*01	4.2e-05	0.932731050140442
CASSSELAWVTETQYF	TRBV11-1*01	4.2e-05	0.7505157948444947
CSASSPGQTATDTQYF	TRBV20-1*02	4.2e-05	0.9231866552780845
CATSGKGISYNEQFF	TRBV24-1*01	4.2e-05	0.6554844707229229
CASSSRRTATHEQYF	TRBV7-3*01	4.2e-05	0.6856307378575273
CASSTGASNEKLFF	TRBV9*01	4.2e-05	0.17742052898412303
CASSQDTVNEKLFF	TRBV14*01	4.2e-05	0.4533975559649412
CASSTWDNSYEQYF	TRBV9*01	4.2e-05	0.3292660605254513
CSARLTTLTNEQFF	TRBV20-1*05	4.2e-05	0.9743514193028108
CASGRERGETQYF	TRBV6-6*05	4.2e-05	0.5446186308992579
CAISSADNEQFF	TRBV19*01	4.2e-05	0.49367091338836555
CASSPSAPSGDLRDTQYF	TRBV7-9*01	4.2e-05	0.6822263659797555
CASSYSPAALAKNIQYF	TRBV6-2*01	4.2e-05	0.6987515396001868
CASSPAGVRTANQPQHF	TRBV7-8*03	4.2e-05	0.6545172115561209
CASSERIQLAKNIQYF	TRBV2*01	4.2e-05	0.9031924410059408
CASSVGTSGDTGELFF	TRBV9*01	4.2e-05	0.24453639087472873
CASSQPRGRNTGELFF	TRBV4-1*01	4.2e-05	0.4307324433298258
CASSQEGGTLTYEQYF	TRBV4-1*01	4.2e-05	0.4201174822075788
CATSPSDRVWETQYF	TRBV24-1*01	4.2e-05	0.9611666630065255
CASMTSGGWGTEAFF	TRBV6-6*03	4.2e-05	0.5108763998913093
CASRAAGGVSYEQYF	TRBV7-9*04	4.2e-05	0.24244095933950294
CATSDAVAKNIQYF	TRBV24-1*01	4.2e-05	0.8601958592115199
CATSRLGQPDTQYF	TRBV15*02	4.2e-05	0.6251843442240387
CASTDPGTTYEQYF	TRBV2*01	4.2e-05	0.5717098150705109
CASSFWGGQVEQFF	TRBV28*01	4.2e-05	0.8670825752689367
CASSQQVSGNTIYF	TRBV4-1*01	4.2e-05	0.39373144650588615
CASSQERGYNEQFF	TRBV4-3*01	4.2e-05	0.3583607856503672
CSVEGGYRGGGYTF	TRBV29-1*01	4.2e-05	0.7677075843046396
CASSFRSGNTIYF	TRBV13*01	4.2e-05	0.22308804178761313
CASSLDLDSPLHF	TRBV5-5*01	4.2e-05	0.3985130187359888
CSARDFTTDTQYF	TRBV20-1*01	4.2e-05	0.9591849662845517
CSAREIYVGELFF	TRBV20-1*01	4.2e-05	0.9828272912842112
CSVTGQDYGYTF	TRBV29-1*01	4.2e-05	0.6575836705485749
CASRLRWASGGDTDTQYF	TRBV6-6*03	4.2e-05	0.9368006523140813
CSARWEGSGGPSYNEQFF	TRBV20-1*01	4.2e-05	0.9613010197442698
CASSIWGSGSSYNEQFF	TRBV19*01	4.2e-05	0.5777325833019861
CASSLSPGTSSSYEQYF	TRBV4-1*01	4.2e-05	0.3192867664724783
CSARRDALWANQPQHF	TRBV20-1*01	4.2e-05	0.9750512970994231
CASSLPSSGANVLTF	TRBV18*01	4.2e-05	0.3283846434162726
CASSLDRGVRETQYF	TRBV11-2*01	4.2e-05	0.6723908516402342
CASSLEGQENYGYTF	TRBV7-9*01	4.2e-05	0.19470392270947226
CASRDQGGDGNEQFF	TRBV6-1*01	4.2e-05	0.36654857624364456
CASSELEQAHEQFF	TRBV6-1*01	4.2e-05	0.5565029366072299
CASSLLGGEGEQFF	TRBV7-3*01	4.2e-05	0.36198886118907503
CASSVSDSGYEQYF	TRBV9*01	4.2e-05	0.2078787502819036
CASSVGGSNEKLFF	TRBV9*01	4.2e-05	0.1654816982630225
CASSLAGAGHEQFF	TRBV5-1*01	4.2e-05	0.3546282812023051
CSALAGSGSDTQYF	TRBV20-1*01	4.2e-05	0.8046029666594084
CSARDGAVPDTQYF	TRBV20-1*01	4.2e-05	0.9430784553575612
CATDRISTDTQYF	TRBV11-2*01	4.2e-05	0.60036500093674
CASSPEAANEQFF	TRBV18*01	4.2e-05	0.4307124791086791
CASSDSSTDTQYF	TRBV6-4*01	4.2e-05	0.1742115100030912
CASSSGSTDTQYF	TRBV6-6*03	4.2e-05	0.14451124017286363
CASSLRGRTEAFF	TRBV5-1*01	4.2e-05	0.1738953252771593
CSSGGSGGNEQFF	TRBV20-1*01	4.2e-05	0.5330783341376216
CASSPPEGAQHF	TRBV7-6*01	4.2e-05	0.7868207063534328
CATAYGETQYF	TRBV2*01	4.2e-05	0.7548942537237744
CASSYSMGDRGADTQYF	TRBV6-5*01	4.2e-05	0.5432793867102623
CAWSAGQGRRTDTQYF	TRBV30*01	4.2e-05	0.8187171548048273
CASSHKGVSSYNEQFF	TRBV7-6*01	4.2e-05	0.60527074013304
CASSFLSNSYNEQFF	TRBV28*01	4.2e-05	0.42120366076889615
CASSWGHLGANVLTF	TRBV6-2*01	4.2e-05	0.7573325371262409
CASSRKSPPRETQYF	TRBV3-1*01	4.2e-05	0.780065390534912
CSARVRDYGYNEQFF	TRBV20-1*01	4.2e-05	0.9499629071765907
CASRLGSSNQPQHF	TRBV7-8*01	4.2e-05	0.1446451531009176
CASSWGQMNTEAFF	TRBV27*01	4.2e-05	0.3113575624206514
CASSYGLDLGEQFF	TRBV6-5*01	4.2e-05	0.813311379504008
CASSPFQKGPAFF	TRBV27*01	4.2e-05	0.9155583916462247
CASSPDSYQPQHF	TRBV7-9*01	4.2e-05	0.40936988899620436
CATGGRQETQYF	TRBV2*01	4.2e-05	0.6251748884565809
CASSPSVAEQYF	TRBV7-2*01	4.2e-05	0.4893247766058498
CSARDRDTEAFF	TRBV20-1*01	4.2e-05	0.7131461312727574
CATRVGDTQYF	TRBV10-3*01	4.2e-05	0.4879109284721048
CASPWGNEQFF	TRBV7-2*01	4.2e-05	0.6046087784919495
CASSMRTSGGPRDEQFF	TRBV19*01	4.2e-05	0.8151088281436427
CAWRGRGRDRNEKLFF	TRBV30*01	4.2e-05	0.9018908294923226
CASSESRVPTNEKLFF	TRBV2*03	4.2e-05	0.4867671195649724
CASSPASGQGLYEQYF	TRBV7-9*01	4.2e-05	0.3800624620551898
CASSFGTGRVDEQFF	TRBV28*01	4.2e-05	0.7360402427855871
CASSYSLRYQETQYF	TRBV6-5*01	4.2e-05	0.6357807323282149
CASSEATRGNTEAFF	TRBV2*01	4.2e-05	0.6005550857558584
CASSLAGGHQETQYF	TRBV5-1*01	4.2e-05	0.6122902147461226
CASGEGPTDYGYTF	TRBV28*01	4.2e-05	0.6366144773557268
CASSWTVQTDTQYF	TRBV28*01	4.2e-05	0.6614535923521342
CASSEGGMGDTQYF	TRBV2*01	4.2e-05	0.5008817082444877
CASTRPGVSEAFF	TRBV9*01	4.2e-05	0.6074693035777493
CASSLAGDTEAFF	TRBV11-3*01	4.2e-05	0.09569296730654038
CASRGSGDNEQFF	TRBV6-1*01	4.2e-05	0.32320633045147246
CSGLDSFEQFF	TRBV20-1*01	4.2e-05	0.847507029724859
CASTVTEAFF	TRBV6-1*01	4.2e-05	0.17167119766150854
CASSPREVWTVFNQPQHF	TRBV18*01	4.2e-05	0.8646389981372713
CASSDAGTGDTEKLFF	TRBV28*01	4.2e-05	0.27723290564391817
CASSLGTGISNQPQHF	TRBV5-1*01	4.2e-05	0.31457278552058265
CASSIKGAAGNTIYF	TRBV9*01	4.2e-05	0.31038566621736624
CASRGLAGGPDTQYF	TRBV6-1*01	4.2e-05	0.3645824687391932
CASSVRPGANVLTF	TRBV9*01	4.2e-05	0.4009734658724686
CSARGRGGNTEAFF	TRBV20-1*01	4.2e-05	0.732250131076056
CASRRATNEKLFF	TRBV5-5*01	4.2e-05	0.32115379509385017
CASSYGGQETQYF	TRBV6-5*01	4.2e-05	0.45439979364991867
CASSDRGTDTQYF	TRBV6-4*01	4.2e-05	0.18576418180059484
CASSRQGAETQYF	TRBV7-7*01	4.2e-05	0.34327478269152517
CASTGGSTDTQYF	TRBV4-1*01	4.2e-05	0.21437043862386368
CASSPALRDTQYF	TRBV5-1*01	4.2e-05	0.8226482336698115
CASSFFFAGGGETQYF	TRBV6-5*01	4.2e-05	0.7466199190930525
CASSFGSEATNEKLFF	TRBV28*01	4.2e-05	0.3492521597360718
CASSPREPNSYEQYF	TRBV5-8*01	4.2e-05	0.6336803151938574
CASSQSGTGNTEAFF	TRBV4-1*01	4.2e-05	0.12816215639753406
CATTRSSSTDTQYF	TRBV6-1*01	4.2e-05	0.36983521254643864
CATSDASYEQYF	TRBV24-1*01	4.2e-05	0.3402003817410144
CASSRQSSGELFF	TRBV7-7*01	4.1e-05	0.1816830142312043
CASTDRENTEAFF	TRBV6-1*01	4.1e-05	0.16641910276462493
CASMTVTGELFF	TRBV19*01	4.1e-05	0.647070117409415
CASSGQETQYF	TRBV5-1*01	4.1e-05	0.19710069755324772
CASSTGQGAYSNQPQHF	TRBV6-1*01	4.1e-05	0.256711985577872
CATSRDLATSNQPQHF	TRBV15*01	4.1e-05	0.5746523702659887
CASSLAGLVGYNEQFF	TRBV7-2*01	4.1e-05	0.45803281816545344
CASSQEWAGQKYEQYF	TRBV4-3*01	4.1e-05	0.6140029154304307
CASSPGQGARSPLHF	TRBV18*01	4.1e-05	0.7186337440793061
CASSEEGGSVDTQYF	TRBV2*01	4.1e-05	0.269163812026537
CASSATGGYEKLFF	TRBV19*01	4.1e-05	0.293639532658144
CASSSTGINYGYTF	TRBV7-9*01	4.1e-05	0.273702422035809
CSAVSGRDYNEQFF	TRBV20-1*01	4.1e-05	0.7997556336768474
CALSRDSYNEQFF	TRBV30*01	4.1e-05	0.23756716715363493
CAISHLWGSEQFF	TRBV10-3*01	4.1e-05	0.9089867617737506
CASTYGGNQPQHF	TRBV5-6*01	4.1e-05	0.21389837175034682
CASSPRDRGDYNEQFF	TRBV28*01	4.1e-05	0.48071465455346857
CASSQAGVSGANVLTF	TRBV4-3*01	4.1e-05	0.2185866357243431
CASRDRLYSNQPQHF	TRBV19*01	4.1e-05	0.47766099408359
CASSTQTGTGNTIYF	TRBV6-6*05	4.1e-05	0.24734321379439742
CASSLDRVPYNEQFF	TRBV5-1*01	4.1e-05	0.6505878644432738
CASGQLGGGETQYF	TRBV28*01	4.1e-05	0.3499120615139171
CASSPSTPRETQYF	TRBV6-2*01	4.1e-05	0.658920771959457
CASRAQGAVYGYTF	TRBV12-3*01	4.1e-05	0.4430413941003689
CASSLVVGQETQYF	TRBV5-1*01	4.1e-05	0.5243190635391022
CASSPTQGNTEAFF	TRBV5-1*01	4.1e-05	0.20500668325491236
CASSQGGGQTEAFF	TRBV4-1*01	4.1e-05	0.21359621537921075
CASIGVVGTEAFF	TRBV2*01	4.1e-05	0.4203025321215358
CASSLTPNTEAFF	TRBV7-9*01	4.1e-05	0.20851135571143947
CASRGIGTEERFF	TRBV28*01	4.1e-05	0.8299510881687091
CASQTVSYEQYF	TRBV11-2*01	4.1e-05	0.3001508414511038
CSARGDKQYF	TRBV20-1*01	4.1e-05	0.8500738790381506
CAISRTDPGTSGANVLTF	TRBV10-3*01	4.1e-05	0.632755759423522
CASMPGTRSYSNQPQHF	TRBV6-1*01	4.1e-05	0.7769024538579524
CASSLAAAAGNEKLFF	TRBV7-8*01	4.1e-05	0.39279307343415565
CASNQRARLDNEKLFF	TRBV28*01	4.1e-05	0.9505401287677747
CASSESTSGTYNEQFF	TRBV10-2*01	4.1e-05	0.19465465706992344
CASSRPGTGDGKLFF	TRBV18*01	4.1e-05	0.7601214710266339
CASSDAGAGYNEQFF	TRBV6-4*01	4.1e-05	0.2584831800111246
CASSTGGNYNSPLHF	TRBV28*01	4.1e-05	0.5378677610535064
CASSQGGSGSYEQYF	TRBV11-2*01	4.1e-05	0.14371736288488587
CASSQRSANSYEQYF	TRBV11-3*01	4.1e-05	0.30288213294028715
CASSLVASGDQPQHF	TRBV4-3*01	4.1e-05	0.40936644463313937
CASSAAGHTGELFF	TRBV2*01	4.1e-05	0.28653649821938165
CASNRQGQWSPLHF	TRBV6-6*03	4.1e-05	0.9063543395421291
CAPQGFSTDTQYF	TRBV2*01	4.1e-05	0.5354622120560978
CSASLGLNTEAFF	TRBV20-1*04	4.1e-05	0.744080153205066
CASYNRGRQFF	TRBV6-8*01	4.1e-05	0.5670570787071209
CASTTLWGGSGDGAGELFF	TRBV28*01	4.1e-05	0.9673989781815808
CASSLDLGLAGGLNEQFF	TRBV7-2*01	4.1e-05	0.5190939764612333
CASSITGTSGSRGDTQYF	TRBV6-2*01	4.1e-05	0.6303300368391922
CASSLTFDRVINEQYF	TRBV5-5*01	4.1e-05	0.7867404136530366
CASSQHLGQGGTEAFF	TRBV11-1*01	4.1e-05	0.5510309796022926
CASSLALGSGETQYF	TRBV4-3*01	4.1e-05	0.449827020172213
CASRSGRAGGELFF	TRBV19*01	4.1e-05	0.5366069434502185
CASSYGTGGETQYF	TRBV6-5*01	4.1e-05	0.2759631884293461
CASSLGIANEKLFF	TRBV5-8*01	4.1e-05	0.20385528613476436
CASSLVAYGDEQFF	TRBV11-3*01	4.1e-05	0.6944434572501046
CASSQTGMNTEAFF	TRBV9*01	4.1e-05	0.2119055315605517
CASSFVGGGEQYF	TRBV7-3*01	4.1e-05	0.3007963219200185
CASREGEPVIAFF	TRBV7-3*01	4.1e-05	0.6826204050358496
CSASQESYEQYF	TRBV20-1*02	4.1e-05	0.7490386336738593
CASSLGHEQFF	TRBV3-1*01	4.1e-05	0.3128715420974264
CASSLLGKLGSLRGYNEQFF	TRBV7-2*01	4.1e-05	0.941569271753787
CASSQDPLGTGANNEQFF	TRBV4-1*01	4.1e-05	0.7366108936645446
CASSYSNLLAGIRTQYF	TRBV6-5*01	4.1e-05	0.8228650477716504
CASSFSLAGANSYEQYF	TRBV5-5*01	4.1e-05	0.46579516154837836
CASSQDFRALITDTQYF	TRBV14*01	4.1e-05	0.8210971781259321
CASRGLMGLAGGNEQFF	TRBV28*01	4.1e-05	0.8348973151854774
CASSLMGQAQTRGYTF	TRBV9*01	4.1e-05	0.8040390127911018
CASSLTLAGVTGELFF	TRBV27*01	4.1e-05	0.39400405333974725
CASSRLVGGSYNEQFF	TRBV14*01	4.1e-05	0.34744304718221813
CASSLVSGLAGAEQFF	TRBV5-1*01	4.1e-05	0.6213871469099909
CASSHLGVGTVWGAFF	TRBV4-1*01	4.1e-05	0.9664666908910792
CSAPRLAGGRTGELFF	TRBV20-1*01	4.1e-05	0.9351416188474284
CATSSPGTGYNEQFF	TRBV15*02	4.1e-05	0.4048797490729862
CASTPGLANTGELFF	TRBV27*01	4.1e-05	0.4352899677414055
CASSVQRTDTDTQYF	TRBV28*01	4.1e-05	0.30182604613541913
CASSDGTSSTDTQYF	TRBV6-4*01	4.1e-05	0.33544879176789083
CASSQQSGGDYEQYF	TRBV3-1*01	4.1e-05	0.1980807230111444
CASSLLSPTNEKLFF	TRBV5-1*01	4.1e-05	0.6223139102735595
CAISVSGGHETQYF	TRBV10-3*01	4.1e-05	0.7371732912213824
CASRGGVSSQPQHF	TRBV19*01	4.1e-05	0.3438163403178533
CASSDDSSYNEQFF	TRBV6-4*01	4.1e-05	0.26658572344315007
CASSLGNYNSPLHF	TRBV7-9*01	4.1e-05	0.32946525767824514
CASSHDISNQPQHF	TRBV4-1*01	4.1e-05	0.21551241735468313
CSAYGQENSYEQYF	TRBV20-1*01	4.1e-05	0.9052359422709481
CSARDGRAQETQYF	TRBV20-1*01	4.1e-05	0.9502960122746499
CASSLDGTPSLFF	TRBV3-1*01	4.1e-05	0.7230425053697596
CASSSWDLYTQYF	TRBV7-9*01	4.1e-05	0.3647424923885306
CASSSTTETQYF	TRBV19*01	4.1e-05	0.3151537949443459
CASSLQGFGYTF	TRBV6-6*04	4.1e-05	0.23480535271107905
CASSLGGEQYF	TRBV5-6*01	4.1e-05	0.14660355914079848
CASSRVGRGAPGGYEQYF	TRBV7-3*01	4.1e-05	0.7168985822703957
CASSPSGVSGANVLTF	TRBV4-2*01	4.1e-05	0.20822120047683568
CASSLESPTLPETQYF	TRBV5-1*01	4.1e-05	0.9462374101509426
CASSLAGGSTGELFF	TRBV7-9*01	4.1e-05	0.1751877266377012
CASSPPGVSNQPQHF	TRBV7-9*01	4.1e-05	0.3281884081675698
CASSVGVPGANVLTF	TRBV9*01	4.1e-05	0.3692572302110382
CASSLNRGRETQYF	TRBV27*01	4.1e-05	0.3247095839345237
CASSQGPGNGELFF	TRBV3-1*01	4.1e-05	0.32036117028439354
CSVVSLADTGELFF	TRBV29-1*01	4.1e-05	0.8584843594555767
CASSQVRHTEAFF	TRBV3-1*01	4.1e-05	0.5370957030481885
CATSRGQTEAFF	TRBV19*01	4.1e-05	0.2749079055999603
CSARGGGGIQYF	TRBV20-1*01	4.1e-05	0.9325200720198182
CASSPFCKAGGPCEQFF	TRBV7-3*01	4.1e-05	0.9934261851630334
CAISETLGQGNTEAFF	TRBV10-3*01	4.1e-05	0.7677148335135235
CASSREGTHYNEQFF	TRBV28*01	4.1e-05	0.6393934890070487
CASSQARDFVYEQYF	TRBV7-2*01	4.1e-05	0.7117281164083935
CASSVHTGVNEKLFF	TRBV9*01	4.1e-05	0.5359328641337016
CAISGPDRNNEQFF	TRBV10-3*01	4.1e-05	0.8089015166045407
CASSSPRGTGELFF	TRBV7-9*01	4.1e-05	0.17336561641505108
CASSQDRSGSEAFF	TRBV4-2*01	4.1e-05	0.26448804109482527
CASSAGPEAGELFF	TRBV6-4*01	4.1e-05	0.518724971115935
CLFRDIHNEKLFF	TRBV6-4*01	4.1e-05	0.6972509767121193
CASSPFQKGPAFF	TRBV27*01	4.1e-05	0.9155583916462247
CSAREAVNNEQFF	TRBV20-1*01	4.1e-05	0.9492646511914986
CASSPLNGGAFF	TRBV18*01	4.1e-05	0.7245970490342746
CASSRGLETQYF	TRBV28*01	4.1e-05	0.2555522734553218
CASSEWAGVQYF	TRBV10-2*01	4.1e-05	0.820752293349146
CSAEGTYNEQFF	TRBV20-1*01	4.1e-05	0.7193222923954963
CASSFPPGGRNNEQFF	TRBV5-1*01	4.1e-05	0.8253188622613499
CASSLNPTGNHEQYF	TRBV7-3*01	4.1e-05	0.5024237591911912
CASSLGSAGKTQYF	TRBV5-1*01	4.1e-05	0.7259447339923893
CASSDRGAEAFF	TRBV7-3*01	4.1e-05	0.3301834412783235
CSVEEAYEQYF	TRBV29-1*01	4.1e-05	0.7124163971120537
CASSLVAMNTGELFF	TRBV28*01	4.1e-05	0.29445269233334703
CASSLVAGGTRHNEQFF	TRBV11-2*01	4e-05	0.6272483855255178
CASSLDFGGNTIYF	TRBV7-2*01	4e-05	0.2635706815234737
CSAAVPEEELFF	TRBV20-1*01	4e-05	0.9041445996007396
CASSELSSMNTEAFF	TRBV25-1*01	4e-05	0.35682420059315806
CAWSRGPGNTIYF	TRBV30*01	4e-05	0.38247017666260186
CAWSQQENTEAFF	TRBV30*01	4e-05	0.47005423567517773
CASSFQGVYEQYF	TRBV5-1*01	4e-05	0.21942841325344023
CASSLNTEAFF	TRBV28*01	4e-05	0.08085403230434363
CASSLFVWGGGDEQFF	TRBV28*01	4e-05	0.8702002214421719
CASSQVRLAVYNEQFF	TRBV3-1*01	4e-05	0.8909464955405618
CASSLVWTGVAGELFF	TRBV5-1*01	4e-05	0.635165095110534
CASSLILGPGHEQYF	TRBV7-9*01	4e-05	0.6810553975685716
CASSTPTGINYGYTF	TRBV7-2*01	4e-05	0.3529601152877015
CSAPKGRRNTEAFF	TRBV20-1*01	4e-05	0.9275986703841561
CAWRTMNTGELFF	TRBV30*01	4e-05	0.5657550889055416
CSASGGRETQYF	TRBV20-1*02	4e-05	0.821733252616443
CASSSRLDGFF	TRBV28*01	4e-05	0.7900435663333684
CASSAPTGGSYSNQPQHF	TRBV9*03	4e-05	0.25036974204933216
CASSQDWREWYEQYF	TRBV4-2*01	4e-05	0.8326717546106497
CASSLAGTRFTEAFF	TRBV5-1*01	4e-05	0.7009014198815157
CSAATGTGNSYEQYF	TRBV20-1*01	4e-05	0.7725991977807901
CSARVSSMTNTEAFF	TRBV20-1*01	4e-05	0.9515832569038746
CASSGGTGADTQYF	TRBV6-4*01	4e-05	0.21564328810398856
CASSPHMDTYEQYF	TRBV9*03	4e-05	0.6373995460410125
CASSVGTLNQPQHF	TRBV9*01	4e-05	0.3300935046407722
CASLTGEGTGELFF	TRBV5-1*01	4e-05	0.2807591732465418
CSAGGPARPDTQYF	TRBV20-1*01	4e-05	0.9870183030842872
CASSGDNFGTQYF	TRBV19*01	4e-05	0.682588094995214
CASSVGGYYEQYF	TRBV9*01	4e-05	0.18644437211273263
CASSVDQEQPQHF	TRBV9*01	4e-05	0.18027836132486755
CASSFMGQGVSADTQYF	TRBV28*01	4e-05	0.8089849049108812
CASSSILDGPLNTEAFF	TRBV12-3*01	4e-05	0.7380388659742257
CASSPRSGQGVTYEQYF	TRBV7-8*03	4e-05	0.3916613458612906
CASSPGSRGVTDTQYF	TRBV18*01	4e-05	0.5010527654826132
CASSESGARGANVLTF	TRBV6-4*01	4e-05	0.30976495368128215
CASSGDRGRSEKLFF	TRBV19*01	4e-05	0.33774986439136495
CASSKSGRRADTQYF	TRBV19*03	4e-05	0.6768118053609086
CASSQELRRGHEQYF	TRBV4-3*01	4e-05	0.7834002897790551
CASSLLGGADTQYF	TRBV28*01	4e-05	0.16171910709051696
CASSRPGQKDEQYF	TRBV4-1*01	4e-05	0.6273214353094869
CASSIPGASGYTF	TRBV19*01	4e-05	0.3348321995084992
CSARDRGAYEQYF	TRBV20-1*01	4e-05	0.8312928819889821
CSVLVGEGTEAFF	TRBV29-1*01	4e-05	0.8686843303638561
CSARRATYEQYF	TRBV20-1*01	4e-05	0.8952982578773144
CSARQPRDTIYF	TRBV20-1*01	4e-05	0.9855177919473832
CACSRANVLTF	TRBV30*01	4e-05	0.42777102268420636
CASSFQTSGHLQETQYF	TRBV6-7*01	4e-05	0.727229511427889
CASRNLRQGATNEKLFF	TRBV2*01	4e-05	0.727654114037563
CASSPYIGGTGWSGYTF	TRBV4-1*01	4e-05	0.8427702237222489
CASSLDRGRSSYEQYF	TRBV7-9*01	4e-05	0.17511585672803837
CASSPLEGAGGGSYTF	TRBV5-1*01	4e-05	0.35207782225772744
CASSQTASGSYNEQFF	TRBV4-1*01	4e-05	0.4508391456334221
CASSLQGRVFLEQFF	TRBV28*01	4e-05	0.928362228961425
CASSDSRGGANVLTF	TRBV6-4*01	4e-05	0.17257959884125917
CASSLRTGEHNEQFF	TRBV7-2*01	4e-05	0.3554049352386436
CASSVRGATNEKLFF	TRBV9*01	4e-05	0.22701491289780076
CAWSVPVITDTQYF	TRBV30*01	4e-05	0.7676357214435159
CAWSGGVSTDTQYF	TRBV30*01	4e-05	0.6111624867191912
CASSPRQMNTEAFF	TRBV18*01	4e-05	0.20879525068780283
CASSVGTASTEAFF	TRBV9*01	4e-05	0.31137381890490784
CASSVVGGEETQYF	TRBV9*01	4e-05	0.37340778952963083
CASRRDSHNSPLHF	TRBV5-5*01	4e-05	0.5317603334169356
CASSYSETETQYF	TRBV6-2*01	4e-05	0.6141317411201966
CASSPRTDNEQFF	TRBV28*01	4e-05	0.3218041597489073
CASSQTGTYEQYF	TRBV7-9*01	4e-05	0.198018696743428
CASSFTYNEQFF	TRBV5-1*01	4e-05	0.30040276558102724
CTIQRGEETQYF	TRBV20-1*01	4e-05	0.8928925622283578
CSARRAAYEQYF	TRBV20-1*01	4e-05	0.8963959387728905
CSVPGATGGYTF	TRBV29-1*01	4e-05	0.8100930541453508
CASSTLSGTPSSGANVLTF	TRBV7-8*01	4e-05	0.3995218639914867
CASSPVGLAVPSGANVLTF	TRBV5-1*01	4e-05	0.9145873926071613
CASSGGGLAGGPTEQFF	TRBV5-1*01	4e-05	0.5539352358359102
CSARDGSSISGANVLTF	TRBV20-1*01	4e-05	0.9079489486411632
CATRRLARSSYNEQFF	TRBV24-1*01	4e-05	0.8460210786982069
CASSPLGRRILNEQFF	TRBV18*01	4e-05	0.8893420980682083
CASSLDYGGTRNEQFF	TRBV11-3*01	4e-05	0.8386268213582027
CASSPGKGGIWNEQFF	TRBV11-3*02	4e-05	0.843145430659578
CASRLSGQGKNEKLFF	TRBV27*01	4e-05	0.36861106360737633
CASGTGGRDTGELFF	TRBV4-1*01	4e-05	0.2976798984047857
CSARPRDFVNTEAFF	TRBV20-1*02	4e-05	0.9515223221690966
CSAGPGSTNTGELFF	TRBV20-1*01	4e-05	0.8593850474541618
CATSDFMAAGELFF	TRBV24-1*01	4e-05	0.7548058378361777
CASSDGEAYNEQFF	TRBV6-4*01	4e-05	0.26914464190770265
CASSEMAGVRTQYF	TRBV2*01	4e-05	0.9066126362653721
CASSLSGDNQPQHF	TRBV7-9*01	4e-05	0.10925060898495084
CASSWGQGNTEAFF	TRBV11-3*01	4e-05	0.17362041656371432
CASSVAAENQPQHF	TRBV9*01	4e-05	0.16797123189828006
CASTMMGAGKLFF	TRBV28*01	4e-05	0.7117593853531816
CASSFSYNSPLHF	TRBV7-3*01	4e-05	0.3325437751180227
CASSRTLAGELFF	TRBV6-6*04	4e-05	0.5611410646184769
CASSVSRTHEQFF	TRBV9*01	4e-05	0.6950084493293034
CASNLSGNEKLFF	TRBV6-6*01	4e-05	0.2780150681984135
CSARRGVVYEQYF	TRBV20-1*01	4e-05	0.9428704279385512
CASSYSQETQYF	TRBV6-5*01	4e-05	0.33988481293280687
CASTRSETQYF	TRBV19*01	4e-05	0.26155919819880513
CASSRENEQFF	TRBV6-6*05	4e-05	0.2236551502075124
CASSFSPDRGDYNEQFF	TRBV11-2*01	4e-05	0.8247381057261963
CASRGQGEAGANVLTF	TRBV6-6*03	4e-05	0.3288233465207052
CASSLSVRGQETQYF	TRBV27*01	4e-05	0.5513622760891147
CASSQQIAGQETQYF	TRBV4-1*01	4e-05	0.5135087158685906
CASSATSRRGWTQYF	TRBV5-1*01	4e-05	0.7665898354787336
CASSEQAQANEKLFF	TRBV5-1*01	4e-05	0.4438747129277607
CASTSGRFADTQYF	TRBV19*01	4e-05	0.5364843210273202
CASSLVETSYEQYF	TRBV5-5*01	4e-05	0.21528351203922488
CASREESSYNEQFF	TRBV2*01	4e-05	0.3176248052502755
CSPRAGSSNSPLHF	TRBV20-1*01	4e-05	0.7637185142893269
CAIRDRVDEKLFF	TRBV10-3*01	4e-05	0.8692310110841908
CASSTSSTDTQYF	TRBV27*01	4e-05	0.15246691975393467
CASSLQGGTEAFF	TRBV11-3*01	4e-05	0.10007100080343916
CASSPLGTAYSGNTIYF	TRBV6-6*04	4e-05	0.41193725573706647
CASSSGTGAFLGYEQYF	TRBV5-5*01	4e-05	0.6669603340419659
CASSLGNLNTGELFF	TRBV7-9*01	4e-05	0.3540277918164268
CASSVDPDQETQYF	TRBV9*01	4e-05	0.4852995857896275
CASSSGTSFDEQFF	TRBV4-1*01	4e-05	0.7714024102576713
CASRQAGGDEQFF	TRBV7-3*01	4e-05	0.4024791478891619
CASSLGGNTQYF	TRBV27*01	3.9e-05	0.16938912513855525
CASRQRGSTLPDTQYF	TRBV27*01	3.9e-05	0.8897051646158066
CSASYRYGSSYNEQFF	TRBV20-1*04	3.9e-05	0.9078583428097856
CSARDSKYYSNQPQHF	TRBV20-1*01	3.9e-05	0.9656297676812616
CASSEVGGDQETQYF	TRBV6-1*01	3.9e-05	0.33253368089385776
CASSLSRDNDEQFF	TRBV7-3*01	3.9e-05	0.35687169655464496
CASSQTGSYEQYF	TRBV4-3*01	3.9e-05	0.13542298890125798
CASSTLDKRGRNEKLFF	TRBV6-2*01	3.9e-05	0.749945729763475
CASRETRDSHGNEQFF	TRBV19*01	3.9e-05	0.80216924283024
CASSQGQAIKNYGYTF	TRBV4-1*01	3.9e-05	0.6792453995920399
CASSTGNNHNSPLHF	TRBV9*01	3.9e-05	0.33406187370557294
CASSLAGGTQETQYF	TRBV5-1*01	3.9e-05	0.45218011998402113
CSARGLQPPDSPLHF	TRBV20-1*01	3.9e-05	0.9915990906537265
CASSLGLAGGDNEQFF	TRBV7-9*01	3.9e-05	0.37600745510443473
CASTVGVEHISPLHF	TRBV28*01	3.9e-05	0.9033270663525523
CASSAGAASYNEQFF	TRBV6-4*01	3.9e-05	0.183099804425979
CASSPRDGSSYEQYF	TRBV11-2*01	3.9e-05	0.3137400238735566
CASSQDRTAWAEAFF	TRBV3-1*01	3.9e-05	0.9388199076375358
CASRGGAAGEYEQYF	TRBV7-2*01	3.9e-05	0.20736739232647303
CASSAPDSDNQPQHF	TRBV10-2*01	3.9e-05	0.1356037558307118
CSVDQSDKNTGELFF	TRBV29-1*01	3.9e-05	0.842059162688647
CASKKRTSTDTQYF	TRBV19*01	3.9e-05	0.7218054241506988
CASSLQGPNQPQHF	TRBV5-8*01	3.9e-05	0.17746761205910716
CASSLVSVRETQYF	TRBV13*01	3.9e-05	0.7962924306272262
CASSSTGFGEKLFF	TRBV7-8*01	3.9e-05	0.4430816423329743
CASSYSSNEKLFF	TRBV6-5*01	3.9e-05	0.19648673878134992
CASSSTGSGELFF	TRBV5-5*01	3.9e-05	0.14911344415467867
CSVRGQGPYEQYF	TRBV20-1*01	3.9e-05	0.7573104967173137
CASSLALREYFRGEQFF	TRBV5-1*01	3.9e-05	0.8518865721777249
CATRTARHGEGQPQHF	TRBV15*02	3.9e-05	0.881004565588155
CASSLWRTANTGELFF	TRBV28*01	3.9e-05	0.581843471724909
CASSLLAGGIDTQYF	TRBV28*01	3.9e-05	0.30031173035474906
CASSFQGSNTGELFF	TRBV7-3*01	3.9e-05	0.28470715385425654
CASSLESPGGSPLHF	TRBV7-6*01	3.9e-05	0.6245023347276364
CASSPGTANTGELFF	TRBV7-3*01	3.9e-05	0.21559937587600408
CASSVDGGSSYEQYF	TRBV9*01	3.9e-05	0.2851324203366716
CATSDLPGGETQYF	TRBV24-1*01	3.9e-05	0.5785681553372227
CATRAGVKTGELFF	TRBV24-1*01	3.9e-05	0.8495654351165866
CASSQRGFRYEQYF	TRBV14*01	3.9e-05	0.6340136849051876
CASSPGQGGEKLFF	TRBV5-1*01	3.9e-05	0.18269614350334365
CASSQDRGNTEAFF	TRBV4-1*01	3.9e-05	0.12019424551444408
CASSFGASGELFF	TRBV28*01	3.9e-05	0.25406694738586627
CASSLVGSYEQYF	TRBV11-2*01	3.9e-05	0.11754067341997722
CSAWDTVNEKLFF	TRBV20-1*01	3.9e-05	0.8859127979635554
CASSFDSYEQYF	TRBV11-2*01	3.9e-05	0.24294637646469527
CASSLQGNEQYF	TRBV2*01	3.9e-05	0.22069886812066802
CSVRDGTVQYF	TRBV29-1*01	3.9e-05	0.9504331534737941
CASSYGQLAGLQETQYF	TRBV6-2*01	3.9e-05	0.6129847172686569
CASSLERGGWYNEQFF	TRBV7-9*01	3.9e-05	0.6195787460295644
CASSLGLAGATDTQYF	TRBV4-2*01	3.9e-05	0.23122671672182826
CASSQDHNRIEDTQYF	TRBV4-1*01	3.9e-05	0.9263489964212583
CATRESGGNTDTQYF	TRBV24-1*01	3.9e-05	0.6393395459320518
CASSPVAGGFVEQYF	TRBV18*01	3.9e-05	0.7330138017141561
CASSYEREAADTQYF	TRBV6-2*01	3.9e-05	0.6454258329265896
CASSHSGGEYNEQFF	TRBV6-2*01	3.9e-05	0.29596483911502003
CASSQVGDNSYEQYF	TRBV14*01	3.9e-05	0.44438156698769576
CASSQGGVENTEAFF	TRBV3-1*01	3.9e-05	0.1704041313807574
CASSVGAEALTEAFF	TRBV9*01	3.9e-05	0.5071669378317386
CASRPSGPNTGELFF	TRBV6-2*01	3.9e-05	0.30452065241989035
CASTGDQSYNEQFF	TRBV9*01	3.9e-05	0.32955764908091706
CASSEWFPDTQYF	TRBV6-1*01	3.9e-05	0.8960689997910389
CASSLDGNTEAFF	TRBV7-7*01	3.9e-05	0.1720157580763711
CASSLSGQPQHF	TRBV5-5*01	3.9e-05	0.12077523339825041
CATSRGLDRGRVTGELFF	TRBV15*01	3.9e-05	0.7325955002519289
CASGPGQGRSSGANVLTF	TRBV2*01	3.9e-05	0.39615377041948274
CASSLTPGQGETRNEQYF	TRBV7-9*01	3.9e-05	0.7010158904994468
CASSLDRGQGAVYGYTF	TRBV11-3*01	3.9e-05	0.37082740400536707
CASSTQRGNRDTGELFF	TRBV28*01	3.9e-05	0.5223203720003087
CAISPGYTLGANVLTF	TRBV24-1*01	3.9e-05	0.8700053676971337
CASYPRDRGPTGELFF	TRBV19*01	3.9e-05	0.9092538505788653
CASSEEWSGVRETQYF	TRBV6-1*01	3.9e-05	0.9539319739838565
CASSPTGGGGNTEAFF	TRBV11-3*01	3.9e-05	0.14016153167347012
CASSWGQISSYNEQFF	TRBV5-1*01	3.9e-05	0.6679131154301186
CASSILGSSYNEQFF	TRBV19*01	3.9e-05	0.2300326206324281
CASSLRLAGIETQYF	TRBV28*01	3.9e-05	0.5334600806036353
CASSPRLADQETQYF	TRBV27*01	3.9e-05	0.5799859242403909
CASSPGTRRANEQFF	TRBV27*01	3.9e-05	0.8217232986619282
CASSAGTGLAYEQYF	TRBV7-4*01	3.9e-05	0.2774845729328045
CASSKLAGSYNEQFF	TRBV11-2*01	3.9e-05	0.2870243483837855
CASKTTLTSTDTQYF	TRBV6-1*01	3.9e-05	0.7701127597023106
CAWNPGLGAGEQFF	TRBV30*01	3.9e-05	0.9692562878251845
CASSLVEGGNIQYF	TRBV11-2*01	3.9e-05	0.6164492851713446
CASSYLQGNTEAFF	TRBV4-2*01	3.9e-05	0.15010922808383803
CASSAGWDGRGAFF	TRBV7-9*04	3.9e-05	0.9248396744091897
CSAAGVGAAETQYF	TRBV20-1*02	3.9e-05	0.9309824800213581
CSVGTGGNPQPQHF	TRBV29-1*01	3.9e-05	0.9188641159275313
CATTGGPNQPQHF	TRBV10-3*01	3.9e-05	0.34504672788886076
CASYKRDNEKLFF	TRBV28*01	3.9e-05	0.7036780414276624
CASSEASTDTQYF	TRBV6-1*01	3.9e-05	0.1868716651061836
CASSLVANYEQYF	TRBV7-2*01	3.9e-05	0.269384195469624
CASSSPAPDEQFF	TRBV28*01	3.9e-05	0.627210645971073
CASSARGLETQYF	TRBV9*03	3.9e-05	0.3168839690569036
CAARDQSLTQYF	TRBV6-1*01	3.9e-05	0.7803582245721322
CASGGNTGELFF	TRBV7-3*01	3.9e-05	0.1971772633871244
CSASSSNEQFF	TRBV20-1*04	3.9e-05	0.603557618059577
CASSLVGTGGASADTQYF	TRBV5-1*01	3.9e-05	0.4479320400828631
CASSPSGTSRAYNEQFF	TRBV28*01	3.9e-05	0.5751468177914175
CASSLSGGGGYNEQFF	TRBV27*01	3.9e-05	0.17474762362936808
CASSLIRDRVSDIQYF	TRBV28*01	3.9e-05	0.8151045343252541
CASSYPGLAGTDTQYF	TRBV6-2*01	3.9e-05	0.4987198663906677
CASSGGFEGGTDTQYF	TRBV6-6*03	3.9e-05	0.32304307514619746
CASSSKTWGSSGELFF	TRBV13*01	3.9e-05	0.877704083126561
CASSRVLTRVRDEAFF	TRBV5-5*01	3.9e-05	0.9515459397134512
CATSRDGTKQETQYF	TRBV15*01	3.9e-05	0.871847793345018
CASTDWAGSNSEQYF	TRBV5-5*01	3.9e-05	0.7838754911616284
CASSQGGWIGEKLFF	TRBV14*01	3.9e-05	0.8448316771590723
CASSLGGVTYNEQFF	TRBV5-1*01	3.9e-05	0.3676289030795435
CASSPDRGNTEAFF	TRBV18*01	3.9e-05	0.16264479026177298
CASSPPGAADTQYF	TRBV18*01	3.9e-05	0.3966842613903545
CASSFSGRETQYF	TRBV27*01	3.9e-05	0.5789258929489514
CASSEAHVGEQFF	TRBV6-1*01	3.9e-05	0.6526089661718538
CASSQERDQPQHF	TRBV3-1*01	3.9e-05	0.3353983552818952
CSVEGTAGYEQYF	TRBV29-1*01	3.9e-05	0.7014808982331736
CASTERTDEQFF	TRBV10-1*01	3.9e-05	0.345998209211565
CASSELTGSKFF	TRBV10-1*01	3.9e-05	0.6790643719830838
CASSVTTTVSGANVLTF	TRBV9*01	3.9e-05	0.6256080795012827
CASSLGQGWNQPQHF	TRBV5-6*01	3.9e-05	0.19307653436597283
CASSLDRTVNEKLFF	TRBV11-3*01	3.9e-05	0.4156142661217286
CASSQGGQLNTEAFF	TRBV3-1*01	3.9e-05	0.3189236800274942
CASSLVGGAYNEQFF	TRBV5-1*01	3.9e-05	0.17503913846575916
CASSWKVELQETQYF	TRBV5-1*01	3.9e-05	0.9107384947292595
CSASEAVAVYNEQFF	TRBV20-1*04	3.9e-05	0.932193344375424
CASSPVQTYTEAFF	TRBV18*01	3.9e-05	0.5796462023427209
CASHGQGALETQYF	TRBV28*01	3.9e-05	0.7966424389345499
CASSPGLAMETQYF	TRBV28*01	3.9e-05	0.35039826177637073
CASSPTSATDTQYF	TRBV7-3*01	3.9e-05	0.49523248816369836
CASSDSTSGAQYF	TRBV6-4*01	3.9e-05	0.5199844934123299
CASSQERGGSYNEQFF	TRBV4-2*01	3.9e-05	0.23927799386464685
CASSLGLARTGELFF	TRBV6-2*01	3.9e-05	0.47935403895785667
CASIEWGSGANVLTF	TRBV2*01	3.9e-05	0.5484917892413496
CASSRRGTRENEQYF	TRBV13*01	3.9e-05	0.5649908015526929
CASSQGWTDYNEQFF	TRBV14*01	3.9e-05	0.44493311347728415
CASSYAGGGEQYF	TRBV7-3*01	3.9e-05	0.2474260678737568
CSSGGVVNTEAFF	TRBV20-1*01	3.9e-05	0.4145619345859339
CSVTGQSNYGYTF	TRBV29-1*01	3.9e-05	0.48981329214733016
CASSGTGRRYEQYF	TRBV25-1*01	3.9e-05	0.2332139849658059
CASSQEIPRGEQYF	TRBV3-1*01	3.9e-05	0.8058327604741212
CASSDRYTDTQYF	TRBV6-1*01	3.9e-05	0.3233062238449842
CASSQDWGGRGNEQFF	TRBV4-3*01	3.8e-05	0.7883300849624206
CASSYSGTASYEQYF	TRBV6-2*01	3.8e-05	0.4361007383151864
CASSLTRDFQETQYF	TRBV11-3*01	3.8e-05	0.5750612122718403
CASSRRTASPYNSPLHF	TRBV3-1*01	3.8e-05	0.7883336455993758
CASSHPGGGQETQYF	TRBV5-1*01	3.8e-05	0.3873104600104717
CASKPSGVYNEQFF	TRBV6-4*01	3.8e-05	0.5120869977539919
CSAPANSGANVLTF	TRBV20-1*01	3.8e-05	0.8530339938206939
CSVYRDTSTYEQYF	TRBV29-1*01	3.8e-05	0.7844184452351256
CASSPRGEKLFF	TRBV6-6*04	3.8e-05	0.3096319974086059
CASSYSAAASSYNEQFF	TRBV6-5*01	3.8e-05	0.4641977247174153
CASSGSVTVGSNEQFF	TRBV5-1*01	3.8e-05	0.7855376759801755
CATSRDKRIYNEQFF	TRBV15*01	3.8e-05	0.8376977105936906
CASSPGFGTNEKLFF	TRBV18*01	3.8e-05	0.3127547032841684
CASSFTGVAPYGYTF	TRBV11-2*01	3.8e-05	0.6101249648632068
CASSQEGTGISPLHF	TRBV4-3*01	3.8e-05	0.6492412817887856
CASSLAGATGEQFF	TRBV28*01	3.8e-05	0.2396983818444432
CASSLRFGQGHKTGEQFF	TRBV7-6*01	3.8e-05	0.7014439515694478
CASSGGDHLGGVTEAFF	TRBV9*01	3.8e-05	0.6995693620664942
CASSHSGTGGQPQHF	TRBV4-2*01	3.8e-05	0.1729210326316701
CASSATQGSGNTIYF	TRBV5-8*01	3.8e-05	0.24309023588162465
CASSGDRLSYNEQFF	TRBV7-2*01	3.8e-05	0.3766099854756999
CATYRDWDNEQFF	TRBV19*01	3.8e-05	0.9015472920520272
CATGRDRGYEQYF	TRBV6-1*01	3.8e-05	0.32002905788378166
CASSRGGSGELFF	TRBV3-1*01	3.8e-05	0.1247237860269125
CASSRQAEQYF	TRBV7-9*01	3.8e-05	0.41860929590984447
CASSLLDRDPRSYEQYF	TRBV14*01	3.8e-05	0.6215836718840118
CSAGGSGSSLSYNEQFF	TRBV20-1*01	3.8e-05	0.8891961887409707
CASSQGRGGLNNEQFF	TRBV4-3*01	3.8e-05	0.5215201338548152
CASSPRWQEAYEQYF	TRBV18*01	3.8e-05	0.6022908650555185
CASSWRQAFNEKLFF	TRBV28*01	3.8e-05	0.808999494085379
CASSLVRDSYNEQFF	TRBV11-3*01	3.8e-05	0.45713554458931893
CASSLAPGLNSPLHF	TRBV11-2*01	3.8e-05	0.4743484805681331
CASRSETGATEAFF	TRBV3-1*01	3.8e-05	0.21323238635093994
CASKTVFSTDTQYF	TRBV11-1*01	3.8e-05	0.7640620113011366
CAVLEPKRGQPQHF	TRBV7-6*01	3.8e-05	0.9250182331706822
CASTSPGLYGYTF	TRBV9*01	3.8e-05	0.43763180591829637
CASSLLARNEQFF	TRBV7-3*01	3.8e-05	0.6513218773902519
CSARPVSGNTIYF	TRBV20-1*01	3.8e-05	0.9325088190346494
CASSDSINEQFF	TRBV7-6*02	3.8e-05	0.2562166540262799
CSAREAGEQFF	TRBV20-1*01	3.8e-05	0.865056485718754
CAWSGLSSGSTDTQYF	TRBV30*01	3.8e-05	0.4256712607028058
CAISETYGTGEEKLFF	TRBV10-3*01	3.8e-05	0.5848317213122074
CASSLSGGLRVDTQYF	TRBV27*01	3.8e-05	0.6612249799359995
CASNDEGLVPPYEQYF	TRBV7-9*04	3.8e-05	0.9479267628313162
CASSPSVLVGNEQFF	TRBV18*01	3.8e-05	0.7195022864600605
CASSLGAGHNEKLFF	TRBV28*01	3.8e-05	0.17958566375586701
CASSYPRSTNEKLFF	TRBV6-5*01	3.8e-05	0.7560455696939631
CASSLSLADYNEQFF	TRBV7-9*01	3.8e-05	0.3457978790666639
CASSHRLAGDYEQYF	TRBV7-9*01	3.8e-05	0.5230615422101033
CASRGGGRSYNEQFF	TRBV6-1*01	3.8e-05	0.3233784189496904
CASETSGGYNEQFF	TRBV30*01	3.8e-05	0.24097317421593623
CATSDPGGYNEQFF	TRBV24-1*01	3.8e-05	0.4704845593348172
CASSRQVSTDTQYF	TRBV3-1*01	3.8e-05	0.5287180028796827
CSATGLAVSYEQYF	TRBV20-1*04	3.8e-05	0.8464434983833147
CASMKAGGREQYF	TRBV6-1*01	3.8e-05	0.8809220832404713
CASSFKRDTEAFF	TRBV27*01	3.8e-05	0.4490522368574989
CASSLGGPTEAFF	TRBV7-9*01	3.8e-05	0.15573252145967195
CASSNGLSEQFF	TRBV7-6*01	3.8e-05	0.24139382715536759
CASGDYNEQFF	TRBV10-1*01	3.8e-05	0.1808026587119073
CASSLPRGQGALGANVLTF	TRBV11-2*01	3.8e-05	0.7945050531636031
CASKDRSGLAVDTGELFF	TRBV6-1*01	3.8e-05	0.6566718969012353
CASSFSSGKTTQETQYF	TRBV13*01	3.8e-05	0.832568086485423
CASSLEGGTGGDEQYF	TRBV7-3*01	3.8e-05	0.2200010445964577
CASSLNGGPGGDEQFF	TRBV7-2*01	3.8e-05	0.5771485152616439
CASSPSLGRGRTEAFF	TRBV7-9*01	3.8e-05	0.7272182788827292
CASSPTRTSGRTEQYF	TRBV7-9*01	3.8e-05	0.5876996440945714
CSASGRRVSSYNEQFF	TRBV20-1*02	3.8e-05	0.8314938600123017
CASSLWLAGEETQYF	TRBV27*01	3.8e-05	0.5853702613383459
CASSLRDRETDTQYF	TRBV6-2*01	3.8e-05	0.4311725463286364
CASSLRLAGGDEQFF	TRBV7-3*01	3.8e-05	0.4271434906325087
CASRRTSGRVGEQFF	TRBV3-1*01	3.8e-05	0.6506482387082664
CASSLAGTSGDEQFF	TRBV5-1*01	3.8e-05	0.3249483476439744
CASSQELGALRGYTF	TRBV4-1*01	3.8e-05	0.922086018387225
CSARDKVRGSYEQYF	TRBV20-1*01	3.8e-05	0.9875012871778489
CSVETTDVPGYGYTF	TRBV29-1*01	3.8e-05	0.8842906912229498
CATSEPTIYNEQFF	TRBV24-1*01	3.8e-05	0.8477567702300483
CASVTATGSYVQYF	TRBV7-2*01	3.8e-05	0.6915920124046787
CASTLQGGGGELFF	TRBV3-1*01	3.8e-05	0.33591873822494533
CASSLVVGSGEQYF	TRBV5-1*01	3.8e-05	0.5125530576036565
CSAGTFSSYNEQFF	TRBV20-1*01	3.8e-05	0.8388531010647439
CAWSRRTDGELFF	TRBV30*01	3.8e-05	0.6737381047852249
CASSPRQEGEQYF	TRBV18*01	3.8e-05	0.3977877209007677
CASSYSVFETQYF	TRBV6-5*01	3.8e-05	0.7175539282631483
CASSPGGGETQYF	TRBV4-2*01	3.8e-05	0.22559521201499483
CSASPTGGGGYTF	TRBV20-1*02	3.8e-05	0.7879690001079497
CASTGGWNEQFF	TRBV6-6*05	3.8e-05	0.49743080165183595
CASFGGDRGIHFTGELFF	TRBV5-1*01	3.8e-05	0.9348771127509363
CASSVEVALAGDNEQFF	TRBV9*01	3.8e-05	0.7379995678710335
CASSLLAFATNEKLFF	TRBV28*01	3.8e-05	0.4014894763735613
CASSLPRLAGANEQFF	TRBV28*01	3.8e-05	0.6680038951825081
CASSDEAGSSTDTQYF	TRBV6-4*01	3.8e-05	0.2543405453623176
CASSPSGGGSGYGYTF	TRBV5-6*01	3.8e-05	0.17206432213787
CATSRDLEGGTEAFF	TRBV15*01	3.8e-05	0.4838093630992012
CASAQRGGSTDTQYF	TRBV6-2*01	3.8e-05	0.36895008182928474
CASSPILSGANVLTF	TRBV18*01	3.8e-05	0.47830407080692744
CASSYLAGGAGELFF	TRBV6-5*01	3.8e-05	0.48051665539643024
CASSDPGGPTYEQYF	TRBV6-4*01	3.8e-05	0.4426376148316557
CASSLVWALYNEQFF	TRBV5-8*01	3.8e-05	0.9143022288963581
CASSLTSFSGNEQFF	TRBV7-3*01	3.8e-05	0.8058540604443796
CASSLGLAGTDEQYF	TRBV9*01	3.8e-05	0.2686491800405631
CASSPDRVKAEAFF	TRBV18*01	3.8e-05	0.8710819688771991
CASALERANYGYTF	TRBV4-2*01	3.8e-05	0.39442228776223875
CASSPQGLTGELFF	TRBV11-3*01	3.8e-05	0.26568864745030807
CASSQGGTTDTQYF	TRBV4-1*01	3.8e-05	0.24841564847171893
CSASSGTGYNEQFF	TRBV20-1*01	3.8e-05	0.6079081986704432
CSARDRAGLETQYF	TRBV20-1*01	3.8e-05	0.9617535191927399
CSAPQGGGGYEQYF	TRBV20-1*01	3.8e-05	0.7458214762844871
CSARPGGYVGEQYF	TRBV29-1*01	3.8e-05	0.9564054057303535
CASSAGNYNEQFF	TRBV19*01	3.8e-05	0.11918960541711512
CASSLPGSYEQYF	TRBV7-9*01	3.8e-05	0.15944249998150964
CASSLAGRTEAFF	TRBV7-9*01	3.8e-05	0.20831718459857426
CASSVIGYEAFF	TRBV5-6*01	3.8e-05	0.2179839175794082
CASSQTSGEFF	TRBV4-3*01	3.8e-05	0.3692055340301992
CASSSGLAGGYSNTGELFF	TRBV6-5*01	3.8e-05	0.28746980275005113
CASSPRLAGGIGNEQFF	TRBV7-8*03	3.8e-05	0.6650528812406583
CATSDLGQGAEETQYF	TRBV24-1*01	3.8e-05	0.6829801904149864
CASSKFRDRGGTEAFF	TRBV7-6*02	3.8e-05	0.9116926105472478
CATSDLAAGGGELFF	TRBV24-1*01	3.8e-05	0.6625268936165642
CASSRGTGGTGELFF	TRBV19*01	3.8e-05	0.153599627639047
CASSLVYQTNYGYTF	TRBV5-4*01	3.8e-05	0.30834722170324214
CASRVWTSGGNEQFF	TRBV10-1*01	3.8e-05	0.9193242486166694
CASSQQGAAGELFF	TRBV7-2*01	3.8e-05	0.35842761589555056
CAWRRTRLNEQFF	TRBV30*01	3.8e-05	0.9182951120384223
CATSGRMNTEAFF	TRBV15*02	3.8e-05	0.33078856551913904
CASGVDGWNEQFF	TRBV7-2*01	3.8e-05	0.7073123611001499
CASSSTGANVLTF	TRBV10-1*01	3.8e-05	0.12975942957950487
CASSFEAEQYF	TRBV5-5*01	3.8e-05	0.47008215688902616
CAISAPGQGASGANVLTF	TRBV10-3*01	3.8e-05	0.5929820190020194
CASSPGLAGTGTDTQYF	TRBV18*01	3.8e-05	0.21855055689478506
CSGARDRGFTSDYEQYF	TRBV29-1*01	3.8e-05	0.8801175568099898
CASSLLSVANTGELFF	TRBV6-5*01	3.8e-05	0.38651615089370805
CASSLEGLAGGVEQFF	TRBV5-4*01	3.8e-05	0.4741397973961598
CASSLEKNLRLYGYTF	TRBV11-2*01	3.8e-05	0.7885056378030847
CASSPGTSGRGETQYF	TRBV5-1*01	3.8e-05	0.45920846945256644
CASSGPGLAATDTQYF	TRBV5-1*01	3.8e-05	0.4648923744831545
CSADTGTISEKLFF	TRBV20-1*01	3.8e-05	0.9089129461399825
CSAPKQESSSPLHF	TRBV20-1*01	3.8e-05	0.9852802960798298
CASSQDMNTEAFF	TRBV14*01	3.8e-05	0.20759157800291023
CASSVGLTDTQYF	TRBV9*01	3.8e-05	0.2327580343875862
CASSISGSYEQYF	TRBV7-3*01	3.8e-05	0.1981540525297365
CSAAIGDAGELFF	TRBV20-1*01	3.8e-05	0.9095661540442669
CASSPLRAGTSGGMGTDTQYF	TRBV18*01	3.8e-05	0.7408862642928616
CASSQETSGSYNEQFF	TRBV4-3*01	3.8e-05	0.3319255069741042
CSARPRGAPYQETQYF	TRBV20-1*01	3.8e-05	0.9679595522299898
CASSPDEGADEKLFF	TRBV18*01	3.8e-05	0.4772560862027458
CASHSYRQRKNIQYF	TRBV19*01	3.8e-05	0.9080549424123205
CASTPLAGVGGTQYF	TRBV7-9*05	3.8e-05	0.721401681896449
CASSWGQGEGEKLFF	TRBV5-1*01	3.8e-05	0.46991831081916613
CASSHEAGGAGELFF	TRBV4-3*01	3.8e-05	0.49359709382843403
CAISEQGRTDTQYF	TRBV10-3*01	3.8e-05	0.6224041408025284
CASSLVGAGTEAFF	TRBV11-1*01	3.8e-05	0.1863811837541756
CATKSSSQGREFF	TRBV24-1*01	3.8e-05	0.9240265633188492
CASSIGHLNEQFF	TRBV19*01	3.8e-05	0.7048082780841971
CASSLGDYGYTF	TRBV7-9*01	3.8e-05	0.08357414064264052
CASSSNGAPEYF	TRBV7-3*01	3.8e-05	0.49358252661277
CASFLISGEQFF	TRBV5-1*01	3.8e-05	0.7441331323743088
CASSARAGGPWSYNEQFF	TRBV6-4*01	3.8e-05	0.8051255370049254
CASSPRTGGNSGELFF	TRBV7-6*01	3.8e-05	0.3358108860169969
CASSSGRYFNYGYTF	TRBV5-5*01	3.7e-05	0.61337128354973
CASSPDSAQPQHF	TRBV9*01	3.7e-05	0.35022426917834126
CASSDMASGRNEQFF	TRBV6-4*01	3.7e-05	0.7160320799403468
CASSSWGQPTSGTANTGELFF	TRBV7-7*01	3.7e-05	0.6147636449653865
CSARSITGRFYEQYF	TRBV20-1*04	3.7e-05	0.942566624872991
CASSFMAAYNEQFF	TRBV28*01	3.7e-05	0.6034889732542257
CASSPLDTQYF	TRBV2*01	3.7e-05	0.2698023699211534
CASSIVSGSRNEQFF	TRBV19*01	3.7e-05	0.6392857642776564
CASSFAGGDNQPQHF	TRBV6-5*01	3.7e-05	0.16021348149810896
CASSDQQGSREKLFF	TRBV6-1*01	3.7e-05	0.4968643636809177
CASSLIQGAAGELFF	TRBV5-1*01	3.7e-05	0.5425233289173002
CASSLVGRTDTQYF	TRBV28*01	3.7e-05	0.3313195702881417
CASSLTGDQPQHF	TRBV7-3*01	3.7e-05	0.09348987823585435
CASSQLTNTEAFF	TRBV3-1*01	3.7e-05	0.15403632643481283
CAISEEGDEQFF	TRBV10-3*01	3.7e-05	0.7064548493610531
CASSFGLAVYTDTQYF	TRBV28*01	3.7e-05	0.4050094720916952
CASSLGGGGRREKLFF	TRBV7-9*01	3.7e-05	0.2917612281892605
CASRPPGAGASYEQYF	TRBV7-9*01	3.7e-05	0.40984963569652033
CASSLGAGVGNTIYF	TRBV4-1*01	3.7e-05	0.20865211616501841
CASSQGDRINQPQHF	TRBV4-1*01	3.7e-05	0.322472692014109
CAWGIHGGNEKLFF	TRBV30*05	3.7e-05	0.8078801122141511
CASSPPGGSYEQYF	TRBV18*01	3.7e-05	0.23583588345648937
CASSLAGGRNEQFF	TRBV27*01	3.7e-05	0.22154314306408765
CASSLGGSTDTQYF	TRBV27*01	3.7e-05	0.13105097186743195
CASSLVLEYQPQHF	TRBV7-8*01	3.7e-05	0.45575267107611517
CSVDQAGFYGYTF	TRBV29-1*01	3.7e-05	0.8009387418408479
CASRTSNNEQFF	TRBV18*01	3.7e-05	0.25103415756022773
CASSDGADTQYF	TRBV6-1*01	3.7e-05	0.21412171273767444
CASSPLGLMETEAFF	TRBV18*01	3.7e-05	0.5244242499213986
CASSFPGQAFRGQYF	TRBV7-8*01	3.7e-05	0.9813844453984261
CASSLGLRRGNEQFF	TRBV7-2*01	3.7e-05	0.7655912576663132
CAIRQDRSGNTIYF	TRBV10-3*01	3.7e-05	0.5254634639437339
CASSREDRNEKLFF	TRBV4-1*01	3.7e-05	0.3792981343397583
CASSLLWNTEAFF	TRBV19*01	3.7e-05	0.41803915446692164
CASSLAGSREAFF	TRBV5-1*01	3.7e-05	0.2941194550978141
CSARDNPGNEQFF	TRBV20-1*01	3.7e-05	0.9658914848416102
CASSPPRDRGVGMFVGPQHF	TRBV28*01	3.7e-05	0.9213272780802771
CATSDVGFTGTGELFF	TRBV24-1*01	3.7e-05	0.7412865972877096
CASTDPGLAGLNEQFF	TRBV28*01	3.7e-05	0.6972738881651873
CASSQDLAGGLCIQYF	TRBV3-1*01	3.7e-05	0.9777051059376899
CASRHPRAGGTDTQYF	TRBV6-6*01	3.7e-05	0.8393662677654873
CASSQAPASLNTEAFF	TRBV4-1*01	3.7e-05	0.7735530929612081
CASSQDRQGASHEQFF	TRBV4-1*01	3.7e-05	0.48255327016502575
CASSQETGGSNQPQHF	TRBV4-1*01	3.7e-05	0.1535545803142043
CSASHGAGGTPDTQYF	TRBV20-1*02	3.7e-05	0.9080306743097746
CASTPGGSYTGELFF	TRBV7-9*05	3.7e-05	0.46770343002480663
CASSVGDFGVYEQYF	TRBV9*01	3.7e-05	0.5791011349788852
CSARDSLAVGDTQYF	TRBV20-1*01	3.7e-05	0.9670047578581398
CATSSLVLLDEQFF	TRBV15*02	3.7e-05	0.762542590437877
CASSMDWKYNEQFF	TRBV6-1*01	3.7e-05	0.885469454737525
CASSEEQGNQPQHF	TRBV2*01	3.7e-05	0.10954678201861744
CASSLQGGTGELFF	TRBV11-3*01	3.7e-05	0.11748568519817919
CASRRGPVNEQFF	TRBV19*01	3.7e-05	0.7500950312801659
CASSLGFGTEAFF	TRBV27*01	3.7e-05	0.13523517569313348
CASSHLGGIGPYF	TRBV4-2*01	3.7e-05	0.7167772814178857
CASRRDTTDTQYF	TRBV6-2*01	3.7e-05	0.4175708828792389
CAWSRNTGELFF	TRBV30*01	3.7e-05	0.24681778116345535
CASSQAVGSAFF	TRBV4-1*01	3.7e-05	0.7433758513213481
CASSDGMGELFF	TRBV5-1*01	3.7e-05	0.4196461225673757
CSAPIGGRKAFF	TRBV20-1*01	3.7e-05	0.9545829944382049
CATWYADTQYF	TRBV6-4*01	3.7e-05	0.7781217484027922
CASRYHNEQFF	TRBV2*02	3.7e-05	0.5807355428946704
CASSPGGSGIPSTDTQYF	TRBV7-9*04	3.7e-05	0.655835010617293
CASSVSGRAGGGADTQYF	TRBV9*01	3.7e-05	0.5126260940148956
CASSPLDSLSGANVLTF	TRBV18*01	3.7e-05	0.7248505906120284
CASSGTGSNQDQETQYF	TRBV2*01	3.7e-05	0.4469416236875773
CASSLANLVATNEKLFF	TRBV7-9*01	3.7e-05	0.6630676782753504
CSARDPSGVGPSETQYF	TRBV20-1*01	3.7e-05	0.9743925110913604
CASSLNGLLVPEKLFF	TRBV27*01	3.7e-05	0.7327551579249385
CASSFYLAGGMSEQFF	TRBV7-3*01	3.7e-05	0.9222056131930924
CASSQGRSNYNSPLHF	TRBV4-1*01	3.7e-05	0.4033390891774984
CSARDRLAGEAETQYF	TRBV20-1*01	3.7e-05	0.9142949056729428
CASVSLLPQRVEQFF	TRBV6-2*01	3.7e-05	0.9324042181118771
CASSFGGAGANVLTF	TRBV27*01	3.7e-05	0.1570887672054885
CASSFSGVDQETQYF	TRBV27*01	3.7e-05	0.6119738106724474
CASSLDRALIEGYTF	TRBV5-6*01	3.7e-05	0.6484879973614484
CASSSGALTQETQYF	TRBV11-3*01	3.7e-05	0.5996880693934574
CASSAGGQGGEGYTF	TRBV9*03	3.7e-05	0.2883042063310098
CASSLAVGTVNIQYF	TRBV5-1*01	3.7e-05	0.769617501849964
CASSWGGVGNIQYF	TRBV27*01	3.7e-05	0.62090387472523
CASSDSGDTGELFF	TRBV6-4*01	3.7e-05	0.12670067891034825
CAWSPTSYNEQFF	TRBV30*01	3.7e-05	0.5611247679196364
CASRGQGTEKLFF	TRBV11-3*01	3.7e-05	0.22625936047758552
CASIAEDGNEQFF	TRBV19*01	3.7e-05	0.7877251963217743
CASSRGLRDTQYF	TRBV6-1*01	3.7e-05	0.4616124384798896
CASSLSPSEPQFF	TRBV5-1*01	3.7e-05	0.7176085995439642
CASSFGAGELFF	TRBV11-3*01	3.7e-05	0.1699492007603126
CASSLVGDEQYF	TRBV11-3*01	3.7e-05	0.2728217822738949
CASSTAYEQYF	TRBV5-8*01	3.7e-05	0.18654757005083075
CSAMTSNEQYF	TRBV29-1*01	3.7e-05	0.9366893016498764
CASSLRGARARYGETQYF	TRBV27*01	3.7e-05	0.8412485605007493
CASSPRSGQTSNQPQHF	TRBV5-8*01	3.7e-05	0.38475839506263954
CASSPELINTGELFF	TRBV18*01	3.7e-05	0.3971743510605427
CASTPFGRTNYGYTF	TRBV12-3*01	3.7e-05	0.7005533309978452
CASSLRLAGTETQYF	TRBV28*01	3.7e-05	0.3215642001602366
CASSYSAGFGTEAFF	TRBV6-5*01	3.7e-05	0.5918784457272375
CASSLVGSAPYGYTF	TRBV5-6*01	3.7e-05	0.3371284975724901
CASSLLAGDNIEQFF	TRBV7-3*01	3.7e-05	0.5349724128893321
CASSTRPPWANVLTF	TRBV5-5*01	3.7e-05	0.7562839402121971
CATSRDRGAAEAFF	TRBV15*01	3.7e-05	0.6063266237607354
CASSYTGGVNEQFF	TRBV19*03	3.7e-05	0.3816906808646005
CASSQDKPVDTQYF	TRBV4-2*01	3.7e-05	0.8797143807500848
CASSVGQKKAEAFF	TRBV7-9*04	3.7e-05	0.8707662560718534
CASSADQRGETQYF	TRBV10-1*01	3.7e-05	0.3866022276836019
CSATYGPRRETQYF	TRBV20-1*01	3.7e-05	0.9898259397442646
CATQGPLWGEQFF	TRBV19*01	3.7e-05	0.9534985407812091
CATSRGWSSFSYEQYF	TRBV15*01	3.7e-05	0.8824543557720677
CASSYPGTRGTDTQYF	TRBV7-3*01	3.7e-05	0.7981189833986785
CASSLHGTSGYIEQFF	TRBV3-1*01	3.7e-05	0.5952715297897256
CASSALAGGFQETQYF	TRBV7-2*01	3.7e-05	0.5165735428644981
CASSDQAGVIETQYF	TRBV6-1*01	3.7e-05	0.8219845940211868
CASSERGAGAYEQYF	TRBV2*01	3.7e-05	0.18224443690153544
CASSLGTSGEYEQYF	TRBV7-7*01	3.7e-05	0.12749278881660372
CASSQRGQTNEKLFF	TRBV7-2*01	3.7e-05	0.2824861793639961
CASSVDYGGGYGYTF	TRBV9*01	3.7e-05	0.1728290713565942
CASSLGQGNTGELFF	TRBV5-1*01	3.7e-05	0.12392610206048646
CSAMTSGRNYNEQFF	TRBV20-1*04	3.7e-05	0.9512892794190536
CATSDTGSTDTQYF	TRBV24-1*01	3.7e-05	0.3032388153510437
CASVPGGFTAEAFF	TRBV11-3*01	3.7e-05	0.8963932152758017
CASSWQGGLYEQYF	TRBV5-8*01	3.7e-05	0.3712947316820775
CASSSGGSNQPQHF	TRBV5-6*01	3.7e-05	0.10163023185416267
CSARLAGGQETQYF	TRBV20-1*04	3.7e-05	0.9000650444202785
CSVAGGNLGDTQYF	TRBV29-1*01	3.7e-05	0.93909088466865
CASSPPGTAEQYF	TRBV7-3*01	3.7e-05	0.7476743425037483
CASSYWGTDTQYF	TRBV5-1*01	3.7e-05	0.5728310441563925
CASSEADLLSF	TRBV6-1*01	3.7e-05	0.9126399202554557
CSATRETQYF	TRBV20-1*01	3.7e-05	0.8868556365395958
CASSPPAETGPDNEQFF	TRBV6-6*04	3.7e-05	0.8400103287907404
CASRPSSGGQTGELFF	TRBV19*03	3.7e-05	0.3491341234645229
CASSEDSSGANVLTF	TRBV6-1*01	3.7e-05	0.15522366708961982
CASSYLDGDNQPQHF	TRBV6-2*01	3.7e-05	0.3004278318411139
CASSESGVRADTQYF	TRBV10-2*01	3.7e-05	0.6986861926256377
CASSQGRGQFF	TRBV6-6*04	3.7e-05	0.441256744423795
CASSYSRGGRAVHNEQFF	TRBV6-2*01	3.7e-05	0.8088588352118338
CSAPGTSGSSYNEQFF	TRBV20-1*01	3.7e-05	0.7966740706396895
CASSDPTGLMDTQYF	TRBV6-4*01	3.7e-05	0.6149147611452973
CASSFSDGLYSPLHF	TRBV5-5*01	3.7e-05	0.6908381937442
CSVKSGNQPQHF	TRBV29-1*01	3.6e-05	0.48736260694519656
CASSSRGAGGLPQETQYF	TRBV13*01	3.6e-05	0.5855431285737943
CAIGGGTGPYSNQPQHF	TRBV10-3*01	3.6e-05	0.4886701095938161
CATSDFNRGDSTDTQYF	TRBV24-1*01	3.6e-05	0.6864792557784747
CASSGTGTGGNQPQHF	TRBV5-6*01	3.6e-05	0.1335389495107346
CASSYSEEPTDTQYF	TRBV6-2*01	3.6e-05	0.7862919296651623
CASSVGDRSSYEQYF	TRBV9*01	3.6e-05	0.2525739798845632
CASSERGTGNTIYF	TRBV25-1*01	3.6e-05	0.1463900692315642
CASSEAGYTLNEKLFF	TRBV6-1*01	3.6e-05	0.5750393058567539
CASSSGGESGSPLHF	TRBV7-9*01	3.6e-05	0.6357937339633677
CASSPRQRLRGEAFF	TRBV2*01	3.6e-05	0.9235783843086541
CSAPGLAVNTGELFF	TRBV20-1*01	3.6e-05	0.8429593859901411
CAISGLAPQETQYF	TRBV10-3*01	3.6e-05	0.7652802678185716
CASGPRGGYNEQFF	TRBV27*01	3.6e-05	0.4977449778626635
CASSRAESSRELFF	TRBV4-2*01	3.6e-05	0.5165726832678929
CASSQGGWDQPQHF	TRBV13*01	3.6e-05	0.35585038962023974
CASSLAVRNTQYF	TRBV27*01	3.6e-05	0.7274694050064304
CASSVDWGNEQFF	TRBV2*01	3.6e-05	0.41975019355954224
CAWSPGLAGHTDTQYF	TRBV30*01	3.6e-05	0.7465297010919358
CATSPFRDRGSHEQYF	TRBV15*02	3.6e-05	0.955840957418305
CASSRGSRRGNTEAFF	TRBV28*01	3.6e-05	0.34829629272708473
CASSLVGSFLQETQYF	TRBV7-6*01	3.6e-05	0.6926952243567261
CASSQEQGDGTDTQYF	TRBV4-2*01	3.6e-05	0.3439190842704325
CASSESSGSYTGELFF	TRBV11-3*02	3.6e-05	0.21302938631158813
CAWSVLAGGYNEQFF	TRBV30*01	3.6e-05	0.7916257559431312
CAISEKGFTDTQYF	TRBV10-3*01	3.6e-05	0.8087459229553772
CASRLDRGNEKLFF	TRBV7-9*01	3.6e-05	0.5311619048424218
CASRPRPSYNEQFF	TRBV11-2*01	3.6e-05	0.6021306177957495
CSARPEGAGDGYTF	TRBV20-1*01	3.6e-05	0.9264512958784162
CAWSVRSPETQYF	TRBV30*01	3.6e-05	0.8352501087485319
CASSPSPGDTQYF	TRBV28*01	3.6e-05	0.4261859972835463
CASSPHPYNEQFF	TRBV5-1*01	3.6e-05	0.5848951878300422
CSARSRSEQFF	TRBV20-1*05	3.6e-05	0.9053561752880773
CASSGRTSGGTLSSYNEQFF	TRBV28*01	3.6e-05	0.5723925620560298
CASSLARAGGSSYNEQFF	TRBV5-1*01	3.6e-05	0.436589872085803
CASSPIRGTINLYNEQFF	TRBV5-1*01	3.6e-05	0.8605299255425999
CSAEGLTGELLYNSPLHF	TRBV20-1*01	3.6e-05	0.9413254234911135
CASSPSGGPGAGETQYF	TRBV19*01	3.6e-05	0.43887796227653625
CASSPPGQGGTGELFF	TRBV11-2*01	3.6e-05	0.3465890524538194
CASSLGGGGITGELFF	TRBV7-2*01	3.6e-05	0.2800661835128374
CSARRPGTGINQPQHF	TRBV20-1*01	3.6e-05	0.883408238968803
CASSIDRSSGNTIYF	TRBV19*01	3.6e-05	0.16535362679815857
CASSQEGRPNTEAFF	TRBV3-1*01	3.6e-05	0.3801983798220307
CASSVGSGDNQPQHF	TRBV9*01	3.6e-05	0.15010281029517533
CASSQSSGRSNEQFF	TRBV4-1*01	3.6e-05	0.35797849532867393
CASSQVLGGTDTQYF	TRBV4-3*01	3.6e-05	0.3878582249825619
CASSIRRLGTEAFF	TRBV19*01	3.6e-05	0.7702519578649988
CASSLTLGGNEQFF	TRBV28*01	3.6e-05	0.5739029892770307
CASSLEGGDYEQYF	TRBV5-1*01	3.6e-05	0.11645485377682367
CAISKREAYEQYF	TRBV10-3*01	3.6e-05	0.3487036119247594
CASSRGGDNEQFF	TRBV2*01	3.6e-05	0.26505982136878314
CASSLGQDYEQYF	TRBV11-2*01	3.6e-05	0.11010899798682827
CASSLGDHTEAFF	TRBV7-9*01	3.6e-05	0.35380887950114526
CASSRQGYEQYF	TRBV7-8*03	3.6e-05	0.10486477967592148
CASSTQGEASSYNEQFF	TRBV13*01	3.6e-05	0.349107685008176
CATSDAGQGITGELFF	TRBV24-1*01	3.6e-05	0.5654852053600278
CASSPEGGLSNQPQHF	TRBV18*01	3.6e-05	0.35109938268886237
CASSRRSIASNEKLFF	TRBV18*01	3.6e-05	0.45668441987668856
CASSPTDRISTDTQYF	TRBV28*01	3.6e-05	0.6884587966284373
CASSPTRQSSGNTIYF	TRBV6-6*04	3.6e-05	0.3719208739374765
CASSLWEGTAIYEQYF	TRBV7-9*01	3.6e-05	0.6738339517484846
CASSAAPHPSYYGYTF	TRBV9*03	3.6e-05	0.665787383844507
CASSSLAGGSQETQYF	TRBV7-2*01	3.6e-05	0.3546296726406163
CASPLTDREGTGELFF	TRBV10-1*01	3.6e-05	0.7168039252924636
CARTGTAANTGELFF	TRBV30*01	3.6e-05	0.5451155813048375
CASSIGTSGQETQYF	TRBV19*01	3.6e-05	0.38005155714571154
CASSPGGRSTDTQYF	TRBV18*01	3.6e-05	0.26089954650243546
CASSLSGISVETQYF	TRBV27*01	3.6e-05	0.6092988060726665
CASSFPGDSPGELFF	TRBV7-3*01	3.6e-05	0.6638440650183279
CASSLVSREGEKLFF	TRBV7-9*01	3.6e-05	0.6277765624044562
CASSLGTDSYNEQFF	TRBV7-9*04	3.6e-05	0.2169669104609685
CASSQDGGYGNTIYF	TRBV4-1*01	3.6e-05	0.42471876405956477
CAIRTGDEYNEQFF	TRBV10-3*01	3.6e-05	0.6991468622181863
CATRTSGYQETQYF	TRBV19*01	3.6e-05	0.7423910775828577
CATRQGSNTGELFF	TRBV15*02	3.6e-05	0.46141913774406745
CASSYSEENTEAFF	TRBV6-5*01	3.6e-05	0.29903815569223147
CASSLVGGDQPQHF	TRBV5-8*01	3.6e-05	0.12187470086191553
CASSLRDSLYGYTF	TRBV3-1*01	3.6e-05	0.32496050722481196
CASRSTDRADEQYF	TRBV7-9*01	3.6e-05	0.5019586991906594
CSVGLAGGGNEQFF	TRBV29-1*01	3.6e-05	0.8295090284697181
CASSRGQQETQYF	TRBV18*01	3.6e-05	0.38308312878665074
CASSFGGSEKLFF	TRBV7-8*01	3.6e-05	0.19247820161946208
CASSLQKLGGYTF	TRBV7-2*01	3.6e-05	0.5157150853090654
CATSDSGETQYF	TRBV24-1*01	3.6e-05	0.38479117212625025
CATRGVTDTQYF	TRBV24-1*01	3.6e-05	0.5681411885563096
CASSLQGVGQYF	TRBV7-9*01	3.6e-05	0.5295128828835175
CASSLVGSTFF	TRBV7-2*01	3.6e-05	0.45626091819676695
CASSEGNEQFF	TRBV6-6*05	3.6e-05	0.1688285793810839
CASSFEGTQYF	TRBV5-1*01	3.6e-05	0.36472927563294416
CASSDKREGRDINTQYF	TRBV6-4*01	3.6e-05	0.7907247319794786
CASSQGAGAGGYSEQFF	TRBV4-2*01	3.6e-05	0.2313128047639776
CASSASPGLAAYNEQFF	TRBV7-3*01	3.6e-05	0.5422912115386387
CAWSEGRGPETDTQYF	TRBV30*01	3.6e-05	0.7694605888038648
CASSTPGLAGFNEQFF	TRBV19*01	3.6e-05	0.6990664671095266
CASSFGSGNQADTQYF	TRBV27*01	3.6e-05	0.3752697101267108
CASSAFSGGEQETQYF	TRBV6-1*01	3.6e-05	0.6094931653404109
CASSFGGGAREDTQYF	TRBV11-1*01	3.6e-05	0.49930113972040246
CASSPGRGQGADTQYF	TRBV4-1*01	3.6e-05	0.26805386310049517
CASSLHGRTGETQYF	TRBV7-9*01	3.6e-05	0.5556651251834811
CASSPTTGGDNEQFF	TRBV11-2*01	3.6e-05	0.5145165829084247
CASSQERGGQETQYF	TRBV4-2*01	3.6e-05	0.27703237509944195
CASSVVAGAGDTQYF	TRBV9*01	3.6e-05	0.5203962924018666
CASSQAGPRNSPLHF	TRBV4-3*01	3.6e-05	0.6535454195590538
CASSLRAGGQPQHF	TRBV12-3*01	3.6e-05	0.15620909155799836
CASSPMTGGYEQFF	TRBV7-7*02	3.6e-05	0.45750832169524686
CASTSERSYEQYF	TRBV6-4*01	3.6e-05	0.19150428748271547
CASSLGPQREQFF	TRBV27*01	3.6e-05	0.5675079651987721
CAIKETGGIRFF	TRBV10-3*01	3.6e-05	0.99215856631626
CASSERDRDSYF	TRBV6-1*01	3.6e-05	0.6566222414062702
CASSRGQVQLFF	TRBV6-2*01	3.6e-05	0.5552159957181839
CASSYLLASGRAIEQFF	TRBV6-2*01	3.6e-05	0.9138814034381008
CATSDRVGGNGTEAFF	TRBV24-1*01	3.6e-05	0.6191150595437165
CASSSPTGAGNEKLFF	TRBV7-8*01	3.6e-05	0.3045577668930525
CASSLGKGAQTGELFF	TRBV11-1*01	3.6e-05	0.4783745437256352
CASSVASGLAGDTQYF	TRBV9*01	3.6e-05	0.48705506585242375
CASSVGVGASNQPQHF	TRBV9*01	3.6e-05	0.2931476677284222
CASSLLPQVGNTEAFF	TRBV5-1*01	3.6e-05	0.704010954122687
CASSPPKGGRNEQFF	TRBV18*01	3.6e-05	0.7723413178814117
CASSNQGEYNSPLHF	TRBV18*01	3.6e-05	0.5382103781717402
CASTQGQGSYNEQFF	TRBV7-3*01	3.6e-05	0.268243730659937
CASSLGGGAQETQYF	TRBV27*01	3.6e-05	0.356336189642848
CASSYLGGPINEQFF	TRBV27*01	3.6e-05	0.8098601074470436
CASSAGQGDYNEQFF	TRBV6-4*01	3.6e-05	0.15259915117622927
CASSFSGAAYNEQFF	TRBV7-2*01	3.6e-05	0.37675792410842834
CASSLVGPGDSPLHF	TRBV11-2*01	3.6e-05	0.5051597443634697
CASSPRPERQNTQYF	TRBV9*01	3.6e-05	0.7442583788234435
CASSPGTANYEKLFF	TRBV5-1*01	3.6e-05	0.3608332330044228
CASSRRTGEGNEQFF	TRBV5-1*01	3.6e-05	0.5767726935224368
CSARPSGGSSYEQYF	TRBV20-1*01	3.6e-05	0.8506409691914055
CASSLQVASYEQYF	TRBV5-8*01	3.6e-05	0.3555453070366185
CASSWTPTNYGYTF	TRBV6-6*05	3.6e-05	0.5035319634887944
CASSHGQGADEQFF	TRBV14*01	3.6e-05	0.5388932636556703
CASSGGQGGTEAFF	TRBV7-9*04	3.6e-05	0.11084328146294588
CASRPWGGREKLFF	TRBV6-1*01	3.6e-05	0.6120849690256555
CASSPDRGLYGYTF	TRBV10-2*01	3.6e-05	0.23217232452089542
CSAKGDSGEVEQFF	TRBV20-1*01	3.6e-05	0.9660031281260113
CASSGTSYNEQFF	TRBV6-4*01	3.6e-05	0.12475481426252127
CASSPAMNTEAFF	TRBV7-3*01	3.6e-05	0.25676287265822617
CASSSRDTQYF	TRBV27*01	3.6e-05	0.14595659557229002
CASSSLTRTEGMETQYF	TRBV6-6*05	3.6e-05	0.6316449247471988
CASSLDFAGGEKLFF	TRBV7-9*01	3.6e-05	0.23111124728391896
CASSMGQGPPYEQYF	TRBV3-1*01	3.6e-05	0.5669942648769317
CASHDRGTPGAQYF	TRBV5-1*01	3.6e-05	0.9298056219520902
CAISGEGRNEQFF	TRBV10-3*01	3.6e-05	0.6101427584898884
CSGLGDTGELFF	TRBV29-1*01	3.6e-05	0.6492247761256474
CASRFDSGRLIYEQYF	TRBV28*01	3.6e-05	0.8132591184208667
CASSSLGGGRKDTQYF	TRBV28*01	3.6e-05	0.5383307704278936
CASSTSIGAKNIQYF	TRBV6-6*03	3.6e-05	0.6742897855530727
CASSLTQGGEKLFF	TRBV7-9*01	3.6e-05	0.3235540384045662
CASSARRGGKLFF	TRBV6-4*01	3.6e-05	0.5114344981990523
CSARVFRGEQFF	TRBV20-1*01	3.6e-05	0.9888835081794775
CASSYRTGGENIQYF	TRBV6-5*01	3.6e-05	0.6381548971713753
CSARTGHNEQFF	TRBV20-1*01	3.5e-05	0.8987899448708697
CASSVAGNNYGYTF	TRBV9*01	3.5e-05	0.250123219318102
CASSYGSGQTYEQYF	TRBV11-3*01	3.5e-05	0.4200003908853892
CASSPPGEARNTGELFF	TRBV28*01	3.5e-05	0.6617926809427351
CAGGGVNTEAFF	TRBV7-9*01	3.5e-05	0.16584679685354628
CASSVPVAGTSGTYEQYF	TRBV7-8*01	3.5e-05	0.3477075891665308
CSVEVRGGAGLNPYEQYF	TRBV29-1*01	3.5e-05	0.897570855864111
CSARDRGRENTGELFF	TRBV20-1*01	3.5e-05	0.9349250116087131
CATSDSAVGTHTQYF	TRBV24-1*01	3.5e-05	0.8785399862180963
CASSPTGVMNTEAFF	TRBV6-6*04	3.5e-05	0.28190691159425546
CASSDSSRPTDTQYF	TRBV6-4*01	3.5e-05	0.5161250137337687
CASSLTRDSYNEQFF	TRBV7-3*01	3.5e-05	0.40582232309123484
CASSLTGGEVEKLFF	TRBV2*01	3.5e-05	0.30964137492935956
CASSPDIYGNQPQHF	TRBV11-2*01	3.5e-05	0.4295883591255674
CASSFRDRTGNEQFF	TRBV4-1*01	3.5e-05	0.5767123177793574
CATSPGPPGEQFF	TRBV24-1*01	3.5e-05	0.8745281381699096
CASSFQNNEKLFF	TRBV11-2*01	3.5e-05	0.30343001976343814
CASSLTDGQPQHF	TRBV7-7*01	3.5e-05	0.18224811447737774
CASSFQLLPPSLAGLDQNTQYF	TRBV28*01	3.5e-05	0.9784532843614745
CASSSPRNGESTEAFF	TRBV13*01	3.5e-05	0.5857341766055869
CATSPGTGVSYEQYF	TRBV28*01	3.5e-05	0.40018984672849767
CASTPLAGGPVEQFF	TRBV19*01	3.5e-05	0.7984763156269746
CASSSGTGGIYGYTF	TRBV5-5*01	3.5e-05	0.22430657145834365
CASSLHTQGYNEQFF	TRBV7-9*01	3.5e-05	0.7965479082108126
CASSTQGQYNQPQHF	TRBV9*01	3.5e-05	0.3131321478596229
CASTIQQPTGELFF	TRBV19*01	3.5e-05	0.7242870423356927
CASIAGGGANVLTF	TRBV6-1*01	3.5e-05	0.42302629848816203
CAWSSRIQETQYF	TRBV30*01	3.5e-05	0.6342223232405619
CASSLNTGELFF	TRBV9*01	3.5e-05	0.09951519983630741
CASSYYELIARTSRRRSSYEQYF	TRBV7-8*01	3.5e-05	0.9177949240386652
CASSPRTSGSVGETQYF	TRBV7-7*01	3.5e-05	0.4956311503311248
CSVEIGARAFMNTEAFF	TRBV29-1*01	3.5e-05	0.7791251256260577
CASSYSGSSGANVLTF	TRBV6-5*01	3.5e-05	0.3168596482897754
CASSQDAGSLSDTQYF	TRBV3-1*01	3.5e-05	0.6786096824213703
CAWSPASGGADTQYF	TRBV30*01	3.5e-05	0.6730789673408378
CASSTEGQSYNEQFF	TRBV7-8*01	3.5e-05	0.3039799409806753
CASSATSGGLDTQYF	TRBV6-1*01	3.5e-05	0.19892944470247367
CASSSPDWNTGELFF	TRBV11-1*01	3.5e-05	0.4632315194858382
CASSPRTGNTGELFF	TRBV7-7*01	3.5e-05	0.20443428909286404
CSAKDRESPDGKLFF	TRBV20-1*01	3.5e-05	0.9918878395009388
CASSYGQPGYEQYF	TRBV6-2*01	3.5e-05	0.5036598833402482
CASSLLAGKDTQYF	TRBV7-8*01	3.5e-05	0.37881782639349604
CASSAGDYQETQYF	TRBV9*03	3.5e-05	0.4875231997126943
CASSLDYSNQPQHF	TRBV4-1*01	3.5e-05	0.18756211538117443
CSPYPEQIIYGYTF	TRBV20-1*01	3.5e-05	0.9730465004977158
CSVELDSLSYEQYF	TRBV29-1*02	3.5e-05	0.8646266919444638
CASTNSGVDTQYF	TRBV6-1*01	3.5e-05	0.5229623657121547
CASRQGGTGELFF	TRBV4-3*01	3.5e-05	0.12814590682402824
CSVRDRVYNEQFF	TRBV29-1*01	3.5e-05	0.916155135350669
CASTTTNEKLFF	TRBV6-1*01	3.5e-05	0.266972573902182
CASSDGYNEQFF	TRBV2*01	3.5e-05	0.19739561232493696
CASPSSDEQFF	TRBV9*01	3.5e-05	0.27259996676169285
CSARDGDEQFF	TRBV20-1*01	3.5e-05	0.8077425829760634
CATSDPSGQLLAGETQYF	TRBV24-1*01	3.5e-05	0.7883884221670107
CATSRENGAGLGPPLQFF	TRBV15*01	3.5e-05	0.970721363944079
CASSSEVAGRGNTGELFF	TRBV3-2*02	3.5e-05	0.5815503520456334
CASSPPRSGKGTGELFF	TRBV18*01	3.5e-05	0.619827969539048
CASSPMGLAGSQETQYF	TRBV27*01	3.5e-05	0.5716026139556587
CASSRYLSGVNQETQYF	TRBV3-1*01	3.5e-05	0.8209750207434892
CASSISLESSYNEQFF	TRBV19*01	3.5e-05	0.5231904180109299
CASSEAGRGAGDTQYF	TRBV2*01	3.5e-05	0.3059837184801106
CASSEEKGLLTGELFF	TRBV2*01	3.5e-05	0.5642934277904821
CASSLVGGRVTYEQYF	TRBV7-9*01	3.5e-05	0.45557102024103413
CASSSPAGTSPYEQYF	TRBV13*01	3.5e-05	0.44655054843723024
CASSVERGGAKNIQYF	TRBV9*01	3.5e-05	0.6632278136073346
CASSLETGSGANVLTF	TRBV5-1*01	3.5e-05	0.2102694462266032
CSAPGGAGLLYNEQFF	TRBV20-1*01	3.5e-05	0.9538870571285795
CASSYTGGSGNTIYF	TRBV6-5*01	3.5e-05	0.18076434737396935
CASSPGRRGNSPLHF	TRBV6-6*04	3.5e-05	0.5505888929599226
CASSFFDRGPYEQYF	TRBV7-9*01	3.5e-05	0.6470823272194679
CASRKGDPVNGELFF	TRBV7-2*01	3.5e-05	0.7612683048102666
CASSLDVSGGNEQFF	TRBV5-1*01	3.5e-05	0.3502931370517791
CASSPLDRGGTEAFF	TRBV4-1*01	3.5e-05	0.6027298012651726
CSAPRLAKVNNEQFF	TRBV20-1*01	3.5e-05	0.9882126575338869
CSVVDGRHPNQPQHF	TRBV29-1*01	3.5e-05	0.9674208071396538
CAGSGTGQNTEAFF	TRBV7-2*01	3.5e-05	0.17976484772851456
CATQPAGGNNEQFF	TRBV15*02	3.5e-05	0.7806900909059756
CATTDRAREETQYF	TRBV15*02	3.5e-05	0.7851998477303539
CASSRDRRTGELFF	TRBV19*01	3.5e-05	0.35491385038711126
CASSLTGATDTQYF	TRBV7-9*01	3.5e-05	0.23011480686592115
CASSPRLPGGELFF	TRBV9*01	3.5e-05	0.7950541604308508
CAGRKTEPDTQYF	TRBV2*01	3.5e-05	0.9269608819259021
CASSPDLQPQHF	TRBV6-6*05	3.5e-05	0.30864408405620497
CASSDSGSPLHF	TRBV7-9*04	3.5e-05	0.2269710911172146
CSARSYQETQYF	TRBV20-1*05	3.5e-05	0.9236372443486112
CASSLGYEQYF	TRBV7-9*01	3.5e-05	0.08341791005071272
CASSPGGPQHF	TRBV5-8*01	3.5e-05	0.09970964186884652
CSWGGQETQYF	TRBV20-1*01	3.5e-05	0.9027125004207557
CASLPAGRGGDLVDEQFF	TRBV6-1*01	3.5e-05	0.9325932939107907
CASSFFSVTSGATDTQYF	TRBV28*01	3.5e-05	0.8165214188417697
CASSLEGGSSGEGREQYF	TRBV5-4*01	3.5e-05	0.3228020190568969
CASSLGLAGAGGDTQYF	TRBV6-2*01	3.5e-05	0.2419283869271987
CASSPQRGLSTGELFF	TRBV18*01	3.5e-05	0.626470258937692
CASSYSDSFGGDGYTF	TRBV6-5*01	3.5e-05	0.7579002543297558
CASSQKSRRAVFSGFF	TRBV3-1*01	3.5e-05	0.9899545474269837
CASSFSPGQGAETQYF	TRBV5-1*01	3.5e-05	0.688465380453263
CASRPTRQGTDTQYF	TRBV19*01	3.5e-05	0.6375447866562425
CASSDSSGGANEQFF	TRBV6-4*01	3.5e-05	0.23495377290675376
CASSELAGGQETQYF	TRBV6-1*01	3.5e-05	0.24947478582643284
CASSFTGGPNQPQHF	TRBV9*01	3.5e-05	0.18779694370778535
CASSLSSGSYNEQFF	TRBV7-3*01	3.5e-05	0.10482725449116057
CASSPSGMANTEAFF	TRBV7-2*01	3.5e-05	0.34299132912692026
CASSVLLAAYDEQFF	TRBV9*01	3.5e-05	0.5147894828806288
CASSTYFLVDEKLFF	TRBV9*01	3.5e-05	0.9421062995627966
CASCPRQSNQPQHF	TRBV12-3*01	3.5e-05	0.8435735885105884
CASSLTGGTDTQYF	TRBV28*01	3.5e-05	0.15498355763603383
CASSGLAGYNEQFF	TRBV2*01	3.5e-05	0.16746691308602515
CASSLVPGDYGYTF	TRBV7-9*01	3.5e-05	0.29978558071175626
CASSQVGPGNTQYF	TRBV3-1*01	3.5e-05	0.3991658977912901
CASKDTYLNYGYTF	TRBV3-1*01	3.5e-05	0.7495125535326593
CASSELAIYNEQFF	TRBV10-2*01	3.5e-05	0.6387108536878554
CASSSWGENTEAFF	TRBV5-1*01	3.5e-05	0.1929787500704289
CASSPPGRYEQYF	TRBV9*01	3.5e-05	0.3327192777788453
CASSRSGANVLTF	TRBV14*01	3.5e-05	0.10422053792414175
CSARDRQSYGYTF	TRBV20-1*01	3.5e-05	0.8203583013439079
CSAPRDGTDTQYF	TRBV20-1*01	3.5e-05	0.8082047320174819
CSGRGGADYEQYF	TRBV20-1*01	3.5e-05	0.6091310069217916
CSEQQDSNQPQHF	TRBV20-1*01	3.5e-05	0.5796765770170753
CSVLVPNTGELFF	TRBV29-1*01	3.5e-05	0.8919832448829413
CASSFGSKAKYF	TRBV5-6*01	3.5e-05	0.8550165767029195
CASSLGNMPQHF	TRBV7-9*01	3.5e-05	0.4811639746930166
CSARSGGTEAFF	TRBV20-1*05	3.5e-05	0.6494346944796552
CSVARLDGEQYF	TRBV29-1*01	3.5e-05	0.9603091770894955
CASSQRGLASPHTGELFF	TRBV4-2*01	3.5e-05	0.7290283250192781
CASSFRIRAVMNTEAFF	TRBV13*01	3.5e-05	0.6439244593734083
CASSSRQGSPLNQPQHF	TRBV6-6*05	3.5e-05	0.6075620734123571
CASSIGGTGAYDIQYF	TRBV19*01	3.5e-05	0.49665750326981656
CSARDSRNPSTDTQYF	TRBV20-1*01	3.5e-05	0.9374975162467784
CAISEAQRGSYEQYF	TRBV10-3*01	3.5e-05	0.3819065462495754
CASTRLAGLQETQYF	TRBV9*01	3.5e-05	0.6098520547507921
CASSLVIGRATEAFF	TRBV7-6*01	3.5e-05	0.616421923444639
CASSLTGGFNEKLFF	TRBV7-3*01	3.5e-05	0.3221142565185038
CASSPVGGSNQPQHF	TRBV7-9*01	3.5e-05	0.16036228332962008
CASSVVQGPLSGYTF	TRBV9*01	3.5e-05	0.8731040828332526
CASRVWENSYNEQFF	TRBV7-2*01	3.5e-05	0.7514693985401105
CSARLAGGPRNEQFF	TRBV20-1*04	3.5e-05	0.9288232530804202
CATRNRDGDTEAFF	TRBV24-1*01	3.5e-05	0.40034732401135864
CASKAGGSTDTQYF	TRBV2*01	3.5e-05	0.4374694306618
CASSGRGRTDTQYF	TRBV6-1*01	3.5e-05	0.24305803792938122
CASSFDGRNTEAFF	TRBV11-3*01	3.5e-05	0.2961440385655359
CASSSGTGDGEQFF	TRBV11-2*01	3.5e-05	0.3170610182602967
CSASQGTTGGTQYF	TRBV20-1*01	3.5e-05	0.8121154353528259
CSAREPLAGGRQFF	TRBV20-1*01	3.5e-05	0.9878381560183632
CASSWTNQETQYF	TRBV28*01	3.5e-05	0.43997896771771405
CARTGRGETQYF	TRBV2*01	3.5e-05	0.4676971234594416
CASSLDIGELFF	TRBV7-3*01	3.5e-05	0.3465369505820605
CASSPNTGELFF	TRBV7-9*01	3.5e-05	0.13569765492916447
CASSHNTGELFF	TRBV6-6*05	3.5e-05	0.15387937360914505
CATSRRAAGPASSYNEQFF	TRBV24-1*01	3.5e-05	0.7420488397889864
CSARETVGGGNVANEKLFF	TRBV20-1*01	3.5e-05	0.9696563375769848
CASSPIERGGQETQYF	TRBV18*01	3.5e-05	0.7025063525639264
CASSLSGGSYNSPLHF	TRBV5-6*01	3.5e-05	0.33918740671075315
CASSQDLGVNTEAFF	TRBV4-2*01	3.5e-05	0.37243780077525884
CAASSWGGYTEAFF	TRBV5-6*01	3.5e-05	0.36612045543234156
CASSDNGFSDTQYF	TRBV2*01	3.5e-05	0.4320739200083136
CASSLGPGIDEQYF	TRBV7-9*01	3.5e-05	0.345713313144972
CASSLTGTIYEQYF	TRBV5-1*01	3.5e-05	0.42915916662670706
CASSLGQDYEQYF	TRBV11-2*01	3.5e-05	0.11010899798682827
CASRRTGWEKLFF	TRBV28*01	3.5e-05	0.5950179903104446
CASSSDQTGLGPKLFF	TRBV7-9*01	3.5e-05	0.7921862947666836
CASSQEATSGVDTQYF	TRBV3-1*01	3.5e-05	0.4647064771332982
CASSYDRPNTGELFF	TRBV6-5*01	3.5e-05	0.5869620598769693
CASSDVPASTDTQYF	TRBV6-4*01	3.5e-05	0.7040995907373805
CASSQSRLARDTQYF	TRBV7-2*01	3.5e-05	0.8410216120607678
CASSRKDGADTQYF	TRBV6-6*04	3.5e-05	0.42648616719193616
CASSRAGAYEQYF	TRBV5-6*01	3.5e-05	0.2104349839088572
CSVETAPNEQYF	TRBV29-1*01	3.5e-05	0.8661417174026094
CASSYGTGSSGANVLTF	TRBV6-5*01	3.5e-05	0.37222981664413274
CSARGSMQYNEQFF	TRBV20-1*04	3.4e-05	0.8904607994832768
CASSLDPGTTGGAFF	TRBV9*01	3.4e-05	0.8749274168180686
CASRGGVIAYEQYF	TRBV5-1*01	3.4e-05	0.6220305557390639
CASSDRGGNEQFF	TRBV6-6*04	3.4e-05	0.23081985059790947
CSAVPQGPMEAFF	TRBV20-1*01	3.4e-05	0.98181345382047
CASSLGTKEQFF	TRBV6-5*01	3.4e-05	0.650818076376214
CASSLLPRQFF	TRBV5-1*01	3.4e-05	0.7956985856536708
CASSPIERENSGDTQYF	TRBV18*01	3.4e-05	0.7799471145425788
CAISESQGEYNEQFF	TRBV10-3*01	3.4e-05	0.730462368464787
CASSTDSPTGELFF	TRBV5-1*01	3.4e-05	0.35682617041580555
CATSRDRAPEAFF	TRBV15*01	3.4e-05	0.8044497637865882
CASSYPGNQPQHF	TRBV7-3*01	3.4e-05	0.2316463900474571
CASSPGDYGYTF	TRBV14*01	3.4e-05	0.12215750731655482
CASTVRGKLFF	TRBV11-2*01	3.4e-05	0.48655440053870896
CASSLPPRSTSGRLHEQFF	TRBV28*01	3.4e-05	0.9234701442869897
CASSPFPGQGSIENEQFF	TRBV5-1*01	3.4e-05	0.8822311000476364
CSATQLAGGSYNEQFF	TRBV20-1*01	3.4e-05	0.8503148325943601
CAISFQDRGTTEAFF	TRBV10-3*01	3.4e-05	0.8472755730387668
CASSDGLAGVGELFF	TRBV6-4*01	3.4e-05	0.5656540903249285
CASSPPAGESYEQYF	TRBV28*01	3.4e-05	0.46615057317648234
CASSPRGQGNTEAFF	TRBV9*01	3.4e-05	0.18486826680573337
CASRRGGFTDTQYF	TRBV7-2*01	3.4e-05	0.402740841149678
CSARDWSGPYEQYF	TRBV20-1*01	3.4e-05	0.9171566398168844
CAWSTTGANVLTF	TRBV30*01	3.4e-05	0.3869725799684201
CASSIDPPGQVNLFSNQPQHF	TRBV19*01	3.4e-05	0.9474985742340868
CASSYGAGGMGEWGETQYF	TRBV6-5*01	3.4e-05	0.907207486027802
CATSSRRGQYQETQYF	TRBV24-1*01	3.4e-05	0.6280675974219438
CASTSEGLALTGELFF	TRBV2*01	3.4e-05	0.535792238905711
CASRDTSEPSADTQYF	TRBV28*01	3.4e-05	0.6802296241443079
CASRIPGSGEIQPQHF	TRBV3-1*01	3.4e-05	0.5844953908476748
CSVESLWDRVGGTQYF	TRBV29-1*01	3.4e-05	0.9855812736332458
CASSSSNSAALPQNF	TRBV6-5*01	3.4e-05	0.8868652534573033
CASSVTRASTDTQYF	TRBV6-4*01	3.4e-05	0.5694769067070063
CASSLKLARTDTQYF	TRBV11-2*01	3.4e-05	0.8018491674286702
CASSAGGGRTYEQYF	TRBV9*03	3.4e-05	0.2901592573984682
CASRLAGGPYNEQFF	TRBV6-2*01	3.4e-05	0.2997748081105487
CAISESAEVETQYF	TRBV10-3*01	3.4e-05	0.7276687253195437
CASTGLAPYNEQFF	TRBV6-1*01	3.4e-05	0.6503758252731733
CASSVDPTGLEQYF	TRBV9*01	3.4e-05	0.8345818701422902
CAISGNRENTIYF	TRBV10-3*01	3.4e-05	0.4058165453585971
CASSYSTGDGYTF	TRBV6-5*01	3.4e-05	0.5330823250042286
CSVRRDGYTF	TRBV29-1*01	3.4e-05	0.7519073602929304
CASSHPRDRYSTGELFF	TRBV3-1*01	3.4e-05	0.8425659651222682
CASSVAGGQGWLGELFF	TRBV9*01	3.4e-05	0.9355269917434691
CASSIQIGRAYNEQFF	TRBV5-1*01	3.4e-05	0.6716466688669163
CASSFISGSTRETQYF	TRBV5-1*01	3.4e-05	0.8669520150468871
CAISESDRDTGELFF	TRBV10-3*01	3.4e-05	0.6786053275102025
CAISEPPKTGSPLHF	TRBV10-3*01	3.4e-05	0.9336381250730004
CATSRLAGEHDTQYF	TRBV24-1*01	3.4e-05	0.540227286149415
CASSLASREQETQYF	TRBV6-2*01	3.4e-05	0.41894434945033754
CASSVYDLEEDTQYF	TRBV2*01	3.4e-05	0.6683852662745228
CASSPGPADEKLFF	TRBV18*01	3.4e-05	0.5240348417928894
CASSESSGANVLTF	TRBV28*01	3.4e-05	0.10256940489437225
CASSVQGGSDIQYF	TRBV9*01	3.4e-05	0.37916854317066656
CASSQDRVFTEQYF	TRBV5-1*01	3.4e-05	0.6748463984028348
CAGGPPDGTEAFF	TRBV6-2*01	3.4e-05	0.7793096609718979
CASGTGGTDTQYF	TRBV6-4*01	3.4e-05	0.26499601128831657
CASSLGSNQPQHF	TRBV5-8*01	3.4e-05	0.09382492340014026
CASSLERVGTQYF	TRBV7-2*01	3.4e-05	0.6560872636851087
CASRSSGLAGYTF	TRBV11-3*01	3.4e-05	0.26552508622349386
CASSFKGTDTQYF	TRBV5-1*01	3.4e-05	0.3718109414711551
CATGGRSYEQYF	TRBV10-3*01	3.4e-05	0.28380935204623714
CASSSLDMEQFF	TRBV27*01	3.4e-05	0.7488279981855261
CASSYGSTEAFF	TRBV6-5*01	3.4e-05	0.10169119841087215
CSATGGNQPQHF	TRBV20-1*01	3.4e-05	0.5715277662244583
CASTLLGLAGGFGDTQYF	TRBV27*01	3.4e-05	0.657438789352203
CASSIAPGHITDTQYF	TRBV19*01	3.4e-05	0.7229970867760146
CASSDSSASGANVLTF	TRBV6-4*01	3.4e-05	0.17432917092662087
CASSLAAAPSPGELFF	TRBV11-2*01	3.4e-05	0.8451083440563228
CATREQGGPNAEAFF	TRBV15*02	3.4e-05	0.8959367019874043
CASSPRAGSQETQYF	TRBV18*01	3.4e-05	0.408264073395104
CASQENRGQYNEQFF	TRBV27*01	3.4e-05	0.5020097739788737
CASSLVGGMNTEAFF	TRBV7-9*01	3.4e-05	0.1723111477070811
CASSLAGGSSNEQFF	TRBV11-2*01	3.4e-05	0.17025935240833281
CASTGGSGRGETQYF	TRBV5-1*01	3.4e-05	0.30397530018190105
CASSHEGQLNTEAFF	TRBV4-1*01	3.4e-05	0.5707408211115568
CASSQEVASGNTIYF	TRBV4-1*01	3.4e-05	0.42948342797470307
CAITEVYSNQPQHF	TRBV10-3*01	3.4e-05	0.37152276589412636
CASSVDRSLAEAFF	TRBV6-6*01	3.4e-05	0.7077194954105039
CASSLGSGSNIQYF	TRBV11-3*01	3.4e-05	0.4164744828031426
CASSPIDRDGGQYF	TRBV7-9*04	3.4e-05	0.906850800258599
CSATVQVGRNIQYF	TRBV20-1*01	3.4e-05	0.9882848066177461
CASDDSGSYEQYF	TRBV6-4*01	3.4e-05	0.2560773286431124
CASSLAREETQYF	TRBV7-3*01	3.4e-05	0.32430589967742096
CASSAASRYEQYF	TRBV7-2*01	3.4e-05	0.22066407664772525
CASNPGGNSPLHF	TRBV5-6*01	3.4e-05	0.25708381568977706
CAAGGETGELFF	TRBV13*01	3.4e-05	0.42309308979295074
CASSIIPPSGGVGETQYF	TRBV19*01	3.4e-05	0.8904841225067501
CASSPSRGWREDPDTQYF	TRBV6-2*01	3.4e-05	0.9812429535426641
CASSQLGSGRSTGELFF	TRBV4-2*01	3.4e-05	0.2785946883541957
CASSAWRGLSYNEQFF	TRBV6-1*01	3.4e-05	0.8031125043101287
CASSLTFRGTPGELFF	TRBV7-3*01	3.4e-05	0.943683882295907
CAWSEPGQGAEKLFF	TRBV30*01	3.4e-05	0.7949627149989332
CSAFHPGIFPNEQFF	TRBV20-1*01	3.4e-05	0.9943544789744537
CATSSRGFLYEQYF	TRBV15*02	3.4e-05	0.6421438816457972
CASSLSPAQETQYF	TRBV27*01	3.4e-05	0.418532349151163
CASSEQAAGETQYF	TRBV6-1*01	3.4e-05	0.3884902107797558
CASSVEGRGKTQYF	TRBV9*01	3.4e-05	0.679206933461555
CASSIERSSYEQYF	TRBV5-6*01	3.4e-05	0.27259456553097255
CSATRLGKNNEQFF	TRBV20-1*01	3.4e-05	0.9116236958221563
CSLQLAGDYNEQFF	TRBV29-1*01	3.4e-05	0.634605352521183
CASSLGQGSGYTF	TRBV5-8*01	3.4e-05	0.12476556636112299
CASRSRTTDTQYF	TRBV4-1*01	3.4e-05	0.41477722043508986
CSVGGARGNTIYF	TRBV29-1*01	3.4e-05	0.5126026712688398
CASSYGGETQYF	TRBV6-5*01	3.4e-05	0.2853774140426603
CASSRGGGEQFF	TRBV6-6*04	3.4e-05	0.1732419639843306
CASSQLDNEQFF	TRBV6-6*04	3.4e-05	0.328136934278336
CASSLFSDTQYF	TRBV7-2*01	3.4e-05	0.4429860199908336
CASSLRETQYF	TRBV28*01	3.4e-05	0.22765843059155821
CASSLVGGALGANVLTF	TRBV7-8*01	3.4e-05	0.6112954842297661
CASSLNDRGSGTDTQYF	TRBV11-2*01	3.4e-05	0.4260635600101275
CASSLAATSYQETQYF	TRBV5-1*01	3.4e-05	0.40747016341597386
CAGSAITGNTGELFF	TRBV18*01	3.4e-05	0.5550975452643768
CASSLSPGQGPTSRF	TRBV5-6*01	3.4e-05	0.9899143037253605
CASSVVGGKTDTQYF	TRBV9*01	3.4e-05	0.5906038816711676
CASSLSERITDTQYF	TRBV5-1*01	3.4e-05	0.5934048289701299
CSARADATTTGELFF	TRBV20-1*01	3.4e-05	0.9093627364989321
CAIMTEYSYNEQFF	TRBV10-3*01	3.4e-05	0.8494460265853795
CASSSGSRRRELFF	TRBV7-3*01	3.4e-05	0.3070946650430114
CASSPGLGSYEQYF	TRBV5-6*01	3.4e-05	0.1576124395401648
CASSPGLEVNEQFF	TRBV6-4*01	3.4e-05	0.5114823467622431
CASSRSGENYGYTF	TRBV5-6*01	3.4e-05	0.14991212872932522
CASSVGGLNEKLFF	TRBV9*01	3.4e-05	0.23875470414032288
CAIWVGDTGELFF	TRBV10-3*01	3.4e-05	0.847281295864604
CASVLNSYNEQFF	TRBV10-2*01	3.4e-05	0.41319507547476125
CASRPPQGGKMGDTQYF	TRBV2*01	3.4e-05	0.8688762753349257
CASSYGTAYSYEQYF	TRBV7-6*01	3.4e-05	0.5842843353651181
CASSLAASAYEQYF	TRBV5-4*01	3.4e-05	0.20737123277139888
CASRVDRVNTEAFF	TRBV10-2*01	3.4e-05	0.38968867740146923
CASSPRIDNEQFF	TRBV6-6*04	3.4e-05	0.5637572078168437
CASRPTLRGEQFF	TRBV6-1*01	3.4e-05	0.912098906549392
CSARDGDNEQFF	TRBV20-1*01	3.4e-05	0.77067494913859
CATRTTTGLGQPQHF	TRBV6-6*03	3.4e-05	0.7478021975655383
CSAPGLAGGGYEQYF	TRBV20-1*01	3.3e-05	0.833441193982812
CASSQPVGAGYGYTF	TRBV3-1*01	3.3e-05	0.38520494713090403
CASSPDRGVGPQHF	TRBV7-2*01	3.3e-05	0.33010955866509256
CASSPWGGPYNTGELFF	TRBV27*01	3.3e-05	0.555948307138738
CASRGGQSAFQETQYF	TRBV5-1*01	3.3e-05	0.7647847913731357
CASSLGGVNTEAFF	TRBV7-9*01	3.3e-05	0.08084287036976252
CSAREGINYNEQFF	TRBV20-1*01	3.3e-05	0.8900185607972224
CASSLEGQSNTGELFF	TRBV11-1*01	3.3e-05	0.27469426181475265
CASSQLSGTIAYEQYF	TRBV14*01	3.3e-05	0.5865677754287668
CASSVSGSSYNEQFF	TRBV9*01	3.3e-05	0.1632460481402896
CASSGGTGGETEAFF	TRBV11-1*01	3.3e-05	0.12577293472687204
CSARDDLAGGLEQFF	TRBV20-1*01	3.3e-05	0.9508101563467979
CASSRWNSGNTIYF	TRBV14*01	3.3e-05	0.43464304284791744
CASSLGQRSREQFF	TRBV5-1*01	3.3e-05	0.5932857548125852
CASRLQGSGTEAFF	TRBV5-1*01	3.3e-05	0.16843696901501465
CSARGFSGEETQYF	TRBV20-1*01	3.3e-05	0.8949106048695759
CSASWGGGQPQHF	TRBV20-1*04	3.3e-05	0.6364979683712779
CASSYNEQFF	TRBV6-5*01	3.3e-05	0.09661704518329779
CASSSGLATSYSDTQYF	TRBV28*01	3.3e-05	0.39917335987256264
CAWSVGPTGVQETQYF	TRBV30*01	3.3e-05	0.7850554315565726
CASSTGLAGVVETQYF	TRBV19*01	3.3e-05	0.7397568017310308
CASSRVSGGMYNEQFF	TRBV9*01	3.3e-05	0.6400547576392227
CASATTGTWGANVLTF	TRBV11-3*01	3.3e-05	0.5115874408433784
CASSPIRKTPYNEQFF	TRBV7-9*01	3.3e-05	0.9455162544324428
CATSVGHSGANVLTF	TRBV24-1*01	3.3e-05	0.42596334310254075
CASRPTSGSSDTQYF	TRBV6-1*01	3.3e-05	0.43205750223157485
CASSIRDKKETQYF	TRBV19*01	3.3e-05	0.8019626363277618
CASKNNQVFGGYTF	TRBV19*01	3.3e-05	0.8654187606929954
CSAQLAGAGNEQFF	TRBV20-1*04	3.3e-05	0.8142753932151066
CASSLRDTDTQYF	TRBV5-1*01	3.3e-05	0.16738474147978089
CATSDWTGELFF	TRBV24-1*01	3.3e-05	0.554520158969854
CASSLLSLSTTDRENTEAFF	TRBV7-3*01	3.3e-05	0.9103477408473677
CASSIGQELVTRNEQFF	TRBV6-6*05	3.3e-05	0.9452840119670006
CASSPGGFSGANVLTF	TRBV27*01	3.3e-05	0.3583668160455364
CASSPEDKVNSDTQYF	TRBV27*01	3.3e-05	0.8462416986274427
CASSNTGGAGTDTQYF	TRBV9*01	3.3e-05	0.1948318780890881
CATSDLRDRGYEQYF	TRBV6-2*01	3.3e-05	0.7683863895631681
CASSIGGNRGETQYF	TRBV19*01	3.3e-05	0.6088843911260797
CASSYSAAPNTEAFF	TRBV6-5*01	3.3e-05	0.6650913447270119
CASSHPSGSRNEQFF	TRBV6-6*04	3.3e-05	0.7377876383469245
CASSLWGQGANEQFF	TRBV7-2*01	3.3e-05	0.5906346722609239
CASSPPDRVSQPQHF	TRBV28*01	3.3e-05	0.6337449407477325
CASSVVGGNGGEQFF	TRBV9*01	3.3e-05	0.7113181074072197
CASRLGDYIRETQYF	TRBV2*02	3.3e-05	0.9163641734407116
CASSDKGGTGELFF	TRBV6-4*01	3.3e-05	0.27044696256278916
CASSLVGNTGELFF	TRBV5-4*01	3.3e-05	0.17217269649032146
CASSLSSFGNEQFF	TRBV7-6*01	3.3e-05	0.4967086045530953
CASKGTGTLGEQYF	TRBV6-1*01	3.3e-05	0.9149500587847798
CASSYREWETQYF	TRBV6-2*01	3.3e-05	0.8962693510711163
CASSLNSNSPLHF	TRBV6-4*01	3.3e-05	0.36512845071069183
CASSDRPDGELFF	TRBV6-4*01	3.3e-05	0.4548890558741777
CASSQEVSGGYTF	TRBV3-1*01	3.3e-05	0.42220605484096135
CSVGTSSYNEQFF	TRBV29-1*01	3.3e-05	0.4173281934236953
CASSLGSDTQYF	TRBV27*01	3.3e-05	0.19024463929218707
CSARKQGHTQYF	TRBV20-1*01	3.3e-05	0.9319761929046554
CSVLKRGNEQFF	TRBV29-1*01	3.3e-05	0.8954270309576882
CASSLDTKLKSSYNSPLHF	TRBV11-1*01	3.3e-05	0.8475130843702511
CASTSGTGGFLGYNEQFF	TRBV6-1*01	3.3e-05	0.7788278075022994
CASSPLVSEEGTDTQYF	TRBV18*01	3.3e-05	0.5747494259718227
CASSGPGLAGTDTQYF	TRBV4-2*01	3.3e-05	0.3319044123609705
CASSQQLAGLYNEQFF	TRBV4-2*01	3.3e-05	0.5811827851628876
CASSVGGGGGTGELFF	TRBV9*01	3.3e-05	0.15007031420386358
CASSLWSGTSASEQYF	TRBV5-1*01	3.3e-05	0.623838266100942
CASSLEAGGPRDTQYF	TRBV5-1*01	3.3e-05	0.5224087226818784
CAISEPDGTNTEAFF	TRBV10-3*01	3.3e-05	0.7408680244816322
CASTKSSGEPDTQYF	TRBV6-1*01	3.3e-05	0.6105431721353757
CASSLVRGRTDTQYF	TRBV27*01	3.3e-05	0.4230291062559241
CASSYGLAANNEQFF	TRBV7-3*01	3.3e-05	0.59886812423027
CASSLVVGGVNEQYF	TRBV7-9*01	3.3e-05	0.5327997901493545
CASSLDSSSYNEQFF	TRBV2*01	3.3e-05	0.19400322704169595
CASSFRPGAGETQYF	TRBV5-1*01	3.3e-05	0.5394861407409733
CSAAQNTGVQETQYF	TRBV20-1*02	3.3e-05	0.9296620460506526
CSAHTLGGGRYEQYF	TRBV20-1*01	3.3e-05	0.9298333775156339
CSAGGGRGAIYEQYF	TRBV20-1*01	3.3e-05	0.9181435054661901
CATSREGGGQPQHF	TRBV15*01	3.3e-05	0.15202159171337778
CASSPGQGYEKLFF	TRBV18*01	3.3e-05	0.311623948727447
CASSTQGGNEKLFF	TRBV6-6*03	3.3e-05	0.2631726814449614
CASSQPQGHGELFF	TRBV4-1*01	3.3e-05	0.3445616992094119
CALGTSAYNEQFF	TRBV30*05	3.3e-05	0.3971835844047071
CASSEPFTDTQYF	TRBV2*01	3.3e-05	0.45789104084451304
CASSSGPYNEQFF	TRBV7-3*01	3.3e-05	0.20585358815710791
CASSQTHADTQYF	TRBV3-1*01	3.3e-05	0.5984570556720509
CASSKTGNTEAFF	TRBV7-6*01	3.3e-05	0.17226198454536576
CASSPGGQTEAFF	TRBV4-1*01	3.3e-05	0.1406613879969581
CASSEGGGETQYF	TRBV5-1*01	3.3e-05	0.18197179973611025
CSVWGASTDTQYF	TRBV29-1*01	3.3e-05	0.8235414417016191
CASSVDTGELFF	TRBV2*01	3.3e-05	0.1116439749110482
CASSPFSSPLHF	TRBV7-9*01	3.3e-05	0.5384229244429617
CASSSNTGELFF	TRBV9*01	3.3e-05	0.10666126193719917
CASSLRGTQYF	TRBV28*01	3.3e-05	0.2651990859040592
CTGRYTEAFF	TRBV20-1*01	3.3e-05	0.695097325755074
CASIGTTSGLARLETQYF	TRBV6-2*01	3.3e-05	0.8789347859067134
CASSLEDPGGGSYEQYF	TRBV7-8*01	3.3e-05	0.528114227207593
CASSYGQISSGANVLTF	TRBV11-2*01	3.3e-05	0.6388884030772276
CASSLGGGVGANVLTF	TRBV7-3*01	3.3e-05	0.16756180360989562
CASRRGADPSTDTQYF	TRBV7-3*01	3.3e-05	0.7588759972052249
CASSLAQLASTDTQYF	TRBV5-1*01	3.3e-05	0.37893375003015506
CASSLETSRFTDTQYF	TRBV4-3*01	3.3e-05	0.729726878567229
CASRPTGLAGGGEQFF	TRBV5-1*01	3.3e-05	0.7294392648220964
CATAHGGDDYNEQFF	TRBV24-1*01	3.3e-05	0.8510591416698203
CASRSLAGGSETQYF	TRBV19*01	3.3e-05	0.4766100051261087
CASSYSGQSTDTQYF	TRBV6-5*01	3.3e-05	0.31163801356537835
CASSFTSGRLYEQYF	TRBV5-5*01	3.3e-05	0.6078006029569938
CASSLDLSGANVLTF	TRBV11-3*01	3.3e-05	0.3079127992767954
CASSPWGPGANVLTF	TRBV11-3*02	3.3e-05	0.572752327085957
CASSPQGRTNEKLFF	TRBV3-1*01	3.3e-05	0.4214913593577206
CASSHGLAGVETQYF	TRBV3-1*01	3.3e-05	0.6394345933297971
CASSQVTGDNSPLHF	TRBV4-1*01	3.3e-05	0.30222376630723075
CASSQDWGSSDTQYF	TRBV4-3*01	3.3e-05	0.5479130741396768
CASSPRASEETQYF	TRBV18*01	3.3e-05	0.4485406850774259
CASSFHRGQETQYF	TRBV7-2*01	3.3e-05	0.620577758835691
CASSHSTSLNEQFF	TRBV7-9*01	3.3e-05	0.7698102742367803
CASSQEGVTGELFF	TRBV4-3*01	3.3e-05	0.24783083988065588
CSPLGGSGGDTQYF	TRBV20-1*01	3.3e-05	0.7856126763691437
CAISGGGAGELFF	TRBV10-3*01	3.3e-05	0.4325356386186454
CASSPRSTDTQYF	TRBV19*01	3.3e-05	0.21178921174453824
CASSRGENEKLFF	TRBV18*01	3.3e-05	0.2132509860748192
CASSLYGPDTQYF	TRBV7-3*01	3.3e-05	0.5639913250511582
CAIWGSGTEAFF	TRBV10-3*01	3.3e-05	0.6807200994454319
CASSWTSGEPSSYNEQFF	TRBV11-2*01	3.3e-05	0.6501858379716511
CASSSGPTGAGGNEQFF	TRBV5-1*01	3.3e-05	0.5863305283458227
CASSLKRIGETNEQFF	TRBV7-3*01	3.3e-05	0.8791928124861075
CASRESFGPLTGELFF	TRBV6-1*01	3.3e-05	0.7869071338505703
CASSQDRQGGRDEQFF	TRBV4-1*01	3.3e-05	0.5566863587154036
CASTLRGQGGEKLFF	TRBV3-1*01	3.3e-05	0.6045832512885527
CASSLGYGSPNEQFF	TRBV27*01	3.3e-05	0.8906386930169984
CASSIGTGNTGELFF	TRBV28*01	3.3e-05	0.1939138625477342
CASRTLTSGAETQYF	TRBV27*01	3.3e-05	0.5877317571276666
CASSPGTPNTGELFF	TRBV5-1*01	3.3e-05	0.2868416268641214
CASSLGRSNTEAFF	TRBV5-6*01	3.3e-05	0.12925209662846765
CASSSRDSQETQYF	TRBV7-7*01	3.3e-05	0.5049670902482144
CASSRQGVSYEQYF	TRBV14*01	3.3e-05	0.2002411208800671
CASSQQTGTEAFF	TRBV18*01	3.3e-05	0.2344964240752565
CASSLGGYNEQFF	TRBV7-9*01	3.3e-05	0.13787593994205719
CATGLGSDEQYF	TRBV10-3*01	3.3e-05	0.42765488136160384
CASSYPPETQYF	TRBV6-2*01	3.3e-05	0.7873544763470776
CASSGNTDTQYF	TRBV5-1*01	3.3e-05	0.15438677415369045
CASSYAGTSGGNEQFF	TRBV7-3*01	3.3e-05	0.5864166962342431
CASSRGHRDGETQYF	TRBV6-6*04	3.3e-05	0.7814239114652527
CASSIGTGGGETQYF	TRBV13*01	3.3e-05	0.25964880381884603
CAIRSGTGDTEAFF	TRBV10-3*01	3.3e-05	0.3713444053350987
CASSKDRAVGELFF	TRBV5-1*01	3.3e-05	0.5184048071871761
CASRLWTTDNEQFF	TRBV5-1*01	3.3e-05	0.9620004479250449
CASGGSGANVLTF	TRBV19*01	3.3e-05	0.15887960827862713
CASSVGRGAFTDTQYF	TRBV9*01	3.3e-05	0.6591898155134852
CASSGLAVPYEQYF	TRBV18*01	3.3e-05	0.4299038405791744
CASSQEGAAGGSNEQFF	TRBV4-2*01	3.3e-05	0.43621875178716746
CASSPGGEGTEAFF	TRBV5-1*01	3.3e-05	0.2261577212973251
CASSGVKATQNTEAFF	TRBV19*01	3.2e-05	0.5673364771586072
CSARAIGTGMWMGFPTQHF	TRBV20-1*01	3.2e-05	0.9971115178763581
CSVEGGKGGHTYEQYF	TRBV29-1*01	3.2e-05	0.9027644575174023
CATSRGTGTDLNTIYF	TRBV15*02	3.2e-05	0.44562887110606253
CASSYSSGTGAYGYTF	TRBV6-5*01	3.2e-05	0.1847851982717869
CSASEGGALSGNTIYF	TRBV20-1*04	3.2e-05	0.7824842254988688
CASSLGPPPFNEQFF	TRBV7-3*01	3.2e-05	0.8802767261761514
CAIMEQGGYNEQFF	TRBV10-3*01	3.2e-05	0.7782596123492556
CASSRREGYNEQFF	TRBV19*01	3.2e-05	0.24578026225126512
CASLGAGGNQPQHF	TRBV7-8*01	3.2e-05	0.17399592394633126
CASSFGQGHHEQYF	TRBV7-9*01	3.2e-05	0.5848195211778362
CASSLVADQPQHF	TRBV5-8*01	3.2e-05	0.22731368761642756
CSVTWRMNTEAFF	TRBV29-1*01	3.2e-05	0.8693169097886382
CATSDLGAPGTSSPDTQYF	TRBV24-1*01	3.2e-05	0.6665740085436328
CASSVDVGDRGYNSPLHF	TRBV9*01	3.2e-05	0.6654646995526085
CASSMGATSGGAETQYF	TRBV19*01	3.2e-05	0.5664626428889757
CASSLDSGGENTEAFF	TRBV7-2*01	3.2e-05	0.1833535280739118
CASSSYGRQASSPLHF	TRBV7-6*01	3.2e-05	0.6526323162671255
CASSVEWDRGSGELFF	TRBV9*01	3.2e-05	0.8990981928278012
CASSSGRGHIDEQFF	TRBV19*01	3.2e-05	0.8447676726802923
CASSDSAGGSNEQFF	TRBV6-4*01	3.2e-05	0.16409045991712534
CASSEATRGNIEAFF	TRBV2*01	3.2e-05	0.8525552322155996
CASSEAQGATGELFF	TRBV2*01	3.2e-05	0.2986965321311661
CASSETSSGANVLTF	TRBV6-2*01	3.2e-05	0.1531459922141735
CASSLTGFHEEKLFF	TRBV5-1*01	3.2e-05	0.5664811011516065
CATAAGARYNEQFF	TRBV24-1*01	3.2e-05	0.6839674733672505
CASSLRTGGTEAFF	TRBV27*01	3.2e-05	0.15743683378843873
CASSLGAGSTEAFF	TRBV5-6*01	3.2e-05	0.07578772701280619
CASSPDRDNDGYTF	TRBV14*01	3.2e-05	0.28877390558975824
CASSQDAGLGKLFF	TRBV4-2*01	3.2e-05	0.8903735378813104
CARCGTASTDTQYF	TRBV2*01	3.2e-05	0.9072537985199706
CASSLTAGHTEAFF	TRBV5-1*01	3.2e-05	0.26693214661248615
CASSLTGDTEAFF	TRBV5-1*01	3.2e-05	0.09228889031391785
CSLRDSYYNEQFF	TRBV29-1*01	3.2e-05	0.9051148353924319
CASSLDLRGALRETQYF	TRBV11-2*01	3.2e-05	0.9283482742350043
CSARAGRGRGSGTEQFF	TRBV20-1*01	3.2e-05	0.9526704338273844
CASSDSLAGDTGELFF	TRBV6-4*01	3.2e-05	0.21875676486182102
CASSEEGSGSYNEQFF	TRBV2*01	3.2e-05	0.17247023907709938
CASSPGLQGIGEKLFF	TRBV3-1*01	3.2e-05	0.5049569361070033
CASSALELEPTDTQYF	TRBV10-1*01	3.2e-05	0.7835061238853427
CASSPRDRGGETQYF	TRBV19*01	3.2e-05	0.47075273018062674
CASSNRGGGANVLTF	TRBV19*01	3.2e-05	0.16519053398756176
CASSLSPLLGFIQYF	TRBV27*01	3.2e-05	0.8455700648515581
CASSEWTIWGNTIYF	TRBV2*03	3.2e-05	0.8384168231670647
CASSAPREGNTEAFF	TRBV9*03	3.2e-05	0.4005882800522019
CAIRQGASGNTIYF	TRBV10-3*01	3.2e-05	0.4500618949313164
CASSFAGGGHEQYF	TRBV12-3*01	3.2e-05	0.3590378671372154
CAWSTGGADTQYF	TRBV30*01	3.2e-05	0.3554522647547814
CAISEGLSDTQYF	TRBV10-3*01	3.2e-05	0.6702592938324782
CATSGPRSETQYF	TRBV24-1*01	3.2e-05	0.7668529457004901
CASSDKNTGELFF	TRBV6-4*01	3.2e-05	0.20511946988822638
CASSPTGRYEQFF	TRBV7-9*01	3.2e-05	0.44989364449053
CASSSVGGTEAFF	TRBV5-1*01	3.2e-05	0.11317575497991622
CSVEGDGTANFGGTDTQYF	TRBV29-1*01	3.2e-05	0.9167459891585319
CASSYSPAAVASGRAGFF	TRBV6-2*01	3.2e-05	0.9016514868095675
CASSLGRGGRANTGELFF	TRBV13*01	3.2e-05	0.3077299347874592
CASSLDRGRGRSGSGYTF	TRBV7-9*01	3.2e-05	0.47128927460829806
CASSEATGVGYQETQYF	TRBV6-1*01	3.2e-05	0.5794060447452537
CASRTYGLAEVTDTQYF	TRBV6-2*01	3.2e-05	0.5591431989285117
CASSLESGAERNTEAFF	TRBV5-1*01	3.2e-05	0.5703683491795323
CASSRICAGVTDCEQYF	TRBV4-1*01	3.2e-05	0.9631084984485581
CASSPPGGRLGQPQHF	TRBV18*01	3.2e-05	0.7116836124632577
CASSSLGRWGANEQFF	TRBV27*01	3.2e-05	0.843794915142591
CASSLWGGRRVNEQFF	TRBV7-3*01	3.2e-05	0.8409564912910585
CASSPGTGASNQPQHF	TRBV9*01	3.2e-05	0.14055185374071838
CASSSYPGRRTDTQYF	TRBV5-1*01	3.2e-05	0.7678117366661648
CASSRSIAGAQETQYF	TRBV5-1*01	3.2e-05	0.5825148305060266
CASSQIRQGGTGELFF	TRBV4-1*01	3.2e-05	0.49864170289390913
CASTGAGGRADTQYF	TRBV27*01	3.2e-05	0.4583341725406591
CASSFRTGYYNEQFF	TRBV28*01	3.2e-05	0.4586555955535363
CASSYEGQGYTEAFF	TRBV9*01	3.2e-05	0.40236285918206294
CASSDSQGGTDTQYF	TRBV6-4*01	3.2e-05	0.20929160215505976
CASSDGGQGDEKLFF	TRBV6-1*01	3.2e-05	0.3030427944640899
CASSRGQGVRQPQHF	TRBV5-6*01	3.2e-05	0.44770958989223575
CASSIGQLMNTEAFF	TRBV6-6*05	3.2e-05	0.44375586126667593
CASREGRGPASWQFF	TRBV6-1*01	3.2e-05	0.9223844598286919
CSARDPLTSTDTQYF	TRBV20-1*01	3.2e-05	0.9703562757615519
CASSFSSAYNEQFF	TRBV7-9*01	3.2e-05	0.3157011303371825
CASSLERTGYEQYF	TRBV7-6*01	3.2e-05	0.17458883312608856
CASSPGTSTDTQYF	TRBV11-3*01	3.2e-05	0.24315994954127834
CASSPGQKNTEAFF	TRBV7-3*01	3.2e-05	0.16441167223146932
CASSQGTGRHIQYF	TRBV4-2*01	3.2e-05	0.7068835911819173
CASSGVGGNYGYTF	TRBV9*03	3.2e-05	0.17854880476349488
CASSGRIRGDTQYF	TRBV9*01	3.2e-05	0.6348570275702999
CASNHRGGDGELFF	TRBV27*01	3.2e-05	0.7324717577764365
CASSLGVNTEAFF	TRBV27*01	3.2e-05	0.08084287036976252
CASSVDGDQPQHF	TRBV9*01	3.2e-05	0.1881299903264903
CASTRADYRDRSSTDTQYF	TRBV6-6*04	3.2e-05	0.9140387598431579
CASSRHPSGTSGGNNEQFF	TRBV11-3*01	3.2e-05	0.8265648924383109
CASRINRGRGPTGNTIYF	TRBV7-9*01	3.2e-05	0.3933114136688957
CATSDPLQGLGTDTQYF	TRBV24-1*01	3.2e-05	0.767452869043193
CASIPGQGDTGANVLTF	TRBV19*01	3.2e-05	0.4453583529717579
CASSLSARGVTGELFF	TRBV7-2*01	3.2e-05	0.49994800239820153
CASSLSGGPARETQYF	TRBV5-6*01	3.2e-05	0.7846749991265883
CASSLVSGGAQETQYF	TRBV7-2*01	3.2e-05	0.515341307827578
CASSNHRDRGVNEQFF	TRBV9*01	3.2e-05	0.749924357797476
CASSQTRAREGDTQYF	TRBV4-1*01	3.2e-05	0.9218436268558363
CSARDRAGQQSNEQFF	TRBV20-1*01	3.2e-05	0.9256181299356321
CASSPGGTVQETQYF	TRBV14*01	3.2e-05	0.5706688127947536
CASSRTGATRETQYF	TRBV7-2*01	3.2e-05	0.6580917437171508
CASKRASGGADTQYF	TRBV6-1*01	3.2e-05	0.5884193321808247
CASSLLGTSSETQYF	TRBV4-1*01	3.2e-05	0.33409890968453165
CASSHGQSTNEKLFF	TRBV4-3*01	3.2e-05	0.3145557443370009
CSARELAVFGNEQYF	TRBV20-1*01	3.2e-05	0.9764935358385376
CSVVGKGVSGNTIYF	TRBV29-1*01	3.2e-05	0.7968613911212827
CASSGQATQETQYF	TRBV2*01	3.2e-05	0.6950327828279874
CASSLEFRLNEQFF	TRBV11-1*01	3.2e-05	0.7518637497510395
CASSVIGGTETQYF	TRBV9*01	3.2e-05	0.5393818668748755
CAISGEGRNEQFF	TRBV10-3*01	3.2e-05	0.6101427584898884
CASSSGVQETQYF	TRBV7-3*01	3.2e-05	0.3439690763683462
CASSPRWVTEQFF	TRBV11-2*01	3.2e-05	0.8739816576226408
CASSPGLYNEQFF	TRBV9*01	3.2e-05	0.2121732204556085
CSVEAGEGAEAFF	TRBV29-1*01	3.2e-05	0.9170688478691781
CASRQGYQPQHF	TRBV5-8*01	3.2e-05	0.3165399846042529
CATLADTQYF	TRBV6-1*01	3.2e-05	0.50826057128283
CASSIESRTGAIREQFF	TRBV19*01	3.2e-05	0.9283008093995563
CASSQKRTGDGTDTQYF	TRBV14*01	3.2e-05	0.6636733242402915
CSDRLDRSTLSPGELFF	TRBV20-1*05	3.2e-05	0.9869985291547868
CASSFPGTGTHNEQFF	TRBV27*01	3.2e-05	0.5995027128947407
CASSLLRDIYQETQYF	TRBV28*01	3.2e-05	0.7846541316758547
CASSLIEGESGNTIYF	TRBV7-9*01	3.2e-05	0.3172232609314709
CASSQSGLSSYNEQFF	TRBV3-1*01	3.2e-05	0.2734246207132305
CASSQDWSGGSYEQYF	TRBV4-2*01	3.2e-05	0.38232023788374914
CASSQDQTSGGDEQYF	TRBV4-2*01	3.2e-05	0.44000537776755405
CASSQDRGGHYNEQFF	TRBV4-1*01	3.2e-05	0.41562160583716784
CAIAREAVNTGELFF	TRBV10-3*01	3.2e-05	0.7785145196907298
CAISDHGQGYTEAFF	TRBV10-3*01	3.2e-05	0.7381969649457107
CASSFSGRAPNEQFF	TRBV11-2*01	3.2e-05	0.6915733617930104
CASSLASGGHNEQFF	TRBV7-3*01	3.2e-05	0.3550376473513419
CASSPNSAYNSPLHF	TRBV14*01	3.2e-05	0.5312700366814873
CASSQDGSTNEKLFF	TRBV4-3*01	3.2e-05	0.2954079662394972
CSAEQGGPHTDTQYF	TRBV20-1*01	3.2e-05	0.9305766418073679
CASSFSGYHNEQFF	TRBV19*01	3.2e-05	0.6520223383467872
CASSSDSFNQPQHF	TRBV9*01	3.2e-05	0.17911999668718823
CTSSYSAVQETQYF	TRBV6-5*01	3.2e-05	0.6879785475562081
CATGLRGGVSEAFF	TRBV10-2*01	3.2e-05	0.6933898075023245
CASTLPSPTGELFF	TRBV5-1*01	3.2e-05	0.857320355616003
CATSRAGTGELFF	TRBV15*01	3.2e-05	0.2191132591350032
CSARTSGWAEQFF	TRBV20-1*04	3.2e-05	0.9730098399159525
CASRTANYGYTF	TRBV27*01	3.2e-05	0.1790388210987188
CASSLASKEAFF	TRBV28*01	3.2e-05	0.3314830581090736
CASSLRFGEQFF	TRBV7-2*01	3.2e-05	0.3188960780715702
CASSATGRELFF	TRBV7-7*02	3.2e-05	0.24022025870886726
CASRDTPGTQYF	TRBV10-1*01	3.2e-05	0.5545683022228287
CSARQGTDTQYF	TRBV20-1*01	3.2e-05	0.8017405383811049
CASRGSGEQFF	TRBV6-1*01	3.2e-05	0.22929778940942877
CASSLRGSAPRYQETQYF	TRBV4-1*01	3.2e-05	0.7070356340522943
CASSLLPGTGEAGELFF	TRBV7-3*01	3.2e-05	0.6229502177653867
CASSSPYAGGPVGELFF	TRBV7-9*01	3.2e-05	0.8788195219224669
CASSESGGKWEETQYF	TRBV25-1*01	3.2e-05	0.8613473739381696
CASSLGAAKFTEAFF	TRBV13*01	3.2e-05	0.33588334400835085
CASSQGTPGGQPQHF	TRBV3-1*01	3.2e-05	0.3909220981968911
CSVEEARLAEETQYF	TRBV29-1*01	3.2e-05	0.9478480562779107
CASSLADSENEQFF	TRBV5-1*01	3.2e-05	0.2673047241157051
CASSLAGGTEAFF	TRBV5-4*01	3.2e-05	0.09359269591122873
CASRTLPRTVRDMNTEAFF	TRBV19*01	3.2e-05	0.9761814243213097
CASSFLPAEGYQETQYF	TRBV7-2*01	3.2e-05	0.8901481349214027
CSASHWEGLAGINTQYF	TRBV20-1*01	3.2e-05	0.9729775505401292
CAISGPTSGGHNEQFF	TRBV10-3*01	3.2e-05	0.6903225532830409
CASSLVLTAYNSPLHF	TRBV11-2*01	3.2e-05	0.4589168548037517
CASSRAGDRAYNEQFF	TRBV3-1*01	3.2e-05	0.42478191204240207
CASSHVRGGTDTQYF	TRBV4-1*01	3.2e-05	0.5140162445475221
CASSLTGGTDTQYF	TRBV7-9*01	3.2e-05	0.15498355763603383
CAIPAQANYGYIF	TRBV11-2*01	3.2e-05	0.7402339649068482
CRCNQGTGRVFF	TRBV20-1*01	3.2e-05	0.9938276451136361
CASSETSNQPQHF	TRBV6-4*01	3.2e-05	0.12518870380482233
CASSLKGDYYEQYF	TRBV7-9*01	3.1e-05	0.41140405043498157
CASLPPGSHAADTQYF	TRBV19*01	3.1e-05	0.9044160983894614
CSARRRVSYNSPLHF	TRBV20-1*01	3.1e-05	0.971327457039421
CASSGDRRNTEAFF	TRBV9*01	3.1e-05	0.16343781303477664
CSVEGGQSGSYNEQFF	TRBV29-1*01	3.1e-05	0.7075580283873298
CASSGAVEAVYGYTF	TRBV9*01	3.1e-05	0.43660610243442144
CASRASRGSTDTQYF	TRBV2*01	3.1e-05	0.338855122298377
CAWGKGLPNNEQFF	TRBV30*05	3.1e-05	0.9439321167851903
CASGSRGQTQYF	TRBV19*01	3.1e-05	0.6325626318996446
CASRYQDTQYF	TRBV6-2*01	3.1e-05	0.23978946516984365
CASSARLAGDITGELFF	TRBV13*02	3.1e-05	0.5218244611228249
CASSLDGAGAYNEQFF	TRBV7-6*01	3.1e-05	0.3259365384047368
CASSQVAGASTDTQYF	TRBV3-1*01	3.1e-05	0.29840399730007916
CASSFEGLAGADTQYF	TRBV5-1*01	3.1e-05	0.34670104343049457
CASSPLLTGGTDTQYF	TRBV4-3*01	3.1e-05	0.4137155900182498
CASSYGLATKETQYF	TRBV7-2*01	3.1e-05	0.7850873938065542
CASSPRTGLIEAFF	TRBV7-8*03	3.1e-05	0.760327839328834
CASSRTLGRDEQYF	TRBV3-1*01	3.1e-05	0.6883577924884349
CASSLEGGELFF	TRBV7-9*01	3.1e-05	0.17837493702149138
CASSEGARGYTF	TRBV5-1*01	3.1e-05	0.23870639143475078
CASSSQETQYF	TRBV5-1*01	3.1e-05	0.2261412191962795
CASRPWTSGRLGETQYF	TRBV27*01	3.1e-05	0.9376201752612393
CASSSDSLYPQETQYF	TRBV18*01	3.1e-05	0.663503924702653
CASSLVPGPQETQYF	TRBV7-6*01	3.1e-05	0.512531989451545
CASSLDRLSYNEQFF	TRBV11-2*01	3.1e-05	0.37922772036881547
CASSSRTGRRAEAFF	TRBV7-3*01	3.1e-05	0.7188748179424935
CASSVVRGAPNEQFF	TRBV9*01	3.1e-05	0.8156494655426081
CASSQGLRSSYEQYF	TRBV4-1*01	3.1e-05	0.3310756754894297
CSAKGTSGGGAEQFF	TRBV20-1*01	3.1e-05	0.9666579509178113
CSARDLGGYEKLFF	TRBV20-1*01	3.1e-05	0.8832930433978956
CSARDPGDNEKLFF	TRBV20-1*01	3.1e-05	0.8485840585502206
CSVEDYSTSYEQYF	TRBV29-1*01	3.1e-05	0.8079846478985628
CASSTDRVHEQYF	TRBV7-7*01	3.1e-05	0.6076595319997385
CAVTGTETQYF	TRBV10-3*01	3.1e-05	0.5849330811575434
CSVEVFTEAFF	TRBV29-1*01	3.1e-05	0.7672790908704061
CASSPPEGVGAGEDNEQFF	TRBV27*01	3.1e-05	0.8130716316731554
CASNRLAGTGILNEQFF	TRBV14*01	3.1e-05	0.7696214332285367
CASSTQATLSGANVLTF	TRBV5-1*01	3.1e-05	0.8032106174295136
CASSPRGQGEINEQFF	TRBV18*01	3.1e-05	0.6392898877073396
CASSLGGRYSNYGYTF	TRBV7-2*01	3.1e-05	0.22784369138387245
CAIRIGDGDHNEQFF	TRBV10-3*01	3.1e-05	0.8504295338412867
CASSIGGRNTGELFF	TRBV19*01	3.1e-05	0.2137288438010146
CASSLYGLGSEKLFF	TRBV27*01	3.1e-05	0.42221578969574014
CASSFSGGLHHTQYF	TRBV7-3*01	3.1e-05	0.7755733118380497
CASSLIGSTGAEAFF	TRBV7-6*01	3.1e-05	0.7798109854461958
CASSWGTGMDTEAFF	TRBV7-3*01	3.1e-05	0.45517828347506784
CASRSGQLSGNTIYF	TRBV5-6*01	3.1e-05	0.47731090966037826
CASSQDRVNTGELFF	TRBV4-1*01	3.1e-05	0.24539211704913894
CSASGPPYYNNEQFF	TRBV20-1*02	3.1e-05	0.9515183188584996
CAISVKGGNNEQFF	TRBV10-3*01	3.1e-05	0.7926018434514147
CATQGLAGGNEQFF	TRBV2*01	3.1e-05	0.7509792920407009
CATSDLGTGLEQFF	TRBV24-1*01	3.1e-05	0.8911901137885258
CASSLVPGVYEQYF	TRBV7-9*01	3.1e-05	0.27612982092004223
CASSLEQGSNEQFF	TRBV11-2*01	3.1e-05	0.2590275598874097
CASSPRTRSYEQFF	TRBV9*03	3.1e-05	0.5644870002552156
CASRGRVAKNIQYF	TRBV5-6*01	3.1e-05	0.826905013065999
CARSPGLNNSPLHF	TRBV30*01	3.1e-05	0.4357070851267733
CSAPREQGQETQYF	TRBV20-1*01	3.1e-05	0.9504328839076644
CAWNPGLVNEQFF	TRBV30*01	3.1e-05	0.8739347780636968
CASSILGANVLTF	TRBV19*01	3.1e-05	0.11467809453155553
CASTSGWYNEQFF	TRBV7-2*01	3.1e-05	0.4410401148641588
CASSLSREETQYF	TRBV27*01	3.1e-05	0.24623643108601825
CASSSTETDTQYF	TRBV2*01	3.1e-05	0.2880799727751617
CASSPPYQETQYF	TRBV27*01	3.1e-05	0.43968418446053625
CASSLNQGETQYF	TRBV7-2*01	3.1e-05	0.20980229884442989
CASSQGSFYEQFF	TRBV14*01	3.1e-05	0.4774576869412888
CASSQDPGEKLFF	TRBV3-1*01	3.1e-05	0.49688687100601786
CSARTATNEKLFF	TRBV20-1*02	3.1e-05	0.8614310659204459
CSARNRDTEKLFF	TRBV20-1*01	3.1e-05	0.7962141818080297
CASSVGGEQFF	TRBV9*01	3.1e-05	0.20032769225444758
CATRYVTPLATNEKLFF	TRBV19*03	3.1e-05	0.9652436410818498
CASFGGGLSLAYNEQFF	TRBV11-2*01	3.1e-05	0.7326068263144802
CASSSPLTGGRDTQYF	TRBV27*01	3.1e-05	0.3759277871087726
CASSLGRDISYNEQFF	TRBV11-3*01	3.1e-05	0.49924060760713856
CASSSGSQGRDTEAFF	TRBV7-8*01	3.1e-05	0.3913681723583761
CASSPLGPANTGELFF	TRBV5-6*01	3.1e-05	0.5482167954165336
CASSPRDGQSYNEQFF	TRBV7-3*01	3.1e-05	0.5142134717523731
CAISPDLATNEKLFF	TRBV10-3*01	3.1e-05	0.7230956052781351
CASSPRLAQADTQYF	TRBV19*01	3.1e-05	0.6809753522807271
CASSEGTSPTDTQYF	TRBV6-1*01	3.1e-05	0.48712121639276257
CASSLAGVGTYEQYF	TRBV5-4*01	3.1e-05	0.294704883095069
CASSPSFWVGQPQHF	TRBV7-9*01	3.1e-05	0.7540055221420442
CASSPGTESNEKLFF	TRBV7-9*01	3.1e-05	0.4477224526781708
CASSQGPDISYEQYF	TRBV4-2*01	3.1e-05	0.3985535380911699
CASSDPGQGADTQYF	TRBV7-3*01	3.1e-05	0.2903903816050845
CASSRSTGSSYEQYF	TRBV5-4*01	3.1e-05	0.13227681278613548
CASRVGLTVNNEQFF	TRBV28*01	3.1e-05	0.8250089863120952
CASSRTSGRLDTQYF	TRBV4-3*01	3.1e-05	0.6107653929110057
CASSLGQGYQPQHF	TRBV7-9*01	3.1e-05	0.24660873085071205
CASSPVGRTDTQYF	TRBV9*01	3.1e-05	0.4085390040548562
CASSRLRNTGELFF	TRBV3-1*01	3.1e-05	0.40517971059091457
CASSEGLGDNEQFF	TRBV7-3*01	3.1e-05	0.38717987429040374
CSAMDKRSYNEQFF	TRBV20-1*04	3.1e-05	0.9273133311403156
CASSRRSSGEQFF	TRBV19*01	3.1e-05	0.33944966771392693
CASSEPGGNEQFF	TRBV2*01	3.1e-05	0.3369861346428024
CASSSFRDRVCYF	TRBV12-3*01	3.1e-05	0.9526703908266884
CASSQRGGYEQYF	TRBV3-1*01	3.1e-05	0.1174025035349925
CASNQLGNQPQHF	TRBV28*01	3.1e-05	0.2700430915424526
CASNADREDTQYF	TRBV6-6*05	3.1e-05	0.47586242641036264
CSASWEGGGELFF	TRBV20-1*02	3.1e-05	0.8803584773552243
CATSRDNYGYTF	TRBV15*01	3.1e-05	0.2643378650066889
CATRLAGGEQFF	TRBV24-1*01	3.1e-05	0.6159286025830247
CASTGEGETQYF	TRBV2*01	3.1e-05	0.24672912627159355
CASSYGQSIQYF	TRBV2*01	3.1e-05	0.529751388410771
CASSEAGVKLFF	TRBV4-1*01	3.1e-05	0.5694330950486217
CATSDPPPRQGLNTEAFF	TRBV24-1*01	3.1e-05	0.9037317651276339
CASSEAKGKGPDTGELFF	TRBV2*01	3.1e-05	0.7802035122882108
CAMGQGDLSGANVLTF	TRBV10-3*01	3.1e-05	0.8559526385956668
CATSRDLATSNQPQHF	TRBV15*01	3.1e-05	0.5746523702659887
CASSYSAGVVYNEQFF	TRBV6-2*01	3.1e-05	0.6935015375768425
CASSDFGGAQVEKLFF	TRBV6-1*01	3.1e-05	0.8616706343403675
CASSSIAGGGYNEQFF	TRBV7-9*01	3.1e-05	0.30991772529794015
CASSQEAGTRAGEQYF	TRBV4-2*01	3.1e-05	0.7883440686646332
CASNGGDRGSTDTQYF	TRBV9*03	3.1e-05	0.41224224681052063
CASSLGRQGTNEKLFF	TRBV5-1*01	3.1e-05	0.4383351812543503
CASSLVGTRNGNEQFF	TRBV5-1*01	3.1e-05	0.7967287126305963
CSASGLAGGPRETQYF	TRBV20-1*04	3.1e-05	0.9146047305274001
CASGTSGGTQETQYF	TRBV6-6*03	3.1e-05	0.6212418728433245
CASTTSRTGSTEAFF	TRBV5-6*01	3.1e-05	0.2567259748860399
CASSYVGGGRYEQFF	TRBV6-5*01	3.1e-05	0.30567708781659836
CASSFAGTGTTEAFF	TRBV7-9*01	3.1e-05	0.30031466107294247
CASSPHSGLDNEQFF	TRBV7-9*01	3.1e-05	0.9096331825434625
CASSHYGTGTDTQYF	TRBV27*01	3.1e-05	0.4795557612612986
CASSDPGLADETQYF	TRBV10-2*01	3.1e-05	0.6636065860297264
CSATRALGSSGELFF	TRBV20-1*01	3.1e-05	0.9670858218356111
CSGLRGQGAWYGYTF	TRBV29-1*01	3.1e-05	0.9297134767057831
CAISEGLANTEAFF	TRBV10-3*01	3.1e-05	0.3709615572632931
CASSSRTSKETQYF	TRBV19*01	3.1e-05	0.5777940105910172
CASSLFRSTDTQYF	TRBV27*01	3.1e-05	0.5244776394602556
CASSVQRAPDTQYF	TRBV2*01	3.1e-05	0.5941550112729853
CASSPQGFNTEAFF	TRBV11-1*01	3.1e-05	0.25947081093631996
CASSERTGRNEQFF	TRBV7-2*01	3.1e-05	0.5466292804083874
CASKLARPQETQYF	TRBV2*01	3.1e-05	0.6681961214262391
CSAPYRDVAYEQYF	TRBV20-1*01	3.1e-05	0.9570095812495616
CASSLDRYNEQFF	TRBV7-7*01	3.1e-05	0.1980328009435444
CQAWSSYTDTQYF	TRBV20-1*01	3.1e-05	0.7616910991955907
CASSQDRDTEAFF	TRBV4-1*01	3.1e-05	0.1484712264770287
CATSVTGDTQYF	TRBV24-1*01	3.1e-05	0.3141747615552354
CASSYQETQYF	TRBV2*01	3.1e-05	0.2953561356268326
CSASNSGELFF	TRBV20-1*04	3.1e-05	0.5933704719632407
CSVGPGNGYTF	TRBV29-1*01	3.1e-05	0.8253307031827932
CASSLDQGAGTADTDTQYF	TRBV11-3*01	3.1e-05	0.4818333259916956
CASSQEPLAGGNNQETQYF	TRBV3-1*01	3.1e-05	0.7311292616714807
CASSVSGDWETGANVLTF	TRBV9*01	3.1e-05	0.5145175692781604
CASSQGQGTLGNQPQHF	TRBV4-1*01	3.1e-05	0.7155014596477918
CATSAAAAGGVNEQFF	TRBV24-1*01	3.1e-05	0.6633647517124379
CASSLGVQGAGSPLHF	TRBV7-2*01	3.1e-05	0.32965172643633156
CASSRRLAGNTGELFF	TRBV7-3*01	3.1e-05	0.3158048092161879
CAPRRRLPSGEKLFF	TRBV19*01	3.1e-05	0.9642614535705859
CASSRGQSSYEQYF	TRBV5-5*01	3.1e-05	0.22620247527889015
CATQDNSYNEQFF	TRBV7-6*01	3.1e-05	0.5245536756627563
CASSLEGGTEAFF	TRBV7-9*01	3.1e-05	0.1115386506472409
CASSSSRGETQYF	TRBV7-2*04	3.1e-05	0.1836415849954816
CASSQGGLRGYTF	TRBV7-9*01	3.1e-05	0.5775980950226347
CASSPTGLRLYF	TRBV18*01	3.1e-05	0.9463626363959073
CASSFGVYGYTF	TRBV12-3*01	3.1e-05	0.13907910162514547
CASSRGLYEQYF	TRBV6-6*04	3.1e-05	0.13863514402918767
CASSSLAGVGYEQYF	TRBV7-8*01	3.1e-05	0.2119723111513596
CASSLGTDTQYF	TRBV11-3*01	3.1e-05	0.12029288531537805
CASSARQSEQFF	TRBV9*03	3.1e-05	0.34343441976503075
CASSLGGTQYF	TRBV27*01	3.1e-05	0.24459131922802246
CASSTEHENSGANVLTF	TRBV11-2*02	3.1e-05	0.6307928557151483
CASSFLAGTDTQYF	TRBV11-2*01	3.1e-05	0.31685717111130207
CSAGQGLNEKLFF	TRBV20-1*01	3.1e-05	0.7560375443346674
CASGGAGANVLTF	TRBV6-4*01	3e-05	0.16637496975874172
CASSRGDGANVLTF	TRBV6-2*01	3e-05	0.18515230064539184
CASSDSAGTQKKYF	TRBV6-4*01	3e-05	0.5724505952747732
CASSLGESGGEQYF	TRBV5-6*01	3e-05	0.33551092575254626
CATSRGALTEAFF	TRBV15*01	3e-05	0.4193234884421514
CASSPTLYNEQFF	TRBV6-2*01	3e-05	0.4512866503408378
CASSQGPYEQYF	TRBV3-1*01	3e-05	0.11589703967876992
CASSLEGSLSSYNEQFF	TRBV7-2*01	3e-05	0.5569217662572644
CASSEDRGNSGANVLTF	TRBV9*01	3e-05	0.3319301462934247
CASSSTRRMMGTEAFF	TRBV11-1*01	3e-05	0.717133496565723
CAGSPQAGGSDTQYF	TRBV6-1*01	3e-05	0.6586194497252577
CASSEGSGVTGELFF	TRBV6-1*01	3e-05	0.3157261630316152
CASSFGGRNTGELFF	TRBV7-9*01	3e-05	0.20408466888546942
CASSLGSGTNNEQFF	TRBV11-3*01	3e-05	0.23590768913230292
CTSSSWTLRGYEQYF	TRBV14*01	3e-05	0.9328951172668425
CASQGTSGSDTQYF	TRBV19*01	3e-05	0.36867501677203474
CASSLGGSTDTQYF	TRBV28*01	3e-05	0.13105097186743195
CASSHLPVADTQYF	TRBV6-2*01	3e-05	0.7222702549868636
CASSYSGGAGGDHTDTQYF	TRBV6-5*01	3e-05	0.5563809433257817
CASSFGTSGRRTYNEQFF	TRBV6-2*01	3e-05	0.565817015014901
CASSLWTSGSKIDNEQFF	TRBV11-2*01	3e-05	0.9383428154512714
CASSSRPGQGTDTQYF	TRBV7-9*06	3e-05	0.23628656249059124
CASSGPPGPLTDTQYF	TRBV27*01	3e-05	0.795356043474751
CASSLGWADANYGYTF	TRBV7-9*01	3e-05	0.708702197486733
CASSQEGAGLNNEQFF	TRBV3-1*01	3e-05	0.5512296287700906
CASSIRGQSSYNEQFF	TRBV11-1*01	3e-05	0.3133333511746951
CASSSRTSGDYNEQFF	TRBV5-1*01	3e-05	0.22002418163997217
CAISEGQGGRETQYF	TRBV10-3*01	3e-05	0.5853090801038594
CATSPTGERFNEQFF	TRBV15*02	3e-05	0.9000367545569952
CASSPPAGQLNIQYF	TRBV18*01	3e-05	0.8150356610056858
CASIRGGVWANVLTF	TRBV6-2*01	3e-05	0.7526823289377013
CASSLGVSAGNEQFF	TRBV7-9*01	3e-05	0.6559866850726322
CASSPRGSSYNEQFF	TRBV7-2*01	3e-05	0.3225285357329181
CASSTTGEAGELFF	TRBV10-2*01	3e-05	0.29737748797956065
CASSHGQNTGELFF	TRBV5-1*01	3e-05	0.20003326562529608
CSARAETNTGELFF	TRBV29-1*01	3e-05	0.9004572784688782
CAWEAGYQETQYF	TRBV30*05	3e-05	0.8366759221046114
CAISEMNTGELFF	TRBV10-3*01	3e-05	0.3328379509744826
CASSRARLSEQYF	TRBV12-3*01	3e-05	0.6660273993880379
CASSRGLEETQYF	TRBV11-2*01	3e-05	0.4161018955140811
CASSHGNRETQYF	TRBV5-1*01	3e-05	0.6080951342526927
CSARGQKLFF	TRBV20-1*01	3e-05	0.8029978351918872
CATSKLPGLAGPSTSYEQYF	TRBV3-1*01	3e-05	0.77659352931198
CASSQSPWDRGSSYEQYF	TRBV3-1*01	3e-05	0.8845141337816815
CSVGAGDRGRRDYGYTF	TRBV29-1*01	3e-05	0.8900844259085434
CASSFTSGWGTDTQYF	TRBV27*01	3e-05	0.592164675558989
CASSDSSGGATDTQYF	TRBV6-4*01	3e-05	0.21497927019956672
CATTPRSKTTGELFF	TRBV27*01	3e-05	0.8772022535281354
CATSDPTGGGNEQFF	TRBV24-1*01	3e-05	0.537126856439916
CASSPPGNSYNEQFF	TRBV18*01	3e-05	0.5368028529705224
CASSLRTGVDQPQHF	TRBV6-6*04	3e-05	0.2726397275519355
CASSLDQVGNTEAFF	TRBV7-9*01	3e-05	0.2934516885079468
CASSYLAREEGEQYF	TRBV6-5*01	3e-05	0.6696067022186665
CASSRTVMEAEKLFF	TRBV7-6*01	3e-05	0.5419047486823695
CASSHPGQNTGELFF	TRBV4-2*01	3e-05	0.3011823687826934
CASSQTSGGVNEQFF	TRBV4-2*01	3e-05	0.3526515276169964
CASSRDQGYQETQYF	TRBV5-1*01	3e-05	0.5455011011152228
CAISDMGAGHEQYF	TRBV10-3*01	3e-05	0.840723106574415
CATSPWGENQPQHF	TRBV15*02	3e-05	0.39044898334337136
CASSEGHAADTQYF	TRBV6-4*01	3e-05	0.574369794999461
CASSLGLLADTQYF	TRBV7-3*01	3e-05	0.2390381726510893
CASSLGGWETQYF	TRBV14*01	3e-05	0.49858817833367897
CSLEGDGTDTQYF	TRBV20-1*01	3e-05	0.6141385633509929
CSAPPLAKKAFF	TRBV20-1*01	3e-05	0.9827985686651444
CSVGQVKETQYF	TRBV29-1*01	3e-05	0.9052108236711539
CSAGEGNQPQHF	TRBV29-1*01	3e-05	0.5775245385819107
CASSIEDGYTF	TRBV19*01	3e-05	0.38564626984572026
CASSHPSTARLATSTDTQYF	TRBV7-2*01	3e-05	0.8284087651460957
CASDRDRGSATNEKLFF	TRBV6-4*01	3e-05	0.5091541163276638
CASSYPLGSGPGNEQFF	TRBV6-2*01	3e-05	0.7135303571745294
CASSLFLLAGSTGELFF	TRBV7-9*01	3e-05	0.8084020246358512
CASSPQGASSYNSPLHF	TRBV11-1*01	3e-05	0.32185450467345006
CASSQEVVGLALDTQYF	TRBV3-1*01	3e-05	0.8035358262912563
CASSFGTVGGNQPQHF	TRBV7-8*01	3e-05	0.34513625515514657
CASRLRAGVNQETQYF	TRBV6-6*05	3e-05	0.6656945901802084
CAISEYRGSQETQYF	TRBV10-3*01	3e-05	0.7603524511200644
CASRQIRTAYNEQFF	TRBV19*01	3e-05	0.7144727931928739
CASSEATGGQETQYF	TRBV6-1*01	3e-05	0.24222532119694878
CASIHGDGVGETQYF	TRBV10-2*01	3e-05	0.8511468680020696
CASSQQPTGYTEAFF	TRBV4-1*01	3e-05	0.34906664764483747
CASTRWDRNEKLFF	TRBV28*01	3e-05	0.8430866476393848
CASSPDGTGETQYF	TRBV6-6*04	3e-05	0.47532266945797863
CASSLGGTAYGYTF	TRBV5-5*01	3e-05	0.2944310722819706
CASSLVASYNEQFF	TRBV13*01	3e-05	0.2688226543265742
CASSPLGDEKLFF	TRBV7-7*02	3e-05	0.5270042772225678
CASSHERGDTQYF	TRBV7-7*01	3e-05	0.302563784435447
CASSLAGEDTQYF	TRBV5-1*01	3e-05	0.16130167466226308
CASARPQETQYF	TRBV7-2*01	3e-05	0.6635923088462004
CASSIRAYGYTF	TRBV7-2*01	3e-05	0.26620616926270274
CASSLGQGLAGVFSADTQYF	TRBV13*01	3e-05	0.8579512870875126
CASSLRLRVGGHTGELFF	TRBV6-5*01	3e-05	0.7819247652911455
CATSRPPGAPGDDTQYF	TRBV15*01	3e-05	0.8562377991189736
CASSLALVAGAWDTQYF	TRBV7-6*01	3e-05	0.7505707673406369
CASSLDLAGGPTDTQYF	TRBV7-2*01	3e-05	0.5353161672009307
CATSRENMGLEETQYF	TRBV15*01	3e-05	0.9140603378075335
CASSLGRRGSGNTIYF	TRBV7-6*01	3e-05	0.2410486022637934
CASSVEGEYSGNTIYF	TRBV9*01	3e-05	0.24727504460876634
CASTILAGGHRETQYF	TRBV10-2*01	3e-05	0.8179225566181214
CASSGGGGSYNEQFF	TRBV6-1*01	3e-05	0.12425863724665452
CASSLDREGKNIQYF	TRBV11-2*01	3e-05	0.6567872403084403
CASSSTSGSSYEQFF	TRBV5-5*01	3e-05	0.1831932554859642
CASSPGDRGYNEQFF	TRBV7-2*01	3e-05	0.37473578139947844
CSARDGSGSNEKLFF	TRBV20-1*01	3e-05	0.8467098291981553
CASSGQGAGEKLFF	TRBV6-1*01	3e-05	0.19123407173391582
CASSDQDPADTQYF	TRBV6-4*01	3e-05	0.6985410905197269
CASSSDALQVPQHF	TRBV7-6*01	3e-05	0.9029256555878898
CASSPRDRAYGYTF	TRBV3-2*02	3e-05	0.32614055613914256
CASSQDSNNQPQHF	TRBV7-8*03	3e-05	0.13136076858867013
CASSQSGSGDTQYF	TRBV3-1*01	3e-05	0.23008900002989088
CASRRQGRSDTQYF	TRBV6-6*04	3e-05	0.5660083008450736
CASSLGDSLNEQFF	TRBV5-1*01	3e-05	0.3423123777791632
CSASMAGGTNEQFF	TRBV20-1*04	3e-05	0.759474047173497
CASSSGQVHEQFF	TRBV18*01	3e-05	0.45974572128676183
CASGSWTDNEQFF	TRBV2*01	3e-05	0.6894266172942031
CASRINSVTEAFF	TRBV6-1*01	3e-05	0.8277735379339753
CSVVSSPLRRLFF	TRBV29-1*01	3e-05	0.9920841901682432
CASSQGGQPQHF	TRBV3-1*01	3e-05	0.08272400545788051
CASSQSSEQYF	TRBV16*01	3e-05	0.2123299050605699
CATSFRGQGTFSDYGYTF	TRBV24-1*01	3e-05	0.9246243100193178
CASSFLAGGPRADTQYF	TRBV6-2*01	3e-05	0.4723294519066183
CASSPLQGTLTLDTQYF	TRBV4-1*01	3e-05	0.8960126775526835
CAISEQQGGGNEKLFF	TRBV10-3*01	3e-05	0.5458983056161377
CASSYLTRTGTDTQYF	TRBV6-5*01	3e-05	0.7214048444519704
CASSLEGGVGTGELFF	TRBV11-2*01	3e-05	0.22300887760043234
CASSLLRSLVGDTQYF	TRBV7-9*01	3e-05	0.721776722171186
CASSRSGAVLTDTQYF	TRBV7-6*01	3e-05	0.5811343120550058
CASSPRQGIPYNEQFF	TRBV5-1*01	3e-05	0.6751793921374727
CASSPLDGHGGDTQYF	TRBV4-1*01	3e-05	0.5538827749161176
CASTLTVEGSDIQYF	TRBV19*03	3e-05	0.8189952988825354
CASSPPTSGTYEQYF	TRBV18*01	3e-05	0.25838110470637243
CASSYGRGLTDTQYF	TRBV6-5*01	3e-05	0.4971552947143563
CASSLEASSYNEQFF	TRBV11-3*01	3e-05	0.18647151472795337
CASSPSGRFTDTQYF	TRBV9*03	3e-05	0.4949528761915331
CASSRATDDTGELFF	TRBV7-6*01	3e-05	0.44798110861380225
CASRNGQASPETQYF	TRBV6-1*01	3e-05	0.7802943667012063
CASSISVTTGELFF	TRBV19*01	3e-05	0.5044249854522119
CASSTGGRTGELFF	TRBV19*01	3e-05	0.17109956669543838
CASGGGSYNEQFF	TRBV2*01	3e-05	0.20964182766418066
CASSSGDRETQYF	TRBV13*01	3e-05	0.2226278397126622
CASSWYRAPGHSPLHF	TRBV7-9*01	3e-05	0.9645870466486859
CASSFYAGGANVLTF	TRBV7-2*01	3e-05	0.3241872755375821
CASSLGGFADTQYF	TRBV27*01	3e-05	0.29715778328534015
CASSPAGQGWGYTF	TRBV5-6*01	3e-05	0.5191844874095862
CASSQGVVNTEAFF	TRBV3-1*01	3e-05	0.18804803306691645
CASRSDRDTEAIF	TRBV7-3*01	3e-05	0.2543962107945676
CSHNIETYNEQFF	TRBV29-1*01	3e-05	0.9027046063018459
CASSLTYSPLHF	TRBV3-1*01	3e-05	0.5241128580837021
CSARGGQETQYF	TRBV20-1*01	3e-05	0.8929998632489304
CASSVRLAGGDNNEQFF	TRBV9*01	3e-05	0.744751597213514
CASSGGVERAAYNEQFF	TRBV7-2*01	3e-05	0.591366043646799
CASSQGWTSGITGELFF	TRBV4-1*01	3e-05	0.6101618420058651
CASTSSASGGGEEQFF	TRBV6-6*01	3e-05	0.3830125232124135
CASSQVTGGNEQFF	TRBV4-2*01	3e-05	0.36653894390388797
CASSRLGPDTQYF	TRBV11-2*01	3e-05	0.3302079080913722
CASSPRIARASYEQYF	TRBV12-3*01	2.9e-05	0.7825317200321737
CASSQEVSGGDEQFF	TRBV4-1*01	2.9e-05	0.5838394962222381
CASSYQQTGTKRSYEQYF	TRBV6-5*01	2.9e-05	0.8418205042215086
CASSTPFSERSSGELFF	TRBV19*01	2.9e-05	0.9056921705318813
CASSIFGGTNQPQHF	TRBV19*01	2.9e-05	0.2006952928991204
CASSLTSFGADEQYF	TRBV9*01	2.9e-05	0.6810409612022678
CASSHFGGSGTEAFF	TRBV7-3*01	2.9e-05	0.4216633180409415
CASVVTGIGGTQYF	TRBV7-8*01	2.9e-05	0.8754329458846043
CASSPRAGVTPGGANVLTF	TRBV18*01	2.9e-05	0.8374099477039806
CASSYDKIAGGPPGELFF	TRBV6-2*01	2.9e-05	0.9027786880168654
CASSFRGQTTYQETQYF	TRBV27*01	2.9e-05	0.7611227724922056
CATSDARDRLTDTQYF	TRBV24-1*01	2.9e-05	0.8979798951541366
CSARDSGLAGGGTQYF	TRBV20-1*01	2.9e-05	0.9302969936219613
CASSIDWRAGFGYTF	TRBV19*01	2.9e-05	0.919225912807561
CASSSTEGRHYGYTF	TRBV9*01	2.9e-05	0.3533009644671163
CATFGGQRGNEQFF	TRBV10-3*01	2.9e-05	0.8643945673811262
CASRTSGGYNEQFF	TRBV19*01	2.9e-05	0.18920069376910084
CASSYGGLGDTQYF	TRBV6-5*01	2.9e-05	0.46849650282751515
CASSTGQEAGELFF	TRBV7-2*01	2.9e-05	0.30408903646584207
CSASSGVSYNEQFF	TRBV20-1*04	2.9e-05	0.7477728122411331
CSARAPAGGYEQYF	TRBV20-1*01	2.9e-05	0.9626396603349354
CASSFIGGYGYTF	TRBV7-9*01	2.9e-05	0.21378422018350945
CSARPAGNSPLHF	TRBV20-1*01	2.9e-05	0.8563766475943162
CATGLAQETQYF	TRBV6-2*01	2.9e-05	0.7218878215135938
CASSQDVVTSGGSYEQYF	TRBV4-2*01	2.9e-05	0.6674261662030442
CASSPVSSKGAYNEQFF	TRBV28*01	2.9e-05	0.6572159608109315
CSARETPLGGFTDTQYF	TRBV20-1*01	2.9e-05	0.9780567613836308
CASSPLGPDISGELFF	TRBV18*01	2.9e-05	0.5687203823576314
CASSFGAGPSYNEQFF	TRBV11-2*01	2.9e-05	0.6132360729667029
CASSPLAGGVKDTQYF	TRBV3-1*01	2.9e-05	0.3204836533331567
CASSQGFDLKYYEQYF	TRBV3-1*01	2.9e-05	0.9076922736864733
CAISVSGGVRETQYF	TRBV10-3*01	2.9e-05	0.8041955376481186
CASSRSGTLTGELFF	TRBV5-8*01	2.9e-05	0.6405181504350262
CASSDASGGTDTQYF	TRBV6-4*01	2.9e-05	0.2756666344986775
CASSFFGGAGQPQHF	TRBV5-5*01	2.9e-05	0.46213635400699304
CASSLGGRVDSPLHF	TRBV7-9*01	2.9e-05	0.4745071641005976
CASSGLRGSYNEQFF	TRBV9*01	2.9e-05	0.16423191507148588
CASSFTGTENTEAFF	TRBV5-1*01	2.9e-05	0.3033796677070757
CAWSATSGLETQYF	TRBV30*01	2.9e-05	0.7485159873611614
CASSGTGATDTQYF	TRBV9*01	2.9e-05	0.20662290940388467
CASRQGHSTDTQYF	TRBV6-1*01	2.9e-05	0.5348615699163418
CASSSNRMEETQYF	TRBV5-1*01	2.9e-05	0.7206618902908102
CASSPEPAQETQYF	TRBV5-1*01	2.9e-05	0.7483494689075909
CASSQVRQNTEAFF	TRBV4-1*01	2.9e-05	0.3353210735726163
CSASTQLVGTEAFF	TRBV20-1*04	2.9e-05	0.7500174376720363
CASSDPQVYEQYF	TRBV25-1*01	2.9e-05	0.5950601307269683
CASSVTGQGEQFF	TRBV9*01	2.9e-05	0.428784891221058
CSAREPVNTEAFF	TRBV20-1*01	2.9e-05	0.9402225128487757
CSVQARDEKLFF	TRBV29-1*01	2.9e-05	0.9222578178753611
CASSFWGGTSGGIQTQYF	TRBV11-2*01	2.9e-05	0.7708125393281929
CASSIRQGRNSGANVLTF	TRBV5-1*01	2.9e-05	0.6310158482397308
CATSDLLGTSGADEQFF	TRBV24-1*01	2.9e-05	0.6580663553660956
CASSSWTSGATDTQYF	TRBV27*01	2.9e-05	0.4498903807199975
CASSELGGRTYNEQFF	TRBV6-4*01	2.9e-05	0.4319556129723449
CASSPFRDRASDTQYF	TRBV14*01	2.9e-05	0.7405112765192231
CASSPTLRDEIEKLFF	TRBV3-1*01	2.9e-05	0.8146032276033659
CASSIVRTAPVEQFF	TRBV19*01	2.9e-05	0.8035785985736817
CASSFWFRESYEQYF	TRBV5-6*01	2.9e-05	0.9352692748374097
CASSPRTGGQETQYF	TRBV9*01	2.9e-05	0.2649491120354572
CASSQDSGGRQPQHF	TRBV3-1*01	2.9e-05	0.2785066368947355
CASSLGGLNTGELFF	TRBV5-1*01	2.9e-05	0.14523171502085
CASSQAAGDYTEAFF	TRBV4-1*01	2.9e-05	0.36654154573227377
CASSQERGIYNEQFF	TRBV4-3*01	2.9e-05	0.5277209897436488
CASSPYDSYNEQFF	TRBV18*01	2.9e-05	0.4888658716163547
CASLPRVRSETQYF	TRBV6-4*01	2.9e-05	0.8655264240614978
CASVLGGSRQPQHF	TRBV7-2*01	2.9e-05	0.20780962324461225
CASSPEGLEETQYF	TRBV2*01	2.9e-05	0.5274855818838339
CASSTRDRTDTQYF	TRBV6-6*03	2.9e-05	0.47830590019907104
CASSLVGTNEKLFF	TRBV7-9*01	2.9e-05	0.2037059450667626
CASSPLDRIYGYTF	TRBV7-9*01	2.9e-05	0.5251269911205247
CASSRLAGNNEQFF	TRBV3-1*01	2.9e-05	0.38690879772013886
CASSETTQGDTQYF	TRBV9*01	2.9e-05	0.5455005580325362
CASSPGQGKTQYF	TRBV6-6*03	2.9e-05	0.6075355614313923
CASSQVLRAEAFF	TRBV3-1*01	2.9e-05	0.8463844397240526
CASSTHNEQFF	TRBV19*01	2.9e-05	0.23567103684414453
CASRRGGEQFF	TRBV6-6*05	2.9e-05	0.2078686215807214
CASNRGTEAFF	TRBV6-6*03	2.9e-05	0.15595560897074665
CAWHVAGDGGLAKNIQYF	TRBV30*01	2.9e-05	0.9799796742670464
CAISESAQFESNEKLFF	TRBV10-3*01	2.9e-05	0.774572914341982
CASSDGGTSGGQETQYF	TRBV6-1*01	2.9e-05	0.4197148878835592
CSARDLQGALSNSPLHF	TRBV20-1*01	2.9e-05	0.9684724591744402
CASSDGSSGKTDTQYF	TRBV9*01	2.9e-05	0.6029038511428172
CASSPEWAGLGDTQYF	TRBV6-6*05	2.9e-05	0.8422362537968039
CSARSLGTGGYNEQFF	TRBV20-1*05	2.9e-05	0.8294014071612995
CSARKGLAASYNEQFF	TRBV20-1*01	2.9e-05	0.9666040572232124
CASTPRTSGPNEQFF	TRBV18*01	2.9e-05	0.7558375342337976
CASSVGGRGGNEQFF	TRBV9*01	2.9e-05	0.35568343616045445
CASRPGTDNTGELFF	TRBV6-6*04	2.9e-05	0.30527265244801716
CASSSLAVITDTQYF	TRBV10-2*01	2.9e-05	0.4797728356053951
CASSIGQETGELFF	TRBV19*01	2.9e-05	0.25033484059807193
CASSLAGETGELFF	TRBV6-6*04	2.9e-05	0.1338164653090405
CASSQRERERSQYF	TRBV3-1*01	2.9e-05	0.8491498439904787
CASSVEGPYNEQFF	TRBV9*01	2.9e-05	0.3262808409893332
CASSGTLAKNIQYF	TRBV7-3*01	2.9e-05	0.7902875302932665
CASREIATNEKLFF	TRBV28*01	2.9e-05	0.5812402080257142
CASSSLGREGEQFF	TRBV5-1*01	2.9e-05	0.40165239407486814
CSARLAGDQETQYF	TRBV20-1*04	2.9e-05	0.8852908940227985
CASSPASYNEQFF	TRBV18*01	2.9e-05	0.28052741492664546
CASSFLGRTEAFF	TRBV28*01	2.9e-05	0.4361720204606041
CASSQDAGNEQFF	TRBV3-1*01	2.9e-05	0.2809905183983332
CASSVGGNTEAFF	TRBV9*01	2.9e-05	0.08636568319475595
CASSNTGGTEAFF	TRBV6-6*05	2.9e-05	0.09866147730479431
CSASDRGFETQYF	TRBV20-1*01	2.9e-05	0.9135935407288199
CSVVGVTNYGYTF	TRBV29-1*01	2.9e-05	0.7499563705812254
CASSIGQETQYF	TRBV19*01	2.9e-05	0.26478902127986487
CASSLFVDTQYF	TRBV28*01	2.9e-05	0.5351826417418886
CASSDSGDTQYF	TRBV7-2*01	2.9e-05	0.1820834973262132
CSARGRSYGYTF	TRBV20-1*01	2.9e-05	0.7645253647593796
CASKTGETQYF	TRBV28*01	2.9e-05	0.3904683755330889
CASSQVGAGTSVYNEQFF	TRBV4-2*01	2.9e-05	0.6850237350179265
CASSLAGYSSYNEQFF	TRBV11-2*01	2.9e-05	0.37639564053598723
CASSYTRRIGRDEQYF	TRBV7-9*01	2.9e-05	0.944823985580021
CASSLGASGGLETQYF	TRBV11-2*01	2.9e-05	0.4090299199845976
CASSPGRIAMNTEAFF	TRBV7-9*01	2.9e-05	0.6117490098853972
CASSHEGTGGFYEQYF	TRBV4-2*01	2.9e-05	0.3243722282832663
CASSAAGTGEGQPQHF	TRBV7-9*04	2.9e-05	0.17542340849503837
CASSQVFREWSDTQYF	TRBV4-3*01	2.9e-05	0.9765240811405614
CASSAGAGRNNEQFF	TRBV19*01	2.9e-05	0.4327378639686224
CASSEAWGGTDTQYF	TRBV2*01	2.9e-05	0.5087458361826674
CASSLVSASTDTQYF	TRBV7-3*01	2.9e-05	0.4889406683884501
CASSRAGTGVEKLFF	TRBV7-9*01	2.9e-05	0.4942779133540683
CASRGTPDSYNEQFF	TRBV10-2*01	2.9e-05	0.7083666991347003
CSARETSGKSYEQFF	TRBV20-1*01	2.9e-05	0.9588410328902479
CSVEEDRAQIGKLFF	TRBV29-1*01	2.9e-05	0.9736909025151438
CASIPDTTQETQYF	TRBV7-9*01	2.9e-05	0.8522355068422932
CASSSSSRGVMAFF	TRBV27*01	2.9e-05	0.8829245866041253
CASSYSGQQETQYF	TRBV6-5*01	2.9e-05	0.38593824936412846
CASSLAGPQDTQYF	TRBV5-5*01	2.9e-05	0.32196317014540743
CASSLRRTTYEQYF	TRBV7-6*01	2.9e-05	0.37561817076213844
CASSSDSRNEKLFF	TRBV5-6*01	2.9e-05	0.2421912320298966
CASSLRFLGSEQFF	TRBV7-2*01	2.9e-05	0.5156408611681433
CASSPDRWNSPLHF	TRBV7-9*01	2.9e-05	0.5781618622914152
CASSHRDRAQEQFF	TRBV4-2*01	2.9e-05	0.6704098343344665
CASSQDRTGELFF	TRBV3-1*01	2.9e-05	0.17640396093195543
CSARKGANVLTF	TRBV20-1*01	2.9e-05	0.8446401935114958
CASSSTASGYPTGELFF	TRBV7-3*01	2.9e-05	0.6426055665075091
CASSSLPGLAGVWEQFF	TRBV7-3*01	2.9e-05	0.8092956984508016
CATSRGGSSYNEQFF	TRBV15*01	2.9e-05	0.23798726241820173
CASTRGQQGGTEAFF	TRBV6-6*03	2.9e-05	0.42055504237619734
CASSQGRGPYNEQFF	TRBV11-1*01	2.9e-05	0.2948909513780132
CASSLETGATGELFF	TRBV7-3*01	2.9e-05	0.21277840039396412
CASSVEQGIPDTQYF	TRBV9*01	2.9e-05	0.8049213419816136
CASSTGREVYNEQFF	TRBV13*01	2.9e-05	0.40372476544365293
CASSLAGGANGYTF	TRBV5-6*01	2.9e-05	0.31444901055133057
CASSLALVGNEQFF	TRBV7-2*01	2.9e-05	0.5326766815500226
CASSPDRNTGELFF	TRBV11-3*01	2.9e-05	0.1322578222132561
CASSVATGGETQYF	TRBV9*01	2.9e-05	0.35023349279780774
CASSQVAGEQYF	TRBV3-1*01	2.9e-05	0.31559060780848536
CASSQDAGLAGGTGELFF	TRBV3-1*01	2.9e-05	0.5527159994244704
CASSEALGQGGNIQYF	TRBV6-1*01	2.9e-05	0.6747473958565771
CASSLVGPSLQNIQYF	TRBV14*01	2.9e-05	0.8134261984332414
CASSPGQGYEQYF	TRBV4-3*01	2.9e-05	0.11829972239694254
CASGWGLGYTF	TRBV14*01	2.9e-05	0.5693728266682689
CASNGYNEQFF	TRBV28*01	2.9e-05	0.26986209722955173
CASSYLQEYQETQYF	TRBV6-5*01	2.8e-05	0.5717161929234329
CAITTGQGREKLFF	TRBV10-3*01	2.8e-05	0.6758558952762186
CASSDGGAGELFF	TRBV6-4*01	2.8e-05	0.22520695896671564
CASRTLPYNEQFF	TRBV2*02	2.8e-05	0.593653203351773
CSVRQGWDTEAFF	TRBV29-1*01	2.8e-05	0.8603353043827224
CASSPVEASGTSGGEQYF	TRBV18*01	2.8e-05	0.529605994045751
CASTERRGFSYNEQFF	TRBV19*01	2.8e-05	0.6592292901816149
CASSSLTSGDADTQYF	TRBV28*01	2.8e-05	0.45338230421547593
CASSQGLAGPSNEQFF	TRBV28*01	2.8e-05	0.7451318711624523
CASSLGSGQEYLPLHF	TRBV7-2*01	2.8e-05	0.8629515451806002
CASSLAVKNTYEQYF	TRBV7-6*01	2.8e-05	0.39117955696487566
CSARNLAGPYEQYF	TRBV20-1*01	2.8e-05	0.9125014757913393
CASSLVGPGELFF	TRBV11-2*01	2.8e-05	0.49291513971591877
CASSLELNTEAFF	TRBV7-3*01	2.8e-05	0.13945772773175774
CSVVPGQSYEQYF	TRBV29-1*01	2.8e-05	0.8472704516547396
CASSEPTFLRQGVLGGAEAFF	TRBV9*01	2.8e-05	0.983767100021174
CASSQEERGGSYNEQFF	TRBV3-1*01	2.8e-05	0.4261888032438602
CATSRTSGGSSDTQYF	TRBV24-1*01	2.8e-05	0.28878558441940916
CASSFSRTGGLGGYTF	TRBV7-9*01	2.8e-05	0.5099496222449205
CASSPRGLDTDTQYF	TRBV28*01	2.8e-05	0.2975514628915032
CASSLEGTSTRPQHF	TRBV7-2*01	2.8e-05	0.6348109322679041
CASSLQGLGSDTQYF	TRBV5-1*01	2.8e-05	0.3832547578671736
CASSQGDRGGNTIYF	TRBV4-1*01	2.8e-05	0.18576001665196282
CASSKRDSLNTEAFF	TRBV4-3*01	2.8e-05	0.6071901230020745
CASSEGLRGETQYF	TRBV2*01	2.8e-05	0.45652684022334494
CASSLVQLNQPQHF	TRBV5-8*01	2.8e-05	0.37759842969061924
CASSLLATGYGYTF	TRBV3-1*01	2.8e-05	0.19038512976505811
CAIDRGTSYGYTF	TRBV10-3*01	2.8e-05	0.437263134623329
CASSEEFTGELFF	TRBV6-1*01	2.8e-05	0.3436981759492069
CASRANRGGEAFF	TRBV11-2*01	2.8e-05	0.5917102663398917
CSASGGQVTEAFF	TRBV20-1*02	2.8e-05	0.8018530313267586
CSAEGVGETEAFF	TRBV20-1*01	2.8e-05	0.5967830963613141
CAWARGYAEAFF	TRBV30*05	2.8e-05	0.8518204984746742
CASSSASETQYF	TRBV28*01	2.8e-05	0.18252158907842467
CASRRNTGELFF	TRBV6-6*04	2.8e-05	0.12308101788318199
CSERQGRSEAFF	TRBV20-1*01	2.8e-05	0.731592371108837
CSVEDGLAEQYF	TRBV29-1*01	2.8e-05	0.919357627503273
CASSVGGGGLAGGPGVIQYF	TRBV9*01	2.8e-05	0.8136009733094323
CASSVVAPGLATDEQFF	TRBV9*01	2.8e-05	0.8045359000342492
CASSDRSGRSYNEQFF	TRBV6-4*01	2.8e-05	0.24951219669546373
CASSVSSGGPGNEQFF	TRBV10-1*01	2.8e-05	0.3916876829803332
CATDAGIANTGELFF	TRBV10-3*01	2.8e-05	0.7997036248462027
CASSYGTSGQETQYF	TRBV6-5*01	2.8e-05	0.48468785239618456
CASSESAGGTDTQYF	TRBV6-1*01	2.8e-05	0.2249613979290302
CASSFEEALGNEQFF	TRBV7-9*01	2.8e-05	0.8696020860553823
CASSRISGGDNEQFF	TRBV11-3*01	2.8e-05	0.5782422790123705
CASSVAGLAGGLQYF	TRBV9*01	2.8e-05	0.6324806139372559
CASSLGQGLDEQFF	TRBV6-5*01	2.8e-05	0.39354743604811837
CASSLRDSYNEQFF	TRBV7-8*01	2.8e-05	0.2441960169229977
CASSQATAGNTIYF	TRBV14*01	2.8e-05	0.3348126322618844
CASSVAGGTDTQYF	TRBV9*01	2.8e-05	0.20490575067430095
CATQGAGGREQFF	TRBV10-3*01	2.8e-05	0.6750125447341793
CASSLPSHNEQFF	TRBV7-6*01	2.8e-05	0.41438334775433694
CASSRQGGQPQHF	TRBV7-9*01	2.8e-05	0.10599045845384673
CASRTQGSVEAFF	TRBV3-1*01	2.8e-05	0.6078443926786996
CSARDLQAETQYF	TRBV20-1*01	2.8e-05	0.957953921113866
CSASLLAVEQFF	TRBV20-1*04	2.8e-05	0.9284106704441408
CASSSREGYTF	TRBV7-2*01	2.8e-05	0.10404173810098562
CASSKRTSGGLSTDTQYF	TRBV5-1*01	2.8e-05	0.5365303647034267
CSARDSRLLKGNQPQHF	TRBV20-1*01	2.8e-05	0.9748662842281215
CASSSGTVRLQETQYF	TRBV6-6*05	2.8e-05	0.7568769271213778
CASSPRLAGIYNEQFF	TRBV7-8*03	2.8e-05	0.5059307267190017
CASRHLGDRMNTEAFF	TRBV7-9*01	2.8e-05	0.8414052174918869
CASSPGSIYGKNIQYF	TRBV5-1*01	2.8e-05	0.7390911895320995
CASSHSGLAGHNEQFF	TRBV4-1*01	2.8e-05	0.5266828458305164
CASSQDWGSGANVLTF	TRBV4-3*01	2.8e-05	0.26694182734583993
CASSPGQGGITEAFF	TRBV18*01	2.8e-05	0.2507136944857623
CASSLGGGTYNEQFF	TRBV7-6*01	2.8e-05	0.21274351837873812
CASSLGQGTGYEQYF	TRBV7-9*01	2.8e-05	0.14914436252434107
CASSQDYRGSDTQYF	TRBV4-2*01	2.8e-05	0.4966424183839608
CASSVVQGANTEAFF	TRBV9*01	2.8e-05	0.21271027752590496
CASSNGLSSTDTQYF	TRBV6-6*04	2.8e-05	0.41495605931556967
CAITNSGSPNEQFF	TRBV10-3*01	2.8e-05	0.7619819514340641
CASSLLSNTDTQYF	TRBV28*01	2.8e-05	0.2680749604871327
CASSLRQITDTQYF	TRBV5-8*01	2.8e-05	0.5190895572688704
CASSQFSNREDKFF	TRBV9*01	2.8e-05	0.9005412112919124
CASSEGLEGREQYF	TRBV9*01	2.8e-05	0.3893596918487082
CASSTYRNSYEQYF	TRBV5-8*01	2.8e-05	0.4618198353998451
CATSRGYNQPQHF	TRBV5-6*01	2.8e-05	0.27999784206126455
CASSLEYRGEAFF	TRBV7-2*01	2.8e-05	0.602965788409159
CSVRDISYNEQFF	TRBV20-1*01	2.8e-05	0.8805311653405026
CSARDRVTNIQYF	TRBV20-1*01	2.8e-05	0.9703135542476719
CSARRPRGEQYF	TRBV20-1*01	2.8e-05	0.951734136843364
CASSYRDTQYF	TRBV7-8*01	2.8e-05	0.1808187972706071
CASSQDWSGGSGGSYEQYF	TRBV3-1*01	2.8e-05	0.38232023788374914
CAIRGSDGLAENTDTQYF	TRBV10-3*01	2.8e-05	0.7866541769514184
CAIREGVGSGLQETQYF	TRBV10-3*01	2.8e-05	0.7816335778083429
CASSHPGLAGGHGRLFF	TRBV4-2*01	2.8e-05	0.8754448012049114
CASRLGTGRSLNEKLFF	TRBV5-1*01	2.8e-05	0.630720044175681
CASSSFMGDRAYEQYF	TRBV5-4*01	2.8e-05	0.616874273065642
CASSTTSGGGADTQYF	TRBV6-2*01	2.8e-05	0.2420242248051872
CASSPLGGGGTDTQYF	TRBV5-1*01	2.8e-05	0.2547676696321101
CASKKGGDSQETQYF	TRBV11-3*01	2.8e-05	0.6984338761995295
CASGLGSRGGNEQYF	TRBV7-2*01	2.8e-05	0.5244248333963379
CASSLPTGPTDTQYF	TRBV28*01	2.8e-05	0.3998847878360172
CASSLGRGPKNIQYF	TRBV27*01	2.8e-05	0.7690666026185542
CASSEHSSGSDTQYF	TRBV6-1*01	2.8e-05	0.48462400150495805
CASSRAGGTGNTIYF	TRBV11-2*02	2.8e-05	0.16302258119472388
CASSFLGQGNEKLFF	TRBV13*01	2.8e-05	0.4481929152739604
CASSLGAGTYNEQFF	TRBV7-3*01	2.8e-05	0.2279242571896087
CASSQSGHYNSPLHF	TRBV16*01	2.8e-05	0.5056261727747069
CASSQDSGGTDTQYF	TRBV4-1*01	2.8e-05	0.24100876011663647
CSVGRGRQGLYEQYF	TRBV29-1*01	2.8e-05	0.8436478536743556
CASSGGQITDTQYF	TRBV6-4*01	2.8e-05	0.5376973910180981
CASSSGGEQETQYF	TRBV9*01	2.8e-05	0.3622061285263846
CASSKDGAWYEQYF	TRBV7-9*01	2.8e-05	0.5016386562031847
CSAGGASPNNEQFF	TRBV20-1*02	2.8e-05	0.9572433012531583
CASSFGITDTQYF	TRBV5-5*01	2.8e-05	0.3613882658894655
CASSSDRGLEQYF	TRBV7-7*01	2.8e-05	0.3897616713589519
CASSFQVPDTQYF	TRBV5-1*01	2.8e-05	0.8358468558682252
CASSRRRSEQFF	TRBV6-2*01	2.8e-05	0.4108777114749442
CASSFPGTEAFF	TRBV7-3*01	2.8e-05	0.2791762011478836
CASSEYGGELFF	TRBV10-1*01	2.8e-05	0.3343235562206777
CSAPTDSYEQYF	TRBV20-1*01	2.8e-05	0.7580868948899911
CASSSDNEQFF	TRBV6-5*01	2.8e-05	0.20161067046232067
CATFHVRLQYF	TRBV10-2*01	2.8e-05	0.9933673502180779
CASSLAPMEDGRRHNEQFF	TRBV5-1*01	2.8e-05	0.8508984740397351
CASSLGWVNRLENTEAFF	TRBV5-1*01	2.8e-05	0.734287350100667
CASSQASKQGAADIQYF	TRBV3-1*01	2.8e-05	0.6349034934440567
CASSGRTGRKTGELFF	TRBV6-1*01	2.8e-05	0.7919768172549406
CASSPDRIAMNTEAFF	TRBV7-9*01	2.8e-05	0.5914879140584042
CASSRLALSSYNEQFF	TRBV10-1*01	2.8e-05	0.6778428703394354
CASSLGLAGGPRQFF	TRBV7-2*01	2.8e-05	0.6315230288244356
CASSPYRPDTGELFF	TRBV11-2*01	2.8e-05	0.7390872126280376
CASSLSQRAGELFF	TRBV7-3*01	2.8e-05	0.4599628898599024
CASSPGRAVTAQHF	TRBV3-1*01	2.8e-05	0.7629182088728501
CASRPGQGGDTQYF	TRBV6-1*01	2.8e-05	0.24659677099868044
CSAKGQFSTDTQYF	TRBV20-1*01	2.8e-05	0.9688027311527134
CSVKTGTGANEQFF	TRBV29-1*01	2.8e-05	0.901853504036769
CASSQVVVEKLFF	TRBV4-1*01	2.8e-05	0.6286735303676829
CSGRDRVGFGYTF	TRBV29-1*01	2.8e-05	0.9209447886504748
CASSPSRVPEFF	TRBV27*01	2.8e-05	0.9034091926613333
CSASIDYEQYF	TRBV20-1*04	2.8e-05	0.5996802996750847
CASSLVASGSSTDTQYF	TRBV5-6*01	2.8e-05	0.4445606700546049
CASSSASSGRRTEAFF	TRBV27*01	2.8e-05	0.18586351760534833
CASSYLEGGPAGELFF	TRBV4-2*01	2.8e-05	0.676267147539269
CSVSTLGPGRNEKLFF	TRBV29-1*01	2.8e-05	0.9084238870569679
CSARAGTGDRGIQYF	TRBV20-1*01	2.8e-05	0.9864290317742691
CASKASRGLQPQHF	TRBV19*01	2.8e-05	0.7765489557082833
CASSPGQILYEQYF	TRBV7-2*01	2.8e-05	0.512909150592176
CSARDYRSYNEQFF	TRBV20-1*01	2.8e-05	0.9478407723363681
CGASGRGTDTQYF	TRBV29-1*01	2.8e-05	0.6551233517154783
CATSDFSDTQYF	TRBV24-1*01	2.8e-05	0.536192930127726
CASSQNTDTQYF	TRBV27*01	2.8e-05	0.1857860545217415
CAISNPFTSGSTETQYF	TRBV10-3*01	2.8e-05	0.9240475660101322
CASSLRGGDGYTF	TRBV5-6*01	2.8e-05	0.27507549794031155
CASARAGRTGFTDTQYF	TRBV11-3*01	2.7e-05	0.6380469981261879
CASSHGLGADTQYF	TRBV6-2*01	2.7e-05	0.3535375389391559
CATSDFGGEQYF	TRBV24-1*01	2.7e-05	0.4391869827019591
CASSRGQTGGDSGELFF	TRBV18*01	2.7e-05	0.4372639926174184
CASSLRGTGGVGEQFF	TRBV6-6*04	2.7e-05	0.48257275950393114
CASSGGGKTFQSKLFF	TRBV7-2*01	2.7e-05	0.7928752329140213
CASSSGLGATGELFF	TRBV7-6*01	2.7e-05	0.2119701804975331
CSARVASGGDTQYF	TRBV20-1*01	2.7e-05	0.9710698886130482
CASSFGLVVLSSNTGELFF	TRBV28*01	2.7e-05	0.9503884539104749
CASSLGPATYQYRETQYF	TRBV27*01	2.7e-05	0.934953190005098
CASSYQTGGSGIHEQFF	TRBV7-3*01	2.7e-05	0.7040822421727442
CASSRLMGGVSGEKLFF	TRBV7-2*01	2.7e-05	0.6260939545127835
CASSEGREGPVDEQFF	TRBV6-4*01	2.7e-05	0.8492243161272168
CASSHVPGFSNYGYTF	TRBV3-1*01	2.7e-05	0.799264660212159
CASSGMTPASGNTIYF	TRBV9*01	2.7e-05	0.8850632293942963
CSAPLGKAGGTDTQYF	TRBV20-1*01	2.7e-05	0.9225053735816418
CASSYTVAAGTEAFF	TRBV6-5*01	2.7e-05	0.8002253539196054
CASSGLSGGTDTQYF	TRBV6-1*01	2.7e-05	0.22748858981360418
CASSPWTGAGDTQYF	TRBV7-6*01	2.7e-05	0.6332764869012578
CASSHDSSSGNTIYF	TRBV3-1*01	2.7e-05	0.21286433537154742
CSARGLQGGSYEQYF	TRBV20-1*01	2.7e-05	0.7922385711495847
CSARGGWADTDTQYF	TRBV20-1*01	2.7e-05	0.9624499313498011
CAITDGLLNTEAFF	TRBV10-3*01	2.7e-05	0.6830552052913258
CASLPRQGNTEAFF	TRBV19*01	2.7e-05	0.5280170546678922
CASSTQGMNTEAFF	TRBV18*01	2.7e-05	0.14268811669976425
CASSWDRNTGELFF	TRBV4-1*01	2.7e-05	0.2648898222627303
CSAHQQGDTGELFF	TRBV20-1*01	2.7e-05	0.8809895429317243
CSAGLAGGPGEQYF	TRBV20-1*01	2.7e-05	0.8809486910107232
CASRHTIGGAQYF	TRBV27*01	2.7e-05	0.8517388506030817
CASSLGQGQPQHF	TRBV4-1*01	2.7e-05	0.0781951517235098
CIRGGRNTGELFF	TRBV20-1*01	2.7e-05	0.5950738756109526
CSARGGSYNEQFF	TRBV20-1*01	2.7e-05	0.7235653770226367
CAPDGLDQPQHF	TRBV13*01	2.7e-05	0.6588041653266126
CASKESGNEQFF	TRBV27*01	2.7e-05	0.43053931429389325
CASGPHGIQYF	TRBV2*01	2.7e-05	0.8092412703281668
CASSFTGELFF	TRBV11-3*01	2.7e-05	0.1381955563379611
CASSPRDSRLAGETGELFF	TRBV6-6*04	2.7e-05	0.7389958939633249
CSARDPGQGALSSYNEQFF	TRBV20-1*01	2.7e-05	0.9669822409850136
CASSIGLAGGADTQYF	TRBV19*01	2.7e-05	0.2768187845020649
CASSARESSGANVLTF	TRBV5-1*01	2.7e-05	0.2613248045787577
CASSQGDGDSYNEQFF	TRBV4-1*01	2.7e-05	0.26868569628949196
CATSEDGGTYNEQFF	TRBV15*02	2.7e-05	0.5702507667780936
CASSEVGIPQETQYF	TRBV6-1*01	2.7e-05	0.657951003331611
CSARPWGSYTDTQYF	TRBV20-1*01	2.7e-05	0.9320042257248794
CASSPTTVQETQYF	TRBV5-8*01	2.7e-05	0.6771045384082459
CASSVGDRVETQYF	TRBV9*01	2.7e-05	0.6124870739464835
CASKGARIYNEQFF	TRBV6-1*01	2.7e-05	0.7255847711107798
CASSPERGADTQYF	TRBV4-1*01	2.7e-05	0.3493086513868029
CSARTPLSYNEQFF	TRBV20-1*02	2.7e-05	0.9918094642399649
CSVEDRGRGGGAFF	TRBV29-1*01	2.7e-05	0.9695892166684035
CASSDGDTGELFF	TRBV6-4*01	2.7e-05	0.16106941915590015
CASSADREVEAFF	TRBV5-6*01	2.7e-05	0.5143958169012893
CASSGSGRGEQFF	TRBV3-1*01	2.7e-05	0.22499714943770294
CASSVFGDEQFF	TRBV9*01	2.7e-05	0.41104489591809257
CASSLGNEQFF	TRBV6-5*01	2.7e-05	0.16552582249318984
CASTSLSLAGAKNIQYF	TRBV27*01	2.7e-05	0.8024108061220652
CASSFHKTSGGDNEQFF	TRBV11-3*01	2.7e-05	0.9007277780870798
CASSSPTGGEKNYGYTF	TRBV7-9*01	2.7e-05	0.307408331743243
CASSLAAGGGVNTEAFF	TRBV5-1*01	2.7e-05	0.15910099555438115
CASSQDLLAGAVNEQFF	TRBV4-3*01	2.7e-05	0.6806773092488139
CASSLTSRDPQETQYF	TRBV27*01	2.7e-05	0.8162970004317208
CASSSPGTGVPWTQYF	TRBV5-5*02	2.7e-05	0.8008913740633576
CASSPGVGGQNYGYTF	TRBV7-9*01	2.7e-05	0.2542349568478234
CASSVGGAGSNEKLFF	TRBV9*01	2.7e-05	0.26279823158917703
CASSVGLAGSQETQYF	TRBV9*01	2.7e-05	0.2903235087043382
CATSRDTGGGYGYTF	TRBV15*02	2.7e-05	0.12541918233702076
CASSDSSGGADTQYF	TRBV6-4*01	2.7e-05	0.18254238290215308
CASSLTGQITGELFF	TRBV7-3*01	2.7e-05	0.4762907646122081
CASSTGPLLGNTIYF	TRBV13*01	2.7e-05	0.6177474992543445
CASSQGDRVNQPQHF	TRBV4-1*01	2.7e-05	0.3553549596499153
CASRGMGGSEETQYF	TRBV5-1*01	2.7e-05	0.5555121422077148
CSVERGQLNTGELFF	TRBV29-1*01	2.7e-05	0.8222957629915367
CASSVTGGYQPQHF	TRBV6-1*01	2.7e-05	0.230099601283227
CASSDGTGGNEQFF	TRBV6-4*01	2.7e-05	0.20525120322019852
CASSFRTDTGELFF	TRBV7-7*01	2.7e-05	0.2736272361656685
CASSLIDANTEAFF	TRBV5-6*01	2.7e-05	0.3535491726980263
CASSLQLSWDEQFF	TRBV11-3*01	2.7e-05	0.6482443581690169
CASSLTGLGTEAFF	TRBV7-3*01	2.7e-05	0.38940131442128717
CASSRGQGTKTQYF	TRBV11-2*01	2.7e-05	0.8664811597896819
CASSGTGTSVEQYF	TRBV7-6*02	2.7e-05	0.5275738895881728
CASSIPGQRNIQYF	TRBV11-2*01	2.7e-05	0.7433425338407652
CASSSAGGQETQYF	TRBV5-1*01	2.7e-05	0.24739712342629183
CASSAQGDREKLFF	TRBV5-1*01	2.7e-05	0.317420273359753
CASRGVSGEKLFF	TRBV6-1*01	2.7e-05	0.27247824848250235
CASSPGGKTEAFF	TRBV9*01	2.7e-05	0.2895161043822754
CASSHGTSAEQFF	TRBV7-9*01	2.7e-05	0.6427134013874821
CASSIGRQETQYF	TRBV4-2*01	2.7e-05	0.3885526370180458
CASSVASGEQFF	TRBV9*01	2.7e-05	0.3554549276361405
CASSPRGHQFF	TRBV2*01	2.7e-05	0.5192162321565635
CSVAGAYEQYF	TRBV29-1*01	2.7e-05	0.6144589316589812
CASSPRQLPACLFTDTQYF	TRBV3-2*02	2.7e-05	0.9244385615317086
CASSFSRELAGAGANVLTF	TRBV5-1*01	2.7e-05	0.5255776884626808
CASSLSLKGVYTDTQYF	TRBV27*01	2.7e-05	0.6622778790724728
CASSQMIGGGENTEAFF	TRBV4-1*01	2.7e-05	0.6091959869262474
CASSQPLAGGVAGELFF	TRBV4-1*01	2.7e-05	0.6435587420893477
CASSLFSGGSGNEQFF	TRBV7-2*01	2.7e-05	0.5102252634375757
CASSLGGRAGTDTQYF	TRBV7-2*01	2.7e-05	0.3165514741730076
CASSQWTSKKHDEQFF	TRBV14*01	2.7e-05	0.8496710165765226
CASSQVPRGRNSPLHF	TRBV3-1*01	2.7e-05	0.8943765021625949
CASSALSPFQTDTQYF	TRBV7-3*01	2.7e-05	0.6037683904417623
CASRGLQANAYNEQFF	TRBV28*01	2.7e-05	0.6866201076673538
CASSLGDGINTGELFF	TRBV5-1*01	2.7e-05	0.27716263693347726
CAWMGLADSYNEQFF	TRBV30*01	2.7e-05	0.9281380478411074
CASRRGGGQDYGYTF	TRBV28*01	2.7e-05	0.24734629857086568
CASIDRVRFTGELFF	TRBV5-6*01	2.7e-05	0.8132322141420667
CASSSASRSGETQYF	TRBV27*01	2.7e-05	0.3731228338310062
CASSELLGAQETQYF	TRBV2*03	2.7e-05	0.35817164587042205
CASSFVLAGANVLTF	TRBV5-6*01	2.7e-05	0.6344666317078166
CASSLRQQNTGELFF	TRBV7-8*03	2.7e-05	0.21813646697666125
CASSALDSRNEKLFF	TRBV9*03	2.7e-05	0.3130103727319605
CASSPGGSAAYEQYF	TRBV4-1*01	2.7e-05	0.3713129032967303
CATSRRGTEETQYF	TRBV24-1*01	2.7e-05	0.49752921759594637
CASSRTSGAETQYF	TRBV7-8*03	2.7e-05	0.2854642008036051
CASSPPLDNSPLHF	TRBV11-3*01	2.7e-05	0.7411004566307654
CASSEGGTTGELFF	TRBV6-1*01	2.7e-05	0.16998229806436518
CASSLTGATYEQYF	TRBV7-9*01	2.7e-05	0.20104042017575907
CASSPTGLPGEQFF	TRBV7-9*04	2.7e-05	0.9013554829504713
CASSPGHFSYEQYF	TRBV7-6*01	2.7e-05	0.5556608169327407
CASSQMLANEKLFF	TRBV14*01	2.7e-05	0.5726927727015831
CSAGGTVNTGELFF	TRBV20-1*01	2.7e-05	0.8738214176094916
CASSFRRVDTQYF	TRBV11-3*01	2.7e-05	0.6612832315198078
CASSLLPDYEQYF	TRBV5-6*01	2.7e-05	0.32714107220896504
CASSQVLNTEAFF	TRBV4-1*01	2.7e-05	0.2628392042630008
CASGPNRGAQFF	TRBV7-7*01	2.7e-05	0.9408662676400651
CASSRGGETQYF	TRBV11-2*01	2.7e-05	0.1823660762081839
CASSYGGGQFF	TRBV28*01	2.7e-05	0.44008676897240284
CASSFGDIQYF	TRBV5-4*01	2.7e-05	0.42486507422439823
CASSPPLFRGTNTGELFF	TRBV5-1*01	2.7e-05	0.9346091263559891
CASVPWGQIVYNEQFF	TRBV11-2*01	2.7e-05	0.915834688072821
CASSLVTGGRNTEAFF	TRBV7-2*04	2.7e-05	0.283487848389196
CASSVRQTFSGNTIYF	TRBV9*01	2.7e-05	0.7121478835909775
CASSLAYGSSYNEQFF	TRBV5-1*01	2.7e-05	0.413466626668408
CAIRGLAITQETQYF	TRBV10-3*01	2.7e-05	0.8068292852502872
CASSLVYPGRTEAFF	TRBV5-6*01	2.7e-05	0.7331119853718258
CASSLVSAGADTQYF	TRBV7-3*01	2.7e-05	0.5263006898898864
CASSSFSGVHYEQYF	TRBV14*01	2.7e-05	0.658046746838608
CASKGSGGSYNEQFF	TRBV4-2*01	2.7e-05	0.30931862864012666
CASSLSSGNYNEQFF	TRBV5-1*01	2.7e-05	0.13167396715568622
CASSHAGPLGDTQYF	TRBV4-1*01	2.7e-05	0.8634045168369869
CSVGGTGERDQPQHF	TRBV29-1*01	2.7e-05	0.8941060371622913
CASSVTSVAGELFF	TRBV19*01	2.7e-05	0.5240112854070768
CASSIRDRQETQYF	TRBV19*01	2.7e-05	0.49555580101193336
CASSYRESGNTIYF	TRBV5-6*01	2.7e-05	0.24315192015282883
CASSLSAASNEQFF	TRBV7-7*01	2.7e-05	0.32371935969472126
CSARGTGWVNEQFF	TRBV20-1*01	2.7e-05	0.9798456805351635
CSARVGTVNEKLFF	TRBV20-1*01	2.7e-05	0.9502679302281616
CASSLFRGETQYF	TRBV28*01	2.7e-05	0.5331293175108504
CASSLDVSETQYF	TRBV5-6*01	2.7e-05	0.43224034398271716
CASNLRDAYEQYF	TRBV13*01	2.7e-05	0.5347282275604293
CASSESIGDTQYF	TRBV10-1*01	2.7e-05	0.3785091172572829
CASSFNRPPQYF	TRBV28*01	2.7e-05	0.40890172468156255
CATSFLGELFF	TRBV24-1*01	2.7e-05	0.5745162830005305
CASERPGELFF	TRBV4-3*03	2.7e-05	0.5729009923435021
CASSYTTSGSTDTQYF	TRBV6-6*03	2.7e-05	0.47817104358388424
CASSASRDRSTDTQYF	TRBV2*02	2.7e-05	0.4626026225207365
CASSLGQFGSTDTQYF	TRBV11-2*01	2.7e-05	0.5271112662471621
CASSSVAGGPYNEQFF	TRBV7-9*01	2.7e-05	0.3959731308900381
CASSVDGQGGNSPLHF	TRBV9*01	2.7e-05	0.2857361517234609
CASSLFSGGDNEQFF	TRBV7-9*01	2.7e-05	0.5940711147481337
CASSPTGKPYNEQFF	TRBV7-9*01	2.7e-05	0.5723790892528023
CASSTGGVEKLFF	TRBV7-9*01	2.7e-05	0.22950245334933342
CASSEASDTQYF	TRBV2*01	2.7e-05	0.23174831395876128
CATSRGEGRETQYF	TRBV15*01	2.7e-05	0.4453993905807024
CATSDKAGEYNEQFF	TRBV24-1*01	2.6e-05	0.6234857964049129
CSASRGGPLNTEAFF	TRBV29-1*01	2.6e-05	0.8625774235333031
CASSREDEQYF	TRBV7-8*03	2.6e-05	0.243069289336988
CASSYSVGVGQETQYF	TRBV6-5*01	2.6e-05	0.4787935207278902
CAIKGLVSGELFF	TRBV10-3*01	2.6e-05	0.7666408958565064
CASSYTPRGEDGTDTQYF	TRBV6-5*01	2.6e-05	0.9349642813177622
CASSAKGQGVGQPQHF	TRBV11-2*01	2.6e-05	0.31799590640195224
CASSVEPSTDTQYF	TRBV9*01	2.6e-05	0.4220344506966457
CASSVDGNQPQHF	TRBV9*01	2.6e-05	0.18831931409644995
CASSALWTDTQYF	TRBV7-2*01	2.6e-05	0.536947015620023
CATWGLAANEQFF	TRBV27*01	2.6e-05	0.9187219820256294
CASSFPYPEAFF	TRBV7-9*01	2.6e-05	0.7212628551495643
CATSDLPTSALTDTQYF	TRBV24-1*01	2.6e-05	0.800308202434108
CATSRNPGGRTNSPLHF	TRBV15*01	2.6e-05	0.7770334645363262
CASSARGDREAYNEQFF	TRBV9*03	2.6e-05	0.38739472065348696
CATSRASGGAGETQYF	TRBV15*01	2.6e-05	0.4564113479697318
CATSKRQSLVLNEQFF	TRBV15*02	2.6e-05	0.9450017132910294
CASDGGNRRMNTEAFF	TRBV5-8*01	2.6e-05	0.5722369070721679
CASSYFGTSGTDTQYF	TRBV6-5*01	2.6e-05	0.5759177919393608
CASSRTSGGGYNEQFF	TRBV6-6*04	2.6e-05	0.19210360615190675
CASSQDSGADTGELFF	TRBV4-1*01	2.6e-05	0.21584902395046054
CASSFSQRTDTQYF	TRBV27*01	2.6e-05	0.4304611260588378
CASSWGQYNQPQHF	TRBV5-8*01	2.6e-05	0.2899823714734813
CASRAGVSTDTQYF	TRBV6-6*05	2.6e-05	0.3476069218273762
CASARGEANEQFF	TRBV6-4*01	2.6e-05	0.37352215348956613
CSVTGGNEQFF	TRBV29-1*01	2.6e-05	0.6774637150298725
CASSVPPFRDRYYEQYF	TRBV7-2*01	2.6e-05	0.9012788019367763
CASRIRLAGGGDTQYF	TRBV5-1*01	2.6e-05	0.673022344666958
CATQRTGAGTDTQYF	TRBV19*01	2.6e-05	0.7584710415415101
CASSILAGGRETQYF	TRBV19*03	2.6e-05	0.4247897401749166
CASSQGQANTGELFF	TRBV18*01	2.6e-05	0.2567796165652677
CASSNQGTWSDTQYF	TRBV27*01	2.6e-05	0.8173667893168753
CASSLVQGETDTQYF	TRBV5-5*01	2.6e-05	0.28864058605199916
CASFIGTNQGETQYF	TRBV5-1*01	2.6e-05	0.7538378153153699
CSAVQGWVGTGELFF	TRBV20-1*04	2.6e-05	0.9687534335340803
CASTPGGRGETQYF	TRBV19*01	2.6e-05	0.5640233212050747
CASSSQGARETQYF	TRBV28*01	2.6e-05	0.4082501706938217
CASKRESTDTQYF	TRBV19*01	2.6e-05	0.6296149823646129
CASSYDSTGELFF	TRBV5-1*01	2.6e-05	0.24954344969522704
CSAQGSANEKLFF	TRBV20-1*01	2.6e-05	0.7243285929621651
CAWGPRSDTQYF	TRBV30*05	2.6e-05	0.8609081372355304
CASSAGETQYF	TRBV2*01	2.6e-05	0.1653735350290505
CAWGQETQYF	TRBV30*05	2.6e-05	0.660863892817579
CAWDAPAGGPHSGSYNEQFF	TRBV30*05	2.6e-05	0.9498874218993875
CASMPERGLAGGGSTDTQYF	TRBV2*01	2.6e-05	0.781954340183501
CASSYLEGLADRISYNEQFF	TRBV6-2*01	2.6e-05	0.7363747307403998
CASSPRTGGGDGTDTQYF	TRBV18*01	2.6e-05	0.376189218888969
CASSLRVGGSSRETQYF	TRBV7-2*01	2.6e-05	0.48014129589932414
CASSQDSRGRRNEKLFF	TRBV14*01	2.6e-05	0.7134922091951967
CASSVAPLASSTDTQYF	TRBV9*01	2.6e-05	0.5929933549943892
CASSYRRSSTYNEQFF	TRBV6-2*01	2.6e-05	0.5473027114737007
CASSPPRGAGTDTQYF	TRBV6-2*01	2.6e-05	0.4304598912663729
CASSARPAFLYEKLFF	TRBV2*01	2.6e-05	0.8172136637880575
CASSGTGGGPNEKLFF	TRBV6-1*01	2.6e-05	0.290500407014132
CASSASRGQGPYEQYF	TRBV13*02	2.6e-05	0.26427296096414454
CASSLGEGVFGETQYF	TRBV5-1*01	2.6e-05	0.48917819459913764
CASSPTQRESTDTQYF	TRBV5-1*01	2.6e-05	0.5491094068688775
CASSQVGSSGNNEQFF	TRBV4-1*01	2.6e-05	0.6220361891742008
CASSPASRGSYGQYF	TRBV18*01	2.6e-05	0.842026626937588
CASLGAGGFPDTQYF	TRBV28*01	2.6e-05	0.685157882076767
CASASTGSVNQPQHF	TRBV12-3*01	2.6e-05	0.2783165059830685
CASIPEAGVYNEQFF	TRBV18*01	2.6e-05	0.7545834235164728
CASSYSAGWNEKLFF	TRBV6-5*01	2.6e-05	0.33727832420469905
CASSYRWALGTEAFF	TRBV6-5*01	2.6e-05	0.9771659294631464
CASSEIASSTDTQYF	TRBV6-4*01	2.6e-05	0.49433954402122426
CASSLRLNPGDTQYF	TRBV6-6*05	2.6e-05	0.8466661453832115
CSARDARGRDNEQFF	TRBV20-1*01	2.6e-05	0.9429952325364184
CASSRAGGYNEQFF	TRBV19*01	2.6e-05	0.2099460328324319
CASSFGPGANVLTF	TRBV19*03	2.6e-05	0.1961907256357705
CASSDGTGADTQYF	TRBV6-4*01	2.6e-05	0.28052346906690145
CASSLGQFNQPQHF	TRBV5-5*01	2.6e-05	0.2697825018109931
CASSLGRNGIEQYF	TRBV5-5*01	2.6e-05	0.7531844349158153
CASSQDAWAGGQFF	TRBV14*01	2.6e-05	0.9559907901247546
CASSQGTGRWPQHF	TRBV4-1*01	2.6e-05	0.7040507226561808
CAIGGDLNTEAFF	TRBV10-3*01	2.6e-05	0.7392513135300053
CASSAGHLNIQYF	TRBV11-3*02	2.6e-05	0.6091321847986495
CASSLSLQETQYF	TRBV5-1*01	2.6e-05	0.485076789330158
CAGDKGGELFF	TRBV28*01	2.6e-05	0.667380691922502
CASSFRNEQFF	TRBV11-2*01	2.6e-05	0.2408351383630335
CASRKDSEQFF	TRBV3-1*01	2.6e-05	0.3112245374445003
CASSPSGTSGGDGSYNEQFF	TRBV7-8*03	2.6e-05	0.43110000931531073
CASSQGRQFATNEKLFF	TRBV7-9*01	2.6e-05	0.6879298478033734
CASSLVGTGPTNEKLFF	TRBV5-1*01	2.6e-05	0.44782923381820905
CATSSLLGGWDNEQFF	TRBV24-1*01	2.6e-05	0.69343565277863
CASSQVAGGGYNEQFF	TRBV18*01	2.6e-05	0.31597118958868603
CASSYFRLVGYYGYTF	TRBV6-5*01	2.6e-05	0.8506407268608626
CASSRTSGSVQETQYF	TRBV2*01	2.6e-05	0.4135925484356561
CASSEDGGGHTGELFF	TRBV6-4*01	2.6e-05	0.6348154092581576
CASSLLSSGGGETQYF	TRBV7-6*01	2.6e-05	0.2650451218877647
CASSLDGTTGKETQYF	TRBV7-2*01	2.6e-05	0.7184622844232922
CASSPLGGRLGDEQFF	TRBV7-9*04	2.6e-05	0.8327426314086798
CAISESGQGSQPQHF	TRBV10-3*01	2.6e-05	0.35954163456394894
CASAKPGQANEKLFF	TRBV4-2*01	2.6e-05	0.4725994739853459
CASSLFEGARETQYF	TRBV27*01	2.6e-05	0.6606059141415946
CASSFITSGYNEQFF	TRBV7-9*01	2.6e-05	0.6274443191888509
CASSSIAGSRGEQFF	TRBV11-2*01	2.6e-05	0.7531052461039244
CASSQAGGVRDTQYF	TRBV7-9*01	2.6e-05	0.5575632392091487
CASSVDSSTYNEQFF	TRBV9*01	2.6e-05	0.3611204116094341
CASSIAGAVADTQYF	TRBV7-3*01	2.6e-05	0.6201207706839402
CASSPNEGYNEQFF	TRBV27*01	2.6e-05	0.34157854488087636
CASSYGQTGNTIYF	TRBV5-6*01	2.6e-05	0.19983407356514865
CASSHMTLEAEAFF	TRBV3-1*01	2.6e-05	0.9505817196697838
CASSLTPTNEKLFF	TRBV5-1*01	2.6e-05	0.3848589024750755
CASGAGEVNEQFF	TRBV9*01	2.6e-05	0.5642311806133136
CASSGVPKTIQYF	TRBV28*01	2.6e-05	0.9322845223459177
CASSAHSPNTQYF	TRBV28*01	2.6e-05	0.48658450522457575
CASNEGGRETQYF	TRBV6-1*01	2.6e-05	0.4323329383868608
CASRVAGSYEQYF	TRBV5-1*01	2.6e-05	0.2441543919536939
CSAQVEGTGELFF	TRBV29-1*01	2.6e-05	0.87235845875914
CAITGTGGGYTF	TRBV10-3*01	2.6e-05	0.5479815649542534
CASTQTPDTQYF	TRBV28*01	2.6e-05	0.5669492805101409
CASSEGMGIQYF	TRBV6-1*01	2.6e-05	0.4536480479789287
CASSFGTSEAFF	TRBV5-5*01	2.6e-05	0.10028023868397495
CASSVARGDKSSGNTIYF	TRBV9*01	2.6e-05	0.5159388290738852
CASSTRTGGSSGANVLTF	TRBV7-9*01	2.6e-05	0.23909629072746696
CSARNIHRTSGRAGEQFF	TRBV20-1*01	2.6e-05	0.9911678439798668
CASSVRDSGRPRAEQYF	TRBV9*01	2.6e-05	0.7981703780624149
CAWSELAGGAGETQYF	TRBV30*01	2.6e-05	0.7602434770499162
CAISESRLAVRNEQFF	TRBV10-3*01	2.6e-05	0.9259198629366217
CASSPRVLGRENIQYF	TRBV28*01	2.6e-05	0.89606897758727
CASSLGSLATNEKLFF	TRBV7-6*01	2.6e-05	0.30459846949639896
CASSSLTSGGLGELFF	TRBV7-9*01	2.6e-05	0.4881613703752008
CASSQGTGLSYNEQFF	TRBV4-1*01	2.6e-05	0.5442636065733091
CASSTGARAVTGELFF	TRBV5-1*01	2.6e-05	0.5931397501461423
CSARPLSSSGANVLTF	TRBV20-1*01	2.6e-05	0.9116742201155734
CASSPPLGQAARAFF	TRBV27*01	2.6e-05	0.990192850434786
CASSPPGPPGDIQYF	TRBV6-6*04	2.6e-05	0.8036031711061286
CASSRDGPTYNEQFF	TRBV9*01	2.6e-05	0.5912754635305925
CASSQDLSVNEKLFF	TRBV14*01	2.6e-05	0.5309974416184
CASSQRQGLADTQYF	TRBV14*01	2.6e-05	0.45307217355882884
CASSVGGSSYNEQFF	TRBV9*01	2.6e-05	0.21939713430009813
CASSAESGNNEKLFF	TRBV9*03	2.6e-05	0.3036278455582941
CASSLSLARNEKLFF	TRBV5-1*01	2.6e-05	0.6536297911623752
CSARGWDSHQETQYF	TRBV20-1*01	2.6e-05	0.9570771346503024
CASSKQALGGELFF	TRBV21-1*01	2.6e-05	0.5769469911467314
CSASRGGEDYGYTF	TRBV20-1*04	2.6e-05	0.5051640186784817
CASSHGANEKLFF	TRBV18*01	2.6e-05	0.19407888048210517
CASSQQGKDTQYF	TRBV14*01	2.6e-05	0.31705455219315126
CASTPGDTGELFF	TRBV4-1*01	2.6e-05	0.3630028616849895
CAMGPPNEKLFF	TRBV10-3*01	2.6e-05	0.8899497656659627
CASSQSPFEQYF	TRBV3-1*01	2.6e-05	0.5516289898474297
CAWSTPGGTATNEKLFF	TRBV30*01	2.6e-05	0.8290177007660386
CASSQGAGRGSNQPQHF	TRBV3-1*01	2.6e-05	0.2998117937148415
CASSPRTSGRVGEQFF	TRBV11-3*01	2.6e-05	0.6438512582598085
CASSIQRGATGELFF	TRBV19*01	2.6e-05	0.4811719615451896
CASSGKQGEENIQYF	TRBV6-2*01	2.6e-05	0.7240903056355426
CASSSPGTGIETQYF	TRBV7-3*01	2.6e-05	0.470789640450983
CASSPSGIGGQPQHF	TRBV5-1*01	2.6e-05	0.22412044979956589
CASGPYQGHHGYTF	TRBV12-5*01	2.6e-05	0.8793098322916997
CASSYSTSTDTQYF	TRBV6-2*01	2.6e-05	0.4472691030108438
CASSEVSQLQTQYF	TRBV6-1*01	2.6e-05	0.6969348974180527
CSAMGARANTEAFF	TRBV20-1*01	2.6e-05	0.8997447329454404
CSVGRSPGETQYF	TRBV29-1*01	2.6e-05	0.8999400348592957
CASSEGRETQYF	TRBV2*01	2.6e-05	0.24949233007556115
CASSDSAGGPDTQYF	TRBV6-4*01	2.6e-05	0.23385980522617966
CASSSRLSSTDTQYF	TRBV7-6*01	2.6e-05	0.3566325080419106
CASGQGGRSDTQYF	TRBV2*01	2.6e-05	0.4121232272068756
CASSPGTGADTQYF	TRBV6-2*01	2.6e-05	0.21475395237517803
CASRRTEETQYF	TRBV11-2*01	2.6e-05	0.5311966157048024
CASSWQGPGYTF	TRBV5-1*01	2.6e-05	0.5514079596891844
CASSVAGTGSYEQYF	TRBV7-3*01	2.5e-05	0.16135512683527506
CSVEDPRHGGYEQYF	TRBV29-1*01	2.5e-05	0.941209408674065
CSGVTGTLNEKLFF	TRBV20-1*01	2.5e-05	0.9173493616498934
CSVEMDSSRGYTF	TRBV29-1*01	2.5e-05	0.9236735422120874
CASSSRSGGAYGEQFF	TRBV9*03	2.5e-05	0.30885879011628053
CASRNSRAGELFF	TRBV19*01	2.5e-05	0.6287058109562529
CSARPPFKSRGAPDTQYF	TRBV20-1*01	2.5e-05	0.9987316494957984
CATSDAHPGANEQFF	TRBV24-1*01	2.5e-05	0.8506375765343077
CASSPSRLGAETQYF	TRBV19*01	2.5e-05	0.5713515225124738
CASSLSTSGIKDQYF	TRBV27*01	2.5e-05	0.7181379720913522
CASSPRQGRGTEAFF	TRBV3-1*01	2.5e-05	0.509295226979361
CASSHPGGYTGELFF	TRBV3-1*01	2.5e-05	0.33546096298931305
CASSVVGLVVDEQFF	TRBV9*01	2.5e-05	0.7689083043717915
CASSQLKNSNQPQHF	TRBV4-1*01	2.5e-05	0.40153714337843543
CSASVQRGTHNEQFF	TRBV20-1*04	2.5e-05	0.9243457298189084
CAISYRETTDTQYF	TRBV10-3*01	2.5e-05	0.7544344459496453
CASSLRDAFYEQYF	TRBV7-8*03	2.5e-05	0.6491433420575428
CASSPTFHSTEAFF	TRBV5-5*01	2.5e-05	0.5525296429422296
CASSLELGQDLFF	TRBV7-9*01	2.5e-05	0.7369844786008156
CASSSSDYNEQFF	TRBV10-1*01	2.5e-05	0.1195876929498551
CSVVGQGNQPQHF	TRBV29-1*01	2.5e-05	0.49037675945320774
CASSLRDEKLFF	TRBV5-6*01	2.5e-05	0.3379230829697535
CASSEARTESSYNEQFF	TRBV6-1*01	2.5e-05	0.512464745301162
CASSPHSLGPGANVLTF	TRBV7-9*01	2.5e-05	0.8872507291096177
CSARGSSPQKSNQPQHF	TRBV20-1*01	2.5e-05	0.9433242272175267
CASSYAGPGVLNEQFF	TRBV6-2*01	2.5e-05	0.8533003810612675
CASSEVYPNKYEKLFF	TRBV6-1*01	2.5e-05	0.8579175203405122
CASSQEDSSGANVLTF	TRBV4-2*01	2.5e-05	0.19627520461730283
CSARDRGAGGYNEQFF	TRBV20-1*01	2.5e-05	0.8224494902710233
CSAQTLAGGNSYEQYF	TRBV20-1*01	2.5e-05	0.9067634575238447
CASDSGAGGYNEQFF	TRBV19*01	2.5e-05	0.30016326200369337
CASSSAVGMNTEAFF	TRBV7-9*01	2.5e-05	0.3328147493385442
CASSPSKGLSYEQYF	TRBV4-1*01	2.5e-05	0.5023370550249368
CASSWTGSTDTQYF	TRBV19*03	2.5e-05	0.3777897931546212
CASSDSPERSPLHF	TRBV6-4*01	2.5e-05	0.7105492763217128
CASSDSTGPDTQYF	TRBV6-4*01	2.5e-05	0.32830392077311826
CASSPRDSHYEQYF	TRBV4-2*01	2.5e-05	0.34321480195819
CASSLGDSTDTQYF	TRBV5-1*01	2.5e-05	0.1934211777499466
CATRQGAGTEAFF	TRBV19*01	2.5e-05	0.3567779795473582
CASSFTGTEKLFF	TRBV7-9*01	2.5e-05	0.20514256145609408
CASSLVGGQPQHF	TRBV7-9*01	2.5e-05	0.11843001937571404
CASSVGTDEKLFF	TRBV9*01	2.5e-05	0.24500469441319236
CSVRSNMNTEAFF	TRBV29-1*01	2.5e-05	0.46200019306418855
CSAEPGPAFEQYF	TRBV29-1*01	2.5e-05	0.9604905454741864
CASSDGGKAQYF	TRBV6-4*01	2.5e-05	0.843033825395804
CASSDEYTEAFF	TRBV10-2*01	2.5e-05	0.3725594427448772
CASSLGSPLHF	TRBV7-9*01	2.5e-05	0.16481576418594643
CSASPGNTIYF	TRBV20-1*04	2.5e-05	0.5597476848870582
CSALFGAQYF	TRBV20-1*01	2.5e-05	0.9465250216020805
CASEAGPGVGSSTDTQYF	TRBV5-1*02	2.5e-05	0.44986483494984714
CASSQEGLAGLSYNEQFF	TRBV4-3*01	2.5e-05	0.6391760322700243
CASSVGTGYSGANVLTF	TRBV19*01	2.5e-05	0.23812484842573017
CATGLAGGRSYNEQFF	TRBV24-1*01	2.5e-05	0.5231756269473186
CASSPPEEIAKNIQYF	TRBV19*01	2.5e-05	0.8274225289727986
CASSPQVYTSGNTIYF	TRBV18*01	2.5e-05	0.5619445943521346
CASSLEGTSGSYEQYF	TRBV7-7*01	2.5e-05	0.13306451373178954
CASSLEGRAGGDIQYF	TRBV5-1*01	2.5e-05	0.6422463687222979
CASSQGRVSKWQPQHF	TRBV4-1*01	2.5e-05	0.7309198032309479
CATAEEGGPYNEQFF	TRBV24-1*01	2.5e-05	0.7574734671714054
CATSDRQTLRDTQYF	TRBV15*02	2.5e-05	0.9755623403836226
CASSLGTKVVDEQFF	TRBV18*01	2.5e-05	0.9123735649872718
CASSPLTRNTGELFF	TRBV18*01	2.5e-05	0.56228423249146
CASSLSGLAKNIQYF	TRBV27*01	2.5e-05	0.6690240981127622
CASSEASAPTDTQYF	TRBV6-4*01	2.5e-05	0.6144262426717308
CASSQWGTGTSPLHF	TRBV5-5*01	2.5e-05	0.5802507428063676
CASSLGQANTGELFF	TRBV5-1*01	2.5e-05	0.18760280931167542
CASNSAGVAYNEQFF	TRBV4-1*01	2.5e-05	0.5827855711442943
CSARTSGALRRELFF	TRBV20-1*04	2.5e-05	0.9887188636380869
CASSYGRGNTEAFF	TRBV6-5*01	2.5e-05	0.12186247929452225
CASSASGSAETQYF	TRBV6-1*01	2.5e-05	0.3158969134787909
CASSRDRVSQPQHF	TRBV7-2*01	2.5e-05	0.36759480224993957
CASSGGGGYNEQFF	TRBV9*01	2.5e-05	0.15725912794397431
CASSTPPGFGKLFF	TRBV3-1*01	2.5e-05	0.7843037989282358
CASSLLGDQETQYF	TRBV5-1*01	2.5e-05	0.29457334077699937
CSARGPASGVEQFF	TRBV20-1*01	2.5e-05	0.985334037040786
CSHSEGSYNSPLHF	TRBV29-1*01	2.5e-05	0.7851847879801552
CSAKTSGRGGELFF	TRBV29-1*01	2.5e-05	0.9657725847088829
CASSLTGEGEQFF	TRBV5-5*01	2.5e-05	0.3127828121282811
CSARGLLTGELFF	TRBV20-1*01	2.5e-05	0.9063473578710908
CSAGVGSTDTQYF	TRBV20-1*01	2.5e-05	0.885269343912363
CSAEGAGLEKLFF	TRBV20-1*01	2.5e-05	0.8417124374523597
CSVAPLPDTQYF	TRBV29-1*01	2.5e-05	0.9423965102722222
CSGGSLGYGYTF	TRBV29-1*01	2.5e-05	0.8176390074271048
CSPGVAYGYTF	TRBV29-1*01	2.5e-05	0.8482375054976898
CASSSRGAFF	TRBV6-5*01	2.5e-05	0.6075692999667102
CATSDPPLAGGPNEQFF	TRBV24-1*01	2.5e-05	0.7925051003540267
CASSQERAGGSYNEQFF	TRBV4-1*01	2.5e-05	0.2979095994472062
CASSLLASFSYNEQFF	TRBV11-2*01	2.5e-05	0.6942136270387019
CASSVPGLAFDTQYF	TRBV18*01	2.5e-05	0.7475348807353619
CASAPGLAGADTQYF	TRBV3-1*01	2.5e-05	0.474012712662103
CASSEFDKANEKLFF	TRBV6-1*01	2.5e-05	0.6340144594230095
CASSLATGGRETQYF	TRBV7-8*01	2.5e-05	0.356079900250644
CASSVPGTSADTQYF	TRBV9*01	2.5e-05	0.48256271716708343
CASSVGWSRGSEAFF	TRBV9*01	2.5e-05	0.8452173415249892
CASSQVTGDTDTQYF	TRBV4-1*01	2.5e-05	0.25945360923607974
CASSLDPPEEKLFF	TRBV5-5*01	2.5e-05	0.5736866510630942
CASSLEQGVQPQHF	TRBV5-8*01	2.5e-05	0.3543384791543834
CASSLLGRADEQFF	TRBV7-9*01	2.5e-05	0.526663458869869
CASSLGAAQETQYF	TRBV11-2*01	2.5e-05	0.35429656163276896
CASSLTGTKNIQYF	TRBV13*01	2.5e-05	0.6300619582411264
CASSFAQTTGELFF	TRBV5-1*01	2.5e-05	0.35529495214738077
CATSVSSGAGQYF	TRBV24-1*01	2.5e-05	0.5953418494875129
CASSAQGTGELFF	TRBV6-4*01	2.5e-05	0.12031995979073598
CASSLDRYQPQHF	TRBV11-2*01	2.5e-05	0.268769444892034
CASSPPVGDTQYF	TRBV4-2*01	2.5e-05	0.5108381964351983
CASSPIGVAEAFF	TRBV9*03	2.5e-05	0.639040342013436
CASSPDHTDTQYF	TRBV9*01	2.5e-05	0.44602153856502874
CASSQVYEETQYF	TRBV14*01	2.5e-05	0.631042604694846
CASSQDPGTEQYF	TRBV4-2*01	2.5e-05	0.4689949917155015
CASKTGTNEKLFF	TRBV6-1*01	2.5e-05	0.24864619135580054
CSVVQGTSAEAFF	TRBV29-1*01	2.5e-05	0.9006134298054266
CASTAGTETQYF	TRBV6-6*05	2.5e-05	0.5649861430368514
CSVKAANTEAFF	TRBV29-1*01	2.5e-05	0.7319495048992978
CATSHIETQYF	TRBV24-1*01	2.5e-05	0.789915482475062
CASSLLQGGPSSGANVLTF	TRBV7-9*01	2.5e-05	0.4405037515106126
CASSPGLASQRGPYEQCF	TRBV27*01	2.5e-05	0.8827420901130827
CASSTPGGGGSYNEQFF	TRBV5-1*01	2.5e-05	0.33067560370507715
CASSPAGQGDTGELFF	TRBV18*01	2.5e-05	0.31101332052160396
CASTGLASGRPGELFF	TRBV2*01	2.5e-05	0.806649893009128
CASSLASGTTNYGYTF	TRBV7-6*01	2.5e-05	0.14225993770368903
CASSPQAGAVQETQYF	TRBV7-2*01	2.5e-05	0.5802312895044461
CASSGLAGGTYNEQFF	TRBV10-2*01	2.5e-05	0.18098874400887854
CASSEYRGTNSDTQYF	TRBV10-1*01	2.5e-05	0.5912730003447162
CAISGGGPRVTEAFF	TRBV10-3*01	2.5e-05	0.8128426914238791
CASSYGDSNTGELFF	TRBV6-5*01	2.5e-05	0.3746554669735358
CASSQDAFPYYGYTF	TRBV14*01	2.5e-05	0.8154656997710692
CASSADMFSGNTIYF	TRBV9*03	2.5e-05	0.6589686737085616
CASSAGGGSTDTQYF	TRBV9*03	2.5e-05	0.1908807668648157
CASTLTGVNEKLFF	TRBV6-1*01	2.5e-05	0.4448991095688021
CASSFHGRSDTQYF	TRBV7-2*01	2.5e-05	0.688561649002429
CASSESVEIGELFF	TRBV10-1*01	2.5e-05	0.5838783659162257
CASSSRGGGEKLFF	TRBV5-1*01	2.5e-05	0.25854670475874003
CSAKWTALTDTQYF	TRBV20-1*01	2.5e-05	0.990171879654454
CASSYRGGGELFF	TRBV6-5*01	2.5e-05	0.22369826861866132
CASSSTVGTEAFF	TRBV5-5*01	2.5e-05	0.1820504422101842
CASSQPVNTEAFF	TRBV4-2*01	2.5e-05	0.2494271348030919
CASSQEWSYEQYF	TRBV14*01	2.5e-05	0.5408998273213024
CASSESLAGPLHF	TRBV10-1*01	2.5e-05	0.7455281011911346
CSVGGGSTDTQYF	TRBV29-1*01	2.5e-05	0.5423501709484141
CASSIAGNEQFF	TRBV19*01	2.5e-05	0.31645672738327857
CASSYSWTALYF	TRBV6-5*01	2.5e-05	0.9523933652840478
CASSPGTREQYF	TRBV5-6*01	2.5e-05	0.47127853289180677
CASSREGETQYF	TRBV7-9*01	2.5e-05	0.1783022867442518
CSAREYLIRGGFSNEQFF	TRBV20-1*01	2.5e-05	0.9973266736102996
CASSQLEREAVTDTQYF	TRBV4-2*01	2.5e-05	0.6602535045940696
CASSYSTSGKYNEQFF	TRBV6-5*01	2.5e-05	0.49505606015673315
CASSEAGGLSGGELFF	TRBV9*01	2.5e-05	0.475985406731728
CAGSPTQGYSYEQYF	TRBV28*01	2.5e-05	0.7135539438003297
CASSTSSGSVNEQFF	TRBV19*01	2.5e-05	0.23957619967571525
CASSPASANTGELFF	TRBV18*01	2.5e-05	0.3806620809986819
CASSEIAGGQDTQYF	TRBV6-4*01	2.5e-05	0.3583864151392258
CASSWGLDYNEQFF	TRBV5-6*01	2.5e-05	0.35738961497172045
CASSLPPHQDTQYF	TRBV3-2*02	2.5e-05	0.5971804658546751
CASSSRGPGELFF	TRBV19*01	2.5e-05	0.29998530803087115
CASSGETRGTQYF	TRBV6-4*01	2.5e-05	0.539525870966525
CSSSEGPYEQYF	TRBV20-1*02	2.5e-05	0.28419877889573103
CSAREGGGWEFF	TRBV20-1*01	2.5e-05	0.9670321325005905
CAASTDTQYF	TRBV7-2*01	2.5e-05	0.23122243621737704
CASSLDAERGGGFDEQYF	TRBV11-3*01	2.5e-05	0.7306576592872679
CASSLEGRPALYNEQFF	TRBV11-1*01	2.5e-05	0.925276455957485
CASGRRGGVSGNTIYF	TRBV7-9*01	2.5e-05	0.38353925032231473
CATSNELAGDNEQFF	TRBV15*02	2.5e-05	0.7529169684082705
CASSPLGQNNEKLFF	TRBV3-1*01	2.5e-05	0.5135322387651429
CASSLAGGSGEKLFF	TRBV5-1*01	2.5e-05	0.23074296834739697
CASSSWDKNIQYF	TRBV7-9*01	2.5e-05	0.6191431138578648
CASSTGADTQYF	TRBV2*02	2.5e-05	0.15953194076750468
CSVGKDSGELFF	TRBV29-1*01	2.5e-05	0.7262511046223384
CASSQDWDSSGNTEAFF	TRBV4-2*01	2.4e-05	0.4747087993355724
CASSRAGTGLSTGELFF	TRBV4-1*01	2.4e-05	0.6204837016392579
CASSGEGAGELFF	TRBV9*01	2.4e-05	0.18553590820798074
CASSPGTSGRHNEQFF	TRBV7-6*01	2.4e-05	0.5090419514593741
CASTLSGRRAGELFF	TRBV6-2*01	2.4e-05	0.6493116440305338
CASSFLAHNTEAFF	TRBV27*01	2.4e-05	0.5898546009680387
CASSRGGGTGELFF	TRBV7-8*03	2.4e-05	0.12446696427722388
CASSKGGQNTEAFF	TRBV7-9*01	2.4e-05	0.17358056851846743
CAWRSGSYNEQFF	TRBV30*01	2.4e-05	0.535983188225411
CASSYKGTAFF	TRBV6-5*01	2.4e-05	0.820803147411529
CASSLEYEQYF	TRBV5-4*01	2.4e-05	0.09393227163999693
CASSPRPTRVQGWETSKNIQYF	TRBV18*01	2.4e-05	0.938600806388215
CASSRMGQGFRNTGELFF	TRBV19*01	2.4e-05	0.9109596088108018
CATSRDLTSASTDTQYF	TRBV15*01	2.4e-05	0.7421125200646339
CASSYWDRATNEKLFF	TRBV6-5*01	2.4e-05	0.8116887762287875
CASSLETTGTINEQFF	TRBV5-1*01	2.4e-05	0.5674957275612313
CASSAGGATNEKLFF	TRBV6-4*01	2.4e-05	0.20616764048749864
CASSQDLRGADTQYF	TRBV4-2*01	2.4e-05	0.5732040285468519
CASSSEQGSGEKLFF	TRBV5-1*01	2.4e-05	0.22856147689289072
CASSPVPGQGETQYF	TRBV5-1*01	2.4e-05	0.5840963296721412
CASSSDPGLEKLFF	TRBV5-8*01	2.4e-05	0.5048129562064004
CASSWGSGKDTQYF	TRBV28*01	2.4e-05	0.3716948139558361
CATNREGTDTQYF	TRBV24-1*01	2.4e-05	0.32137202729093517
CASSLIGWAGAFF	TRBV11-2*01	2.4e-05	0.9103115415095796
CASSESRGQPQHF	TRBV10-1*01	2.4e-05	0.2500047125282366
CSARSTKETQYF	TRBV20-1*05	2.4e-05	0.9562072078060733
CASSLGHEQFF	TRBV14*01	2.4e-05	0.3128715420974264
CASSLTWGLAGAQADTQYF	TRBV11-2*01	2.4e-05	0.6183005695043065
CASSRDSGGASYNEQFF	TRBV4-2*01	2.4e-05	0.25566979113510224
CASSSRQIDSMNTEAFF	TRBV5-1*01	2.4e-05	0.7148111062190274
CASSLYSGGRTDTQYF	TRBV28*01	2.4e-05	0.2918637736620682
CASSSSLAGRSNEQFF	TRBV11-2*01	2.4e-05	0.5109572001542615
CASSVRPSGSGNTIYF	TRBV7-6*02	2.4e-05	0.37639340205555627
CSARYPYVAGGNMQFF	TRBV20-1*05	2.4e-05	0.9975262098544511
CASSFRTGGGEKLFF	TRBV19*01	2.4e-05	0.3516551545748681
CASSLAGTSSYEQYF	TRBV12-3*01	2.4e-05	0.14168695500759207
CASSRDGDGRETQYF	TRBV28*01	2.4e-05	0.5435355296501766
CASSLAGQDNQPQHF	TRBV5-6*01	2.4e-05	0.17178850047861843
CASSLASPRQDTIYF	TRBV7-6*01	2.4e-05	0.790708358389374
CASSASLAGGYEQYF	TRBV9*03	2.4e-05	0.2148190323721581
CASSQGTGVEETQYF	TRBV4-1*01	2.4e-05	0.42905339268714376
CATSGTSGSYTQYF	TRBV24-1*01	2.4e-05	0.2701823428479847
CASTPGYRYNEQFF	TRBV5-1*01	2.4e-05	0.7615552687280168
CSVHRVSGANVLTF	TRBV29-1*01	2.4e-05	0.8290814966587732
CATLYSGADTQYF	TRBV15*02	2.4e-05	0.45058863405027605
CASSKGGASEAFF	TRBV9*01	2.4e-05	0.182830644062437
CASVPRGGTEAFF	TRBV6-2*01	2.4e-05	0.5868224980886639
CASSRTDTDTQYF	TRBV6-6*03	2.4e-05	0.16944407836574868
CASTENRGEQFF	TRBV6-6*05	2.4e-05	0.6372423620392642
CASSSHLAEQFF	TRBV9*01	2.4e-05	0.6871883345182217
CASSVRWQGRRRPDSNQPQHF	TRBV9*01	2.4e-05	0.9551056758731752
CASSLGARLAGFRSYNEQFF	TRBV11-1*01	2.4e-05	0.6241335010775392
CASSLRSSQGVKNIQYF	TRBV4-1*01	2.4e-05	0.6681816244670427
CASSPSGQGSNTEAFF	TRBV18*01	2.4e-05	0.19833581672218722
CASSLLGGSGYNEQFF	TRBV11-2*01	2.4e-05	0.1895821656733775
CASSLAPGVSQETQYF	TRBV7-2*01	2.4e-05	0.5683663902704393
CASSPRQGAFFNEQFF	TRBV7-7*01	2.4e-05	0.8766047981654776
CSSSGTEEAIDETQYF	TRBV27*01	2.4e-05	0.8952456138573303
CAISESIAGADTQYF	TRBV10-3*01	2.4e-05	0.7004452122760688
CASTRREAPYNEQFF	TRBV19*03	2.4e-05	0.8765756015318292
CASSDSRGGTDTQYF	TRBV6-4*01	2.4e-05	0.17522967440046333
CASSDSTSGGDTQYF	TRBV6-4*01	2.4e-05	0.21458873327630953
CASSRSQRLTDTQYF	TRBV27*01	2.4e-05	0.5152948523969423
CASSFTSGSGETQYF	TRBV7-2*01	2.4e-05	0.2854397155825022
CASSLEGSGKETQYF	TRBV11-1*01	2.4e-05	0.45243416185005775
CASSSGSVLGETQYF	TRBV7-7*01	2.4e-05	0.32911770969665516
CASSQWPREGGEQFF	TRBV4-3*01	2.4e-05	0.9392918884033196
CSAREPNVRNQPQHF	TRBV20-1*01	2.4e-05	0.9511323707805858
CSVKLMQGLMETQYF	TRBV29-1*01	2.4e-05	0.8516868776293185
CASSPSGSTDTQYF	TRBV6-2*01	2.4e-05	0.2642877489154702
CASSPVLVGTEAFF	TRBV5-6*01	2.4e-05	0.509180988985468
CASSPSWGPETQYF	TRBV6-6*05	2.4e-05	0.6442543548599315
CASSGSGEPETQYF	TRBV5-1*01	2.4e-05	0.4732211603691691
CSVVWGGNTGELFF	TRBV29-1*01	2.4e-05	0.7638503336015248
CAWAQISYNEQFF	TRBV30*05	2.4e-05	0.8547805229745451
CASKSFMNTEAFF	TRBV3-2*02	2.4e-05	0.2914161167864408
CASSVVLTGELFF	TRBV9*01	2.4e-05	0.3267411379860486
CASLVRTDTQYF	TRBV2*01	2.4e-05	0.4149209264125392
CASSSTRETQYF	TRBV6-5*01	2.4e-05	0.31610694875044654
CASSGASGKLFF	TRBV9*01	2.4e-05	0.3982337716356393
CASRGDTDTQYF	TRBV9*01	2.4e-05	0.18113497895939942
CSVGGDEQFF	TRBV29-1*01	2.4e-05	0.7355922822012003
CASSSEAGTGVASRTDTQYF	TRBV11-1*01	2.4e-05	0.7803392831646826
CASSGPPGQGTPSTDTQYF	TRBV19*01	2.4e-05	0.6967636277958864
CASSQASVVGMVKNIQYF	TRBV4-3*01	2.4e-05	0.907161775240734
CASSTSGGNSGANVLTF	TRBV19*01	2.4e-05	0.20037498039070506
CASSLSSNRDAPVAQYF	TRBV27*01	2.4e-05	0.8978707644884445
CASSQDLKQEVGYGYTF	TRBV14*01	2.4e-05	0.7580766414972203
CASSQDHPQGRNQPQHF	TRBV3-2*02	2.4e-05	0.9476451379863028
CASSARTGGVGKNIQYF	TRBV9*03	2.4e-05	0.6404710611919782
CASSARGTGGPDTQYF	TRBV6-4*01	2.4e-05	0.2787381154810849
CASSNVTSFLPDTQYF	TRBV7-8*01	2.4e-05	0.9668768716925162
CASSLLGGGITDTQYF	TRBV5-5*01	2.4e-05	0.32328524241733625
CASSQDEQGTYNEQFF	TRBV5-1*01	2.4e-05	0.38610524267544594
CASSQASSGSTDTQYF	TRBV4-3*01	2.4e-05	0.22148743306109583
CASSEGQFASYEQYF	TRBV6-1*01	2.4e-05	0.37855526977743104
CASSLTGARYNEQFF	TRBV7-3*01	2.4e-05	0.6030391228313838
CASSPNRGPNAEAFF	TRBV7-3*01	2.4e-05	0.7089417667040722
CASSQVTGVANEQFF	TRBV3-1*01	2.4e-05	0.6833404536098181
CASSIGTGSTGELFF	TRBV6-6*05	2.4e-05	0.35046838013495174
CTSSLVAMNTGELFF	TRBV28*01	2.4e-05	0.45394378114307565
CSASEGNGGNQPQHF	TRBV20-1*02	2.4e-05	0.5675184472220912
CAVSGTTYQETQYF	TRBV2*01	2.4e-05	0.7651506078929872
CATSDLTVQETQYF	TRBV24-1*01	2.4e-05	0.8503553700619175
CASSSRGRTETQYF	TRBV13*01	2.4e-05	0.5194357033567617
CSVVTGDSTGELFF	TRBV29-1*01	2.4e-05	0.7856034805602947
CAWSLGESNEQFF	TRBV30*01	2.4e-05	0.6133656012402395
CASSSLGGHEQFF	TRBV6-4*01	2.4e-05	0.45675332048962625
CASSYKDQETQYF	TRBV6-2*01	2.4e-05	0.5884219882501498
CASSLAVVYGYTF	TRBV7-9*01	2.4e-05	0.3523420699066829
CASSPSPFNEQFF	TRBV7-7*01	2.4e-05	0.6325895354452724
CASSLGQGRKTFF	TRBV5-1*01	2.4e-05	0.6861387528012766
CAISESGEKLFF	TRBV10-3*01	2.4e-05	0.43980501795679633
CASSESTMSVFF	TRBV2*03	2.4e-05	0.7318059201170791
CSATSQETQYF	TRBV20-1*01	2.4e-05	0.8902404228770555
CASSLVQGVSFTPINEQFF	TRBV9*01	2.4e-05	0.9610522467133267
CASSLSVGLSSGANVLTF	TRBV27*01	2.4e-05	0.46506079515516957
CASSQVSGLAVSGELFF	TRBV3-1*01	2.4e-05	0.5129251325897543
CASSKQGMSSYNSPLHF	TRBV13*01	2.4e-05	0.5603369388240111
CASSGGQSSGANVLTF	TRBV6-4*01	2.4e-05	0.19328221596295656
CASSQAGGSGANVLTF	TRBV3-1*01	2.4e-05	0.1422278664332763
CSAYAFGLAETYEQYF	TRBV20-1*01	2.4e-05	0.9198086815240102
CSARDSLAGDTDTQYF	TRBV20-1*01	2.4e-05	0.8859967500556459
CASGKGGGGGETQYF	TRBV3-1*01	2.4e-05	0.5350663449714411
CASTLGQGIADTQYF	TRBV27*01	2.4e-05	0.5914004029793175
CASSYGTGGPGELFF	TRBV6-5*01	2.4e-05	0.5241641063899021
CASSGVTGGLDTQYF	TRBV2*01	2.4e-05	0.5568738947455819
CASSQVHRPAETQYF	TRBV4-1*01	2.4e-05	0.9572164095295441
CASSAGLARGDTQYF	TRBV10-2*01	2.4e-05	0.5694316336670268
CSARETSGKSYEQFF	TRBV20-1*01	2.4e-05	0.9588410328902479
CSARDSDSGANVLTF	TRBV20-1*01	2.4e-05	0.6424749489743812
CSVALGGTGTDTQYF	TRBV29-1*02	2.4e-05	0.6857008154218314
CAWSATTGVETQYF	TRBV30*01	2.4e-05	0.8450765705851988
CASSAKDSGGEQYF	TRBV19*01	2.4e-05	0.3471384647984661
CASSLGQALYEQYF	TRBV5-5*01	2.4e-05	0.4202212659742384
CASSQDRRSEKLFF	TRBV13*01	2.4e-05	0.33288504497844795
CASNRGGDYNEQFF	TRBV5-1*01	2.4e-05	0.1974148960469224
CATQGGGLPEQFF	TRBV24-1*01	2.4e-05	0.9416204069549392
CASLAMNTGELFF	TRBV6-1*01	2.4e-05	0.2683338516287398
CASSFGTREKLFF	TRBV28*01	2.4e-05	0.34208026565324573
CASSLVAAEPQYF	TRBV7-3*01	2.4e-05	0.5020126889713663
CASSGQQVNEQFF	TRBV9*01	2.4e-05	0.49478079337104225
CSASIAGQETQYF	TRBV20-1*02	2.4e-05	0.9081378166676295
CSVGLQGKYEQYF	TRBV29-1*01	2.4e-05	0.8091795781338824
CASSLQGETQYF	TRBV19*01	2.4e-05	0.20183446137684494
CSVDRVTEAFF	TRBV29-1*01	2.4e-05	0.7587554799986236
CASSVVGFRGGQANTGELFF	TRBV9*01	2.4e-05	0.8344417533592
CASSRGDSLAKNIQYF	TRBV5-6*01	2.4e-05	0.7338432648300066
CASSPRQGTGTTEAFF	TRBV13*01	2.4e-05	0.27375559069309063
CASSTTSGSEIGELFF	TRBV7-7*02	2.4e-05	0.4523928940458186
CASSLSATVNYGYTF	TRBV5-6*01	2.4e-05	0.3240332141086676
CASSQERLGFNEQFF	TRBV14*01	2.4e-05	0.7919274387905806
CASSGLMASRETQYF	TRBV9*03	2.4e-05	0.7291996829201953
CANICQGGLSYEQYF	TRBV21/OR9-2*01	2.4e-05	0.9383873407466811
CAISDKGGVETQYF	TRBV10-3*01	2.4e-05	0.8636669303171574
CASSYSAVQETQYF	TRBV6-5*01	2.4e-05	0.5407080906314876
CASSKPQGTAEAFF	TRBV5-6*01	2.4e-05	0.8343637927191196
CSASYVSVGSSYNEQFF	TRBV20-1*04	2.4e-05	0.9660624289980289
CASSSTGAEQFF	TRBV5-6*01	2.4e-05	0.2803098296884051
CASRRTGITDTQYF	TRBV6-1*01	2.3e-05	0.5357962453063079
CSAGQGVWDEQFF	TRBV29-1*01	2.3e-05	0.970049576262716
CASIQAPGAPYQETQYF	TRBV6-2*01	2.3e-05	0.8919215970966162
CASSYLRAGGGTDTQYF	TRBV6-5*01	2.3e-05	0.548172189867325
CASSEWTSGPTGELFF	TRBV25-1*01	2.3e-05	0.7303604579597148
CASSLGRELGTEAFF	TRBV5-1*01	2.3e-05	0.5375305757183924
CASSDRGGADTQYF	TRBV6-6*04	2.3e-05	0.18890827269423335
CSASEGSSYNEQFF	TRBV20-1*02	2.3e-05	0.5651666960682085
CASSSDLNTEAFF	TRBV7-6*01	2.3e-05	0.16650251640716865
CASSSPGAPLHF	TRBV7-6*01	2.3e-05	0.6209195108959764
CASSPNSKSGFYNEQFF	TRBV18*01	2.3e-05	0.8863782748138728
CASSRTGDGGNTEAFF	TRBV5-1*01	2.3e-05	0.2851808378850638
CASSQTLLNTNQPQHF	TRBV4-1*01	2.3e-05	0.4689148653450858
CASSLERNAYNEQFF	TRBV7-3*01	2.3e-05	0.5514505721152724
CASSFQGSGANVLTF	TRBV5-1*01	2.3e-05	0.1741380016077063
CASSIGPSTDTQYF	TRBV19*01	2.3e-05	0.3217531815997334
CASMGAQYKNIQYF	TRBV28*01	2.3e-05	0.9024986130563791
CASSALGGVDEQFF	TRBV6-4*01	2.3e-05	0.3542926345365496
CASSERPETDTQYF	TRBV6-4*01	2.3e-05	0.5119329602442344
CASSSSGVIDTQYF	TRBV7-9*01	2.3e-05	0.4637013050961133
CASSLTGISYEQYF	TRBV7-9*04	2.3e-05	0.28004541682422335
CASSQDTAPSEQYF	TRBV4-2*01	2.3e-05	0.6231987157630806
CASSLAGETQYF	TRBV5-1*01	2.3e-05	0.1655236983869589
CAWRPPGLAANTGELFF	TRBV30*01	2.3e-05	0.8842420628152651
CASSVDVTAGGNSPLHF	TRBV9*01	2.3e-05	0.7730710307269782
CASQNRGGPRTDTQYF	TRBV28*01	2.3e-05	0.6714316060877027
CASTKGAGSSTDTQYF	TRBV7-3*01	2.3e-05	0.45220736498670444
CASSVAIGQGMETQYF	TRBV9*01	2.3e-05	0.647073329819526
CSARVGTESSYNEQFF	TRBV20-1*01	2.3e-05	0.9707318516628317
CAISEFLADQETQYF	TRBV10-3*01	2.3e-05	0.8482154674886689
CATSHGTSGGDTQYF	TRBV15*02	2.3e-05	0.6709880670299692
CASTGRLSGANVLTF	TRBV6-6*05	2.3e-05	0.3093268548470451
CASSYGTGGYNEQFF	TRBV6-5*01	2.3e-05	0.27212058188328425
CASSAGTGGADTQYF	TRBV27*01	2.3e-05	0.15790039719248383
CASSDSKGSAGELFF	TRBV6-4*01	2.3e-05	0.48728487287964906
CASSLEFRSYNEQFF	TRBV11-3*01	2.3e-05	0.6565921776731268
CASSPRDRAGTEAFF	TRBV11-3*02	2.3e-05	0.3820404022726284
CASSPQTGAGTEAFF	TRBV3-1*01	2.3e-05	0.29579373538434706
CASSLTPENTGELFF	TRBV5-1*01	2.3e-05	0.4234013612871639
CASSQGEGAAETQYF	TRBV4-1*01	2.3e-05	0.3635093544825563
CASSTGQGENNEQFF	TRBV5-1*01	2.3e-05	0.3973421610294727
CASSSHSGADTQYF	TRBV6-5*01	2.3e-05	0.29687700411427964
CASSPDRSSYEQYF	TRBV7-7*01	2.3e-05	0.20387651112697938
CASSQPHRNSPLHF	TRBV3-1*01	2.3e-05	0.8979691265426342
CASSVGGGTGELFF	TRBV9*01	2.3e-05	0.1479515659601771
CASRKDGKNTEAFF	TRBV7-3*01	2.3e-05	0.3179908262194584
CSAASGGSKNIQYF	TRBV20-1*01	2.3e-05	0.9422148509359787
CSVVLDRGPYEQYF	TRBV29-1*01	2.3e-05	0.9176934683794798
CSVGTPGGASPLHF	TRBV29-1*01	2.3e-05	0.894663727328172
CSVESLRSYNEQFF	TRBV29-1*02	2.3e-05	0.9351820676091459
CASSQVAPGELFF	TRBV14*01	2.3e-05	0.6871594925280259
CASSAYYATQYF	TRBV6-1*01	2.3e-05	0.7023161637970763
CASNSGDTEAFF	TRBV28*01	2.3e-05	0.1556580235791651
CSAKTHLIEAFF	TRBV20-1*01	2.3e-05	0.950839942956952
CASSLGGIQYF	TRBV5-1*01	2.3e-05	0.34920129377826037
CSARVDIPQPGEPIVSNQPQHF	TRBV20-1*01	2.3e-05	0.9903881967244538
CASSLTGVASANTGELFF	TRBV7-3*01	2.3e-05	0.5394125651988587
CASSARMGLGATDTQYF	TRBV6-1*01	2.3e-05	0.5576540985463564
CASSVSPQREVLDTQYF	TRBV9*01	2.3e-05	0.8971454052180278
CASSIRSGRGYNEQFF	TRBV19*01	2.3e-05	0.5039912098769816
CASGSPRKGQGGKLFF	TRBV28*01	2.3e-05	0.9113471272491331
CASTPSSGSDGNEQFF	TRBV9*01	2.3e-05	0.3685202330805755
CASSQDQSSGANVLTF	TRBV4-2*01	2.3e-05	0.16752283145772873
CAWSVERGSTDTQYF	TRBV30*01	2.3e-05	0.7044931092251827
CASSIGTSSYNEQFF	TRBV19*01	2.3e-05	0.2235812437415186
CASSPRGTSYNEQFF	TRBV18*01	2.3e-05	0.32293913203089336
CASSETSGGADTQYF	TRBV6-1*01	2.3e-05	0.18855036536395942
CASSLKGHLNTEAFF	TRBV5-6*01	2.3e-05	0.5145346055406109
CASSLTSTGVDEAFF	TRBV7-3*01	2.3e-05	0.4182723305206375
CASSAPLRGKYEQYF	TRBV5-8*01	2.3e-05	0.82427565967189
CASSPAGRTGGEQYF	TRBV4-3*03	2.3e-05	0.3782746939228625
CTPAPLIRTGSGYTF	TRBV29-1*01	2.3e-05	0.9962667068789846
CASIGGGVDNEQFF	TRBV19*01	2.3e-05	0.7050224346744276
CASSLGQGEAEAFF	TRBV19*01	2.3e-05	0.2656259731614594
CASSLSLLGREQYF	TRBV28*01	2.3e-05	0.5643816182022251
CASSDSAGTDTQYF	TRBV6-4*01	2.3e-05	0.1722098245840728
CASSHAGSTDTQYF	TRBV11-3*02	2.3e-05	0.33530017700875137
CASSQTGGPEAFF	TRBV18*01	2.3e-05	0.45904676209914
CASGHGYTDTQYF	TRBV6-6*05	2.3e-05	0.7738021777579479
CASSFSYAGELFF	TRBV12-3*01	2.3e-05	0.3980807941498311
CSVHRAFGEKLFF	TRBV29-1*01	2.3e-05	0.9895533267473771
CASSLGQDGYTF	TRBV7-9*01	2.3e-05	0.2453742812425302
CSVGGASYEQYF	TRBV29-1*01	2.3e-05	0.5432324776810681
CASRDPIGLDSGANVLTF	TRBV6-4*01	2.3e-05	0.7605445503915148
CASSQDPGLAGIYNEQFF	TRBV4-3*01	2.3e-05	0.6399173026092713
CASSQDRVAGASQETQYF	TRBV4-1*01	2.3e-05	0.615675474270785
CASSQEFGFRMWAGELFF	TRBV4-1*01	2.3e-05	0.9540852782425391
CATSVSQAGGRGGEQFF	TRBV24-1*01	2.3e-05	0.7675774756425041
CASIQTGIRDDKNIQYF	TRBV3-1*01	2.3e-05	0.9882901826534364
CASSLGLAGESTDTQYF	TRBV5-1*01	2.3e-05	0.2308704591856613
CASSQDWASGREDTQYF	TRBV4-3*01	2.3e-05	0.8334488722395837
CASSLLFREGLKTQYF	TRBV28*01	2.3e-05	0.9428246396708008
CASSKLAGLYTDTQYF	TRBV27*01	2.3e-05	0.441022636472439
CASSLEGDSSTDTQYF	TRBV11-3*01	2.3e-05	0.3111736102894356
CASSLTAGGFTDTQYF	TRBV7-2*04	2.3e-05	0.36829222685250695
CASSQPPDLIRGEQFF	TRBV4-2*01	2.3e-05	0.9674760304682328
CASSVDGGPAIYEQYF	TRBV9*01	2.3e-05	0.8032568531083235
CASSQRLDGYYNEQFF	TRBV4-1*01	2.3e-05	0.7448805864915028
CASSGAGPNTGELFF	TRBV6-1*01	2.3e-05	0.2989017516812963
CATRPRDREFTEAFF	TRBV19*01	2.3e-05	0.8360111055365185
CATSSADRGHKTQYF	TRBV15*02	2.3e-05	0.8825144136814073
CASSHDRGLRQPQHF	TRBV19*03	2.3e-05	0.7754083933422715
CASSLGFTGTGELFF	TRBV28*01	2.3e-05	0.3373461812330853
CASSFSSGTYNEQFF	TRBV7-6*01	2.3e-05	0.2364302708972268
CASSLDTRGYLEQHF	TRBV5-8*01	2.3e-05	0.6093705722280183
CASSSRRGGTGELFF	TRBV7-2*01	2.3e-05	0.17825480321261336
CASSPLAGVGGELFF	TRBV6-4*01	2.3e-05	0.4650452550270009
CASSQDREGQETQYF	TRBV4-2*01	2.3e-05	0.3468405024063166
CASSFGQGTNEKLFF	TRBV5-1*01	2.3e-05	0.24645315037692042
CASSVGGLGETQYF	TRBV19*01	2.3e-05	0.3994622584255509
CASTLAEGGHEQYF	TRBV6-1*01	2.3e-05	0.4708646128682582
CASSATEFTDTQYF	TRBV28*01	2.3e-05	0.491090637309882
CASSLENRGRTQYF	TRBV7-2*01	2.3e-05	0.6139307971487691
CASSQGYSYNEQFF	TRBV14*01	2.3e-05	0.2566728636581949
CASSVEGSKETQYF	TRBV9*01	2.3e-05	0.45582407725821306
CASSAGLAVNEQFF	TRBV5-1*01	2.3e-05	0.4724281828023489
CAISAGETGELFF	TRBV10-3*01	2.3e-05	0.4566761748378591
CATRTSGGNEQFF	TRBV24-1*01	2.3e-05	0.5911690237943888
CASSFGSNQPQHF	TRBV12-3*01	2.3e-05	0.11354505479047743
CASSNFPGDTQYF	TRBV27*01	2.3e-05	0.5074515338752382
CASSFGTNTEAFF	TRBV7-9*01	2.3e-05	0.10699191303074361
CSVGTDSYNEQFF	TRBV29-1*01	2.3e-05	0.7130915877828768
CAIMANTGELFF	TRBV28*01	2.3e-05	0.4913746331436836
CASSARGPEQFF	TRBV5-1*01	2.3e-05	0.6435687368161204
CSATFTGNTIYF	TRBV20-1*01	2.3e-05	0.7520650136802134
CSARGNSLEQYF	TRBV20-1*01	2.3e-05	0.9395898897853366
CASSFQDGGELTSYNEQFF	TRBV27*01	2.3e-05	0.6056462744383322
CASSHDPSGTGKDNEQFF	TRBV4-2*01	2.3e-05	0.6176075862425817
CASSQSRGSGRHYNEQFF	TRBV4-1*01	2.3e-05	0.6711691947445658
CASSVEAGVGLAETQYF	TRBV9*01	2.3e-05	0.6151349451304562
CASSLEHGGAANEQFF	TRBV11-3*01	2.3e-05	0.5909929163400702
CASSQREGLVENTIYF	TRBV13*01	2.3e-05	0.45824769612501876
CASSVAERGDTDTQYF	TRBV9*01	2.3e-05	0.690698612893902
CASSVGAGGDTGELFF	TRBV9*01	2.3e-05	0.1860340782719719
CASSSILQAEYNEQFF	TRBV5-1*01	2.3e-05	0.6990231926254056
CSARDSSVPPIYEQYF	TRBV20-1*01	2.3e-05	0.9591340849184823
CATSRAGEGREIQYF	TRBV15*01	2.3e-05	0.7728785302823782
CASSSLRRATDTQYF	TRBV6-5*01	2.3e-05	0.6006196988331304
CASSDEAGGTDTQYF	TRBV6-4*01	2.3e-05	0.18712611795778855
CASSVATRGEDEAFF	TRBV9*01	2.3e-05	0.8827597833307012
CASSAWDSLQETQYF	TRBV3-1*01	2.3e-05	0.6840004552246624
CASSLEGQPYNEQFF	TRBV5-1*01	2.3e-05	0.39855963897483454
CSASPLAGRSYEQYF	TRBV20-1*04	2.3e-05	0.8948798824632068
CSARGGLTNTGELFF	TRBV20-1*01	2.3e-05	0.8859032791925375
CATSRVDRGETQYF	TRBV15*01	2.3e-05	0.7250316981147439
CASSADRGWETQYF	TRBV27*01	2.3e-05	0.6633575507319155
CASSLYTSGGGQYF	TRBV11-2*01	2.3e-05	0.6606493715524022
CASSWLQGVETQYF	TRBV5-1*01	2.3e-05	0.6338718119848364
CASSLRALNEAFF	TRBV11-3*01	2.3e-05	0.4634181787239645
CASRSLALDTQYF	TRBV2*01	2.3e-05	0.7926627024030987
CSANPQGGDEQFF	TRBV20-1*01	2.3e-05	0.9508714722491051
CASSIGTVEAFF	TRBV19*01	2.3e-05	0.4165858068112864
CASSYSRDRQYF	TRBV6-5*01	2.3e-05	0.6224835775539185
CASSLSQNPQFF	TRBV7-6*01	2.3e-05	0.6947292563438915
CATRQGETQYF	TRBV24-1*01	2.3e-05	0.5491684136844739
CASSQEWVLSSGRPYEQYF	TRBV14*01	2.3e-05	0.9518608473410941
CASSEGIATHQETQYF	TRBV2*01	2.3e-05	0.7317137269560826
CASSSIDTVPYEQYF	TRBV12-3*01	2.3e-05	0.6029898104189347
CASSHRLVGLDEQFF	TRBV13*01	2.3e-05	0.9480239337948746
CASSAAGGPAGEQFF	TRBV9*03	2.3e-05	0.756646061935247
CASSGTSGSYNEQFF	TRBV6-4*01	2.3e-05	0.14322758970150717
CASSQDLFRINEQFF	TRBV4-3*01	2.3e-05	0.9266824939718272
CASSKAGPPNEQFF	TRBV19*01	2.3e-05	0.863592997440808
CASSYSTDTDTQYF	TRBV6-2*01	2.3e-05	0.2945368905679093
CASSQDPQGPEQFF	TRBV4-1*01	2.3e-05	0.8885044372686293
CSASGGWGGQPQHF	TRBV20-1*01	2.3e-05	0.8565027259961477
CSVPGQGDASPLHF	TRBV29-1*01	2.3e-05	0.9305528562137818
CASSQGVAGGSTDTQYF	TRBV4-3*01	2.3e-05	0.30905791032380836
CSAKVAGGPATQETQYF	TRBV20-1*01	2.3e-05	0.9810687276439602
CASSPGGGATYEQYF	TRBV9*01	2.3e-05	0.258759769654759
CASSNRGGQETQYF	TRBV6-6*03	2.3e-05	0.3221626484610291
CASSLYENTEAFF	TRBV7-2*01	2.3e-05	0.13737650247308494
CASSSPGQGQINTEAFF	TRBV7-9*04	2.2e-05	0.6099221960755292
CASSSGRVGENEQFF	TRBV6-5*01	2.2e-05	0.571772206086138
CASSPGQGRGEKLFF	TRBV5-1*01	2.2e-05	0.3460575028497309
CSARDRPRPTDTQYF	TRBV20-1*01	2.2e-05	0.9824505396025265
CAWVFGVGDNEQFF	TRBV30*05	2.2e-05	0.964760699244785
CASSPKTGTSRHPADTQYF	TRBV28*01	2.2e-05	0.8999424393737914
CASSLAGQGSTGELFF	TRBV6-2*01	2.2e-05	0.24092154614905348
CASSLLPGWGTQQQFF	TRBV7-9*01	2.2e-05	0.9173792015110404
CASSQVQGGSNQPQHF	TRBV4-1*01	2.2e-05	0.17357297597664098
CSARSPDSNTGELFF	TRBV20-1*01	2.2e-05	0.9156660116052064
CASSYSGRATEAFF	TRBV6-5*01	2.2e-05	0.5577525698599204
CAWRPPPKNIQYF	TRBV30*01	2.2e-05	0.968055715519249
CASSSGTNHEQYF	TRBV7-9*01	2.2e-05	0.4162155226865428
CASSEQGEPHSGANVLTF	TRBV6-4*01	2.2e-05	0.8425666608904019
CSAEGLAGGGAAQETQYF	TRBV20-1*01	2.2e-05	0.90342140430094
CASTPRGGLYSNQPQHF	TRBV19*01	2.2e-05	0.46430569882560246
CASSSRPPGQGNSPLHF	TRBV7-2*01	2.2e-05	0.4302456057828547
CASSVSPSGTGNEQFF	TRBV9*01	2.2e-05	0.5470813476836822
CASKRGQGKYQETQYF	TRBV6-1*01	2.2e-05	0.7301113246096722
CASSVVLGLGNEQFF	TRBV9*01	2.2e-05	0.8796723685722402
CASSGELGGYNEQFF	TRBV9*01	2.2e-05	0.23579624855689388
CASRDGVGVMETQYF	TRBV5-1*01	2.2e-05	0.8011862963408294
CASSFGRARGEQYF	TRBV5-5*01	2.2e-05	0.6554743485866176
CASSQGQSSYEQYF	TRBV7-6*02	2.2e-05	0.2203129379897438
CASSVGTGFDEQFF	TRBV9*01	2.2e-05	0.816449381552608
CASSIQGLGSIQYF	TRBV9*01	2.2e-05	0.6255434110396321
CASSQGTTNEKLFF	TRBV4-1*01	2.2e-05	0.27745045711875416
CASSPLKQAEAFF	TRBV18*01	2.2e-05	0.8012400092606194
CVGCWVGDTQYF	TRBV28*01	2.2e-05	0.9792017357896592
CASGGQSGELFF	TRBV19*01	2.2e-05	0.25550934446120965
CATAGLAGGHSLGYNEQFF	TRBV24-1*01	2.2e-05	0.8964535380787231
CATSAPLGSGVSTDTQYF	TRBV24-1*01	2.2e-05	0.7559958755540842
CASSVGSGAGGTDTQYF	TRBV9*01	2.2e-05	0.207214875090599
CASSPGLAGGDYNEQFF	TRBV4-1*01	2.2e-05	0.24753696122916596
CASSSKDSANTGELFF	TRBV27*01	2.2e-05	0.42525979567517624
CASSPAGGLSGNTIYF	TRBV7-3*01	2.2e-05	0.2816191522281883
CASSLRDSLGTGELFF	TRBV5-1*01	2.2e-05	0.6466268817325942
CSAPLAGGLSTDTQYF	TRBV20-1*01	2.2e-05	0.8840779909949025
CATSSAGESYNEQFF	TRBV27*01	2.2e-05	0.2762326735850477
CASRAAGSSYNEQFF	TRBV19*01	2.2e-05	0.17986963253441685
CASSLAQGAGQPQHF	TRBV7-2*01	2.2e-05	0.15287315864052795
CASSLPGLRNSPLHF	TRBV7-9*01	2.2e-05	0.7515033939613297
CASSALTGYNEKLFF	TRBV9*03	2.2e-05	0.26423263288285204
CASRRQGGADYEQYF	TRBV7-9*01	2.2e-05	0.2674267557645336
CASRGANLGGNEQFF	TRBV28*01	2.2e-05	0.7882497302267538
CATSDPRDKNTQYF	TRBV24-1*01	2.2e-05	0.8104086215055157
CASSSDSRHNEQFF	TRBV19*01	2.2e-05	0.3202225582147501
CASGTLTSTDTQYF	TRBV28*01	2.2e-05	0.6511460877537858
CASSYGGHDYEQYF	TRBV7-3*01	2.2e-05	0.3962102849041559
CASSPRQYQETQYF	TRBV7-9*01	2.2e-05	0.6365537496158514
CASSPPSGQETQYF	TRBV7-9*01	2.2e-05	0.5214170517509035
CASSVGSGSYGYTF	TRBV9*01	2.2e-05	0.15320558657943806
CASTIQGAREAFF	TRBV7-9*05	2.2e-05	0.7780772279008976
CASSPVRTDTQYF	TRBV6-6*04	2.2e-05	0.4349835401923448
CASSPRPVDTQYF	TRBV7-2*01	2.2e-05	0.6346442721646934
CASSQGEGVTQYF	TRBV3-1*01	2.2e-05	0.6048386116127541
CSAYTSGYDEQFF	TRBV20-1*04	2.2e-05	0.8467179365848986
CSVDRANTGELFF	TRBV29-1*01	2.2e-05	0.5943013894226905
CSVELASPYEQYF	TRBV29-1*01	2.2e-05	0.8465568680182087
CASSLGGHTQYF	TRBV7-6*01	2.2e-05	0.41386871672646003
CASSLTQETQYF	TRBV7-9*01	2.2e-05	0.3353316615884131
CASSASRGGGLYDYGYTF	TRBV9*03	2.2e-05	0.30928265632162755
CASSPPNRGLAKNIQYF	TRBV18*01	2.2e-05	0.8524266729788199
CASSERASPYSNQPQHF	TRBV6-1*01	2.2e-05	0.4860863964764558
CASSVGGGSGMTDTQYF	TRBV9*01	2.2e-05	0.5315367245722356
CASNPLAGQGSTDTQYF	TRBV9*01	2.2e-05	0.6269812486990428
CASSQDASGRITDTQYF	TRBV4-3*01	2.2e-05	0.8269177244804433
CASSLARTGFPYEQYF	TRBV5-6*01	2.2e-05	0.7665385753307132
CASSSPGTRGRTEQYF	TRBV5-5*01	2.2e-05	0.658726144439383
CASSQAPTGEYQPQHF	TRBV4-2*01	2.2e-05	0.44110904903755427
CASSSSGGTRTDTQYF	TRBV5-1*01	2.2e-05	0.4018484784448548
CASSKQGPRTGELFF	TRBV19*01	2.2e-05	0.8053603113825729
CASSPPSGDTDTQYF	TRBV18*01	2.2e-05	0.36709245025504156
CASSVGDIDTGELFF	TRBV2*01	2.2e-05	0.31364346128114945
CASSDSTSGGDTQYF	TRBV6-4*01	2.2e-05	0.21458873327630953
CASSLDDSRNTEAFF	TRBV7-7*01	2.2e-05	0.27852127302296326
CASSLRGQGTNEQFF	TRBV7-2*01	2.2e-05	0.38401655652069566
CASSPWDGGNEKLFF	TRBV5-6*01	2.2e-05	0.5291776367790517
CASSQGPDRGYGYTF	TRBV11-2*01	2.2e-05	0.5110844910551339
CASSAGGGSSYEQYF	TRBV9*03	2.2e-05	0.15276740776083633
CASSSESRRTGELFF	TRBV10-1*01	2.2e-05	0.5438311117162051
CASSQGTPNRDTQYF	TRBV4-1*01	2.2e-05	0.7866189428186267
CASSQDVTGFGEQFF	TRBV4-1*01	2.2e-05	0.8015909533231514
CSASPFKGGGETQYF	TRBV20-1*02	2.2e-05	0.9677687502725991
CASSGLAGGSEQFF	TRBV19*03	2.2e-05	0.21919340958546374
CASSYGQSTDTQYF	TRBV6-2*01	2.2e-05	0.3851620927654664
CASSLTGENAEAFF	TRBV6-6*04	2.2e-05	0.5642640520648474
CASSLDEGADTQYF	TRBV5-8*01	2.2e-05	0.22605048330277483
CASSPGGSGTEAFF	TRBV12-3*01	2.2e-05	0.17995289658791766
CASSRGRLQETQYF	TRBV28*01	2.2e-05	0.6025800056518585
CASSQDGQRREQFF	TRBV3-1*01	2.2e-05	0.7979861878179115
CASSESTTTGELFF	TRBV10-1*01	2.2e-05	0.3968030801071867
CASKEMATNEKLFF	TRBV5-1*01	2.2e-05	0.6714962586967449
CAWSVTALDIQYF	TRBV30*01	2.2e-05	0.9614416481487646
CASSYSFQGEQFF	TRBV6-5*01	2.2e-05	0.504612903543926
CASSLIANTEAFF	TRBV11-2*01	2.2e-05	0.18188713465566275
CASSPPGGTEAFF	TRBV9*01	2.2e-05	0.30586567467338815
CASSVESGNEQFF	TRBV9*01	2.2e-05	0.24282381265698677
CASRDSGANVLTF	TRBV7-3*01	2.2e-05	0.13772221134406326
CASRPGLSETQYF	TRBV12-3*01	2.2e-05	0.5273592807175498
CASSQDRNYGYTF	TRBV4-1*01	2.2e-05	0.12725636649140717
CSAKLAGVVEQYF	TRBV20-1*04	2.2e-05	0.9852461286627741
CATQTGETKLFF	TRBV6-1*01	2.2e-05	0.432264143072079
CASSRQLMGYTF	TRBV2*01	2.2e-05	0.31772846076413214
CASSNPNYEQFF	TRBV6-2*01	2.2e-05	0.20068852338601254
CSESGITDTQYF	TRBV29-1*01	2.2e-05	0.7553401958540352
CASMFAGEQYF	TRBV5-5*01	2.2e-05	0.8443763008489117
CASSFGERGFF	TRBV28*01	2.2e-05	0.878147164537531
CAGGTDTQYF	TRBV6-6*03	2.2e-05	0.33996089654052436
CATKENIQYF	TRBV19*01	2.2e-05	0.7803227723290383
CASSAQTLFGRAPEQFF	TRBV9*03	2.2e-05	0.9707052594245785
CASRVWSQAEMNNEQFF	TRBV12-3*01	2.2e-05	0.9372581124912638
CASSQNGGGRRYEKLFF	TRBV4-3*01	2.2e-05	0.6888265557976746
CASSQERDRENTGELFF	TRBV4-1*01	2.2e-05	0.5770020335015308
CASSFLPGHQQETQYF	TRBV28*01	2.2e-05	0.7375520853784178
CASSVATLASYNEQFF	TRBV9*01	2.2e-05	0.6656667999881084
CASSMDSFRGTGELFF	TRBV7-2*01	2.2e-05	0.7458677104929546
CASSHLQGAYYNEQFF	TRBV4-1*01	2.2e-05	0.6636052421510048
CASSQDQGLANNEQFF	TRBV4-3*01	2.2e-05	0.5485444079867147
CASNQLAGDNQETQYF	TRBV4-1*01	2.2e-05	0.7041536692714471
CATSDTGQGRETQYF	TRBV24-1*01	2.2e-05	0.7469139725784436
CATSRDYKGGETQYF	TRBV15*01	2.2e-05	0.6449842583866968
CASSFGSGGQETQYF	TRBV11-2*01	2.2e-05	0.3663702983719475
CASSPQAGAYNEQFF	TRBV11-3*01	2.2e-05	0.3598112290013394
CASSVRTGDDGEQFF	TRBV9*01	2.2e-05	0.7296832044421451
CASRRTSGRYETQYF	TRBV7-9*01	2.2e-05	0.8128953685993558
CASSPRTEAKNIQYF	TRBV4-3*01	2.2e-05	0.72203416100005
CASSPQEGSIDTQYF	TRBV4-1*01	2.2e-05	0.6832186358493749
CASSQVSYGTETQYF	TRBV4-3*01	2.2e-05	0.6144821169151872
CASSPSGNHNEQFF	TRBV18*01	2.2e-05	0.27472403462021144
CASSYRDTKNIQYF	TRBV11-3*01	2.2e-05	0.7972847810747811
CASSHSRGLETQYF	TRBV4-2*01	2.2e-05	0.661278345143327
CASSTSGGADTQYF	TRBV6-6*03	2.2e-05	0.18855036536395942
CASSEATGVDTQYF	TRBV10-1*01	2.2e-05	0.4111173411959921
CSARVAGGVNEQFF	TRBV20-1*01	2.2e-05	0.9273257845643822
CSASGGTSYNEQFF	TRBV20-1*01	2.2e-05	0.680253829389169
CASSGDGGNEQFF	TRBV11-3*02	2.2e-05	0.22943009403947118
CSVRDPGVDTQYF	TRBV29-1*01	2.2e-05	0.9442906129886426
CATRDFQDGYTF	TRBV11-3*01	2.2e-05	0.8684672697656196
CASRRRETQYF	TRBV28*01	2.2e-05	0.4102687022212815
CASSYPPPSGRTTDTQYF	TRBV7-2*01	2.2e-05	0.9625370155209106
CASSQLDLGGEKETQYF	TRBV4-2*01	2.2e-05	0.8026063518530266
CASSPPNRAGETEAFF	TRBV18*01	2.2e-05	0.634060320707176
CASSYSRAPGIGELFF	TRBV6-5*01	2.2e-05	0.7116977137708749
CASSQGTQVSTDTQYF	TRBV27*01	2.2e-05	0.776950014061349
CASSQVRTGGTDTQYF	TRBV4-1*01	2.2e-05	0.42278732186668416
CASSYSFTSGNEQFF	TRBV6-5*01	2.2e-05	0.7339679533841185
CASSLGASGQETQYF	TRBV5-1*01	2.2e-05	0.37181408778344566
CASSPGLNTGELFF	TRBV13*01	2.2e-05	0.20882577702286687
CASSPTRGPDTQYF	TRBV5-1*01	2.2e-05	0.5476788237723336
CASSIWSTDTQYF	TRBV19*01	2.2e-05	0.5958047243697605
CASRETGFSGYTF	TRBV28*01	2.2e-05	0.7510222263796592
CASSLDPAVGYTF	TRBV5-1*01	2.2e-05	0.7401492574061603
CASSPGRPDTQYF	TRBV5-1*01	2.2e-05	0.4106211240562412
CASSLPPRGGQETQYF	TRBV6-2*01	2.2e-05	0.7617337462620889
CASSLGWDRGTEAFF	TRBV7-8*03	2.2e-05	0.7180982164658299
CASSVGSGTEAFF	TRBV9*01	2.2e-05	0.12684977699824238
CASSFQGRETQYF	TRBV5-1*01	2.2e-05	0.5497538466502785
CASSLDRGNEQFF	TRBV7-7*02	2.1e-05	0.23711417856978317
CSAREATQTQYF	TRBV20-1*01	2.1e-05	0.9790986945704357
CASSLGRQEGHKETQYF	TRBV7-6*01	2.1e-05	0.6760418115825776
CASSQEGTSGRSGELFF	TRBV4-3*01	2.1e-05	0.5800243069157935
CATSSLGTGDPGELFF	TRBV15*02	2.1e-05	0.7125235311586698
CSAPGSTGSTDTQYF	TRBV20-1*01	2.1e-05	0.851808535810112
CASSITGLAGGWSSYNEQFF	TRBV19*01	2.1e-05	0.6873476760878148
CASSLRQSASTDTQYF	TRBV28*01	2.1e-05	0.5503670821248382
CASSFISGGAYNEQFF	TRBV9*01	2.1e-05	0.6824617564394082
CASSLGAGQGRQPQHF	TRBV7-2*01	2.1e-05	0.3346225515638884
CASSLPQASAQETQYF	TRBV3-1*01	2.1e-05	0.7053623602490334
CASSFTDRGGGELFF	TRBV19*01	2.1e-05	0.7899984784954599
CASSFLSQKKETQYF	TRBV28*01	2.1e-05	0.8287078127078664
CASSYLTANQETQYF	TRBV6-2*01	2.1e-05	0.5817219987810099
CASSFQAGPYNEQFF	TRBV7-3*01	2.1e-05	0.5318423663891035
CASSKTSGFSYEQYF	TRBV11-2*01	2.1e-05	0.4433201907576562
CASSLSGQGVDEQFF	TRBV5-1*01	2.1e-05	0.3149140098087705
CASSTRQGNTDTQYF	TRBV4-1*01	2.1e-05	0.3051348068484153
CASSDRTGANVLTF	TRBV10-2*01	2.1e-05	0.17620183076651877
CSASSGDVLFTYTF	TRBV20-1*02	2.1e-05	0.8364647281919008
CSVEDATRGFEQFF	TRBV29-1*01	2.1e-05	0.9689372803127914
CASSYGLAGKPFF	TRBV6-5*01	2.1e-05	0.8729442774516243
CASSVYSTDTQYF	TRBV2*01	2.1e-05	0.35828556023670044
CAISALNYGYTF	TRBV10-3*01	2.1e-05	0.35473448775363925
CASSIEDGYTF	TRBV19*01	2.1e-05	0.38564626984572026
CASSNTDTQYF	TRBV4-2*01	2.1e-05	0.15448951756543572
CASSHLPGQGASYNEQFF	TRBV4-1*01	2.1e-05	0.5178366765330186
CSARDRRGRAGANVLTF	TRBV20-1*01	2.1e-05	0.9502579801939469
CATSRDRTGVTGELFF	TRBV15*01	2.1e-05	0.3827438305326789
CATSRTLGGSGNEQFF	TRBV15*01	2.1e-05	0.76372802229312
CASSWGGRGDGSPLHF	TRBV5-6*01	2.1e-05	0.6233422529135824
CASSKTSGGYKNIQYF	TRBV7-2*01	2.1e-05	0.750415470960045
CATSDPTAFTDTQYF	TRBV24-1*01	2.1e-05	0.7798324156652657
CASSAGTGYTGELFF	TRBV6-4*01	2.1e-05	0.19471749297920943
CASSDARDRGDEQYF	TRBV6-1*01	2.1e-05	0.5729714042961894
CASSLGTGSYNEQFF	TRBV13*01	2.1e-05	0.10022187264403914
CASSLAGGRSNEQFF	TRBV7-3*01	2.1e-05	0.23454427563306976
CASSSHWDSTDTQYF	TRBV7-9*01	2.1e-05	0.6527323836477901
CASSSGVGGQETQYF	TRBV7-9*01	2.1e-05	0.332312599083716
CASSLDRVGIYEQYF	TRBV5-8*01	2.1e-05	0.41900964387859163
CASSGGTARNTEAFF	TRBV9*01	2.1e-05	0.45826893026191406
CASSGRQIGDTEAFF	TRBV6-6*05	2.1e-05	0.6881265406437918
CASSPGGGRYEKLFF	TRBV5-1*01	2.1e-05	0.35285172679217
CASSPGAGHTDTQYF	TRBV4-3*01	2.1e-05	0.32828199688287485
CSAVRDREGKNIQYF	TRBV20-1*01	2.1e-05	0.9773188013449993
CASSLTAVYNEQFF	TRBV28*01	2.1e-05	0.6171152867308215
CASSDSTSYNEQFF	TRBV6-4*01	2.1e-05	0.17421602041239667
CASSTDRGAYGYTF	TRBV7-9*01	2.1e-05	0.20264139851620308
CASSKSDYNSPLHF	TRBV9*01	2.1e-05	0.39968349390927327
CASNLGSGTDTQYF	TRBV7-6*01	2.1e-05	0.3194870136938771
CATSRGQQETQYF	TRBV15*01	2.1e-05	0.4407816237138053
CASSEGLRETQYF	TRBV2*01	2.1e-05	0.40791521834816685
CAIGDRGRLFF	TRBV27*01	2.1e-05	0.9603704899984883
CASTLGDTQYF	TRBV7-2*01	2.1e-05	0.2847914020305414
CSGGLNEKLFF	TRBV20-1*01	2.1e-05	0.5900987946013396
CASSHLEGTGNLGDYGNTF	TRBV4-1*01	2.1e-05	0.6852962917201905
CASSSRPGQGALNTEAFF	TRBV9*01	2.1e-05	0.49173037501103256
CATSDTPGGPRGDTQYF	TRBV24-1*01	2.1e-05	0.8613910897851753
CASSLLGLAANTGELFF	TRBV27*01	2.1e-05	0.2410037665355849
CASSLDWGASGKETQYF	TRBV28*01	2.1e-05	0.6774153549814085
CASSDRIRGLGGEKLFF	TRBV6-4*01	2.1e-05	0.8170468070376046
CASSDSSRRGRNEQFF	TRBV6-4*01	2.1e-05	0.6626310206056817
CASSEAAGTGGETQYF	TRBV6-1*01	2.1e-05	0.26466119276749067
CASSLGTSGVYNEQFF	TRBV7-8*03	2.1e-05	0.23364370368082513
CASSRSGGGSYNEQFF	TRBV7-6*01	2.1e-05	0.15930264351136858
CASSSGLAGITDTQYF	TRBV5-1*01	2.1e-05	0.42268822436925507
CAWSVGTGWNTEAFF	TRBV30*01	2.1e-05	0.7182967916765784
CAISPTSGGGNEQFF	TRBV10-3*01	2.1e-05	0.6153101187434391
CATSRDRTASYEQYF	TRBV15*01	2.1e-05	0.4877651696475391
CASSAAAFSGNTIYF	TRBV19*01	2.1e-05	0.4812860440073629
CASSSRDRVYNEQFF	TRBV19*01	2.1e-05	0.5600881224875859
CASSPGQGQNTEAFF	TRBV18*01	2.1e-05	0.1487349268095976
CASSYGTGVGTEAFF	TRBV9*01	2.1e-05	0.4409356434242628
CASSAGGRDTDTQYF	TRBV6-4*01	2.1e-05	0.19791353545274398
CASSLIGGGAYEQFF	TRBV7-3*01	2.1e-05	0.3275601892331324
CASSPVAAPTGELFF	TRBV7-6*01	2.1e-05	0.7606549065159686
CASSQDGTTNEKLFF	TRBV4-1*01	2.1e-05	0.45844413246645194
CSARDSSGGPNEQFF	TRBV20-1*01	2.1e-05	0.8438411197034911
CSAREVQRDTGELFF	TRBV20-1*01	2.1e-05	0.9767650184444473
CASGAGVKADTQYF	TRBV6-1*01	2.1e-05	0.8738641416658476
CASSLGQGIETQYF	TRBV7-9*01	2.1e-05	0.441392928171514
CASSQDPAQETQYF	TRBV4-2*01	2.1e-05	0.7378950924930573
CSANIAGGGETQYF	TRBV20-1*04	2.1e-05	0.9267882494257832
CSVEDPGVGDTQYF	TRBV29-1*01	2.1e-05	0.9613164497170066
CASSRDYQETQYF	TRBV6-6*04	2.1e-05	0.5456837037517044
CASSFRARDTQYF	TRBV7-3*01	2.1e-05	0.7585598248392293
CASSLDRPYEQYF	TRBV5-5*01	2.1e-05	0.18190451936839855
CASSPGSTDTQYF	TRBV7-2*01	2.1e-05	0.16324889779111584
CASSDGGSYEQYF	TRBV11-3*02	2.1e-05	0.14714181540947993
CASSDGLTDTQYF	TRBV4-1*01	2.1e-05	0.24748516244444535
CASRGSSTDTQYF	TRBV4-1*01	2.1e-05	0.23422630547290196
CAIRGPNQTQYF	TRBV10-3*01	2.1e-05	0.7395176627443104
CASSLGENEQFF	TRBV7-3*01	2.1e-05	0.22136196810288533
CSASQGNYGYTF	TRBV29-1*01	2.1e-05	0.5822170808578716
CSARRQETQYF	TRBV20-1*01	2.1e-05	0.928988246219321
CASSLSGLARRRSSYNEQFF	TRBV5-1*01	2.1e-05	0.6879709344951046
CASSPRTGAGKLANEQFF	TRBV4-1*01	2.1e-05	0.7240068940149751
CAGNPLAGQGSTDTQYF	TRBV9*01	2.1e-05	0.7778808334190739
CASSYFVGGLSYNEQFF	TRBV6-2*01	2.1e-05	0.6971502352048368
CASSQDSRPKNTGELFF	TRBV4-1*01	2.1e-05	0.8240492968061165
CASSQEAASLAKNIQYF	TRBV4-1*01	2.1e-05	0.6477693736400916
CASSLLMGQGTDTQYF	TRBV28*01	2.1e-05	0.28600547070421944
CASSLGTGLRRRGYTF	TRBV7-9*04	2.1e-05	0.8062965748464282
CASSPRTSGLTDTQYF	TRBV7-9*01	2.1e-05	0.3607819178831011
CASSQGLAGGPDTQYF	TRBV4-2*01	2.1e-05	0.2890858780152594
CATKSSPRGGTDTQYF	TRBV5-1*01	2.1e-05	0.7299757303537421
CASSQDGGQGTDTQYF	TRBV4-3*01	2.1e-05	0.3576704377153964
CAISPGLDHQDTQYF	TRBV10-3*01	2.1e-05	0.7828939615104368
CASSPGLADYNEQFF	TRBV6-1*01	2.1e-05	0.2535801002695851
CASSPQGRVTGELFF	TRBV6-6*04	2.1e-05	0.5032397092488454
CASSERDYRRETQYF	TRBV2*01	2.1e-05	0.7889528270961912
CASSFFLANTGELFF	TRBV5-8*01	2.1e-05	0.6536203315513348
CASSLGSSGANVLTF	TRBV11-3*01	2.1e-05	0.12141252335283947
CASSPHRDRGETQYF	TRBV7-3*01	2.1e-05	0.7621738661502394
CASSRNRGNVDTQYF	TRBV5-1*01	2.1e-05	0.3591937185462383
CASSTQGGSTDTQYF	TRBV5-1*01	2.1e-05	0.23379462491862124
CSVLPGGRGANVLTF	TRBV20-1*01	2.1e-05	0.7896612613496995
CATRGRTSTDTQYF	TRBV10-3*01	2.1e-05	0.6910155892901441
CASSYPGVGNEQFF	TRBV6-5*01	2.1e-05	0.5796001272471615
CASSRGQSTDTQYF	TRBV12-3*01	2.1e-05	0.2860106923691153
CASSLGGGGYGYTF	TRBV5-6*01	2.1e-05	0.08429415530932068
CASSLGGAGTEAFF	TRBV7-2*01	2.1e-05	0.10603691597239084
CASSLTHLPDTQYF	TRBV11-3*01	2.1e-05	0.9272638515414221
CASSLTRLDEKLFF	TRBV7-6*01	2.1e-05	0.8498977371834461
CASSALTGEETQYF	TRBV9*03	2.1e-05	0.29132085028731974
CSARGQGSADTQYF	TRBV20-1*04	2.1e-05	0.8865193144370743
CAWSVRLQETQYF	TRBV30*01	2.1e-05	0.8588074477032542
CASSIWGTGELFF	TRBV19*01	2.1e-05	0.3541324039547663
CASSQGGNNEQFF	TRBV3-1*01	2.1e-05	0.2938027125758525
CSVDGRVPGELFF	TRBV29-1*01	2.1e-05	0.9543499493598384
CASSSRGTEAFF	TRBV11-3*01	2.1e-05	0.12883229839364863
CASRHTGGTIYF	TRBV5-6*01	2.1e-05	0.7924447758608
CASSVRWDTQYF	TRBV5-1*01	2.1e-05	0.6325469077664262
CSIDGVAYEQYF	TRBV29-1*01	2.1e-05	0.9063282722555188
CAIREQETQYF	TRBV10-3*01	2.1e-05	0.6988238409964422
CATSAYNEQFF	TRBV15*02	2.1e-05	0.2743982580171727
CASSSVDTQYF	TRBV6-5*01	2.1e-05	0.16166366729378184
CASSGATSFSGANVLTF	TRBV6-1*01	2.1e-05	0.7580462075102009
CSARDYLGLAGQETQYF	TRBV20-1*01	2.1e-05	0.9813945304556035
CASSLGGGATNEKLFF	TRBV5-1*01	2.1e-05	0.2413707536558853
CASSLEVAGTQETQYF	TRBV5-1*01	2.1e-05	0.5381079738428242
CATSRDGSGANVLTF	TRBV15*01	2.1e-05	0.18236289447950033
CASTPGEAGGPEAFF	TRBV19*01	2.1e-05	0.7587141927565082
CASSLSGAPKNEQFF	TRBV28*01	2.1e-05	0.61608719531622
CASSPTGAGANVLTF	TRBV7-9*01	2.1e-05	0.17266987132113146
CASSLVSSGRDTQYF	TRBV7-2*01	2.1e-05	0.2828071404771656
CASSESGRPYNEQFF	TRBV10-2*01	2.1e-05	0.37517191221786617
CASSLDRFGQPQHF	TRBV5-8*01	2.1e-05	0.3949333606298481
CASSLLGVGQPQHF	TRBV7-8*01	2.1e-05	0.2178186291815782
CASSWGSKAGELFF	TRBV7-9*01	2.1e-05	0.6621029605967881
CASSPGTGAYEQYF	TRBV5-6*01	2.1e-05	0.19814301013059796
CASSQVVSNQPQHF	TRBV3-1*01	2.1e-05	0.3809082095550614
CASSRASGARTQYF	TRBV5-6*01	2.1e-05	0.694590415366626
CSAPSGSGGETQYF	TRBV20-1*01	2.1e-05	0.8702549599160054
CASSTRSGNEQFF	TRBV19*01	2.1e-05	0.25670045330397
CASSYRVQETQYF	TRBV6-5*01	2.1e-05	0.6822935043962197
CASSPVLGETQYF	TRBV28*01	2.1e-05	0.5381011220820742
CASRTSDNEQFF	TRBV6-1*01	2.1e-05	0.23678328897110892
CASSPPGFSGAETQYF	TRBV19*01	2.1e-05	0.650680009131575
CASSDPGVAGTDTQYF	TRBV6-2*01	2.1e-05	0.4248739441372782
CASSGGASGGSDTQHF	TRBV5-1*01	2.1e-05	0.5391333371917736
CASRILWPVNTEAFF	TRBV5-8*01	2.1e-05	0.9302801711197487
CASSPLAGGRETQYF	TRBV6-6*04	2.1e-05	0.373569660530508
CASSLLSGGQETQYF	TRBV7-3*01	2.1e-05	0.41389640594209054
CASSGQVVEETQYF	TRBV9*01	2.1e-05	0.6815563117358029
CASSLGRTDTQYF	TRBV5-6*01	2.1e-05	0.15711585569694558
CASSHGGNTEAFF	TRBV5-1*01	2.1e-05	0.1233395589675135
CASSQDRDTEAFF	TRBV4-3*01	2.1e-05	0.1484712264770287
CSVEMGWNTEAFF	TRBV29-1*01	2.1e-05	0.6718045347123275
CASGAGETEAFF	TRBV7-9*01	2.1e-05	0.15980404428477465
CASSLRSEKLFF	TRBV7-8*01	2.1e-05	0.24055877130758851
CASSSGPTEAFF	TRBV5-6*01	2.1e-05	0.13205902525393945
CTSSNRGGGYTF	TRBV27*01	2.1e-05	0.26150654391461026
CASSLVGDTQYF	TRBV11-3*01	2e-05	0.20672884693071364
CASSQPGTGGEKLFF	TRBV4-2*01	2e-05	0.3406084691068556
CASSQSYETDSTDTQYF	TRBV4-2*01	2e-05	0.7746176636576765
CASSPQQGSTEAFF	TRBV18*01	2e-05	0.19171016989291997
CASSVEEGGGEQYF	TRBV9*01	2e-05	0.2631054650263579
CASSRGGTDTQYF	TRBV19*01	2e-05	0.13568192671414997
CASSYQGRETQYF	TRBV6-5*01	2e-05	0.5597490582506336
CASSADRVGEQFF	TRBV7-6*02	2e-05	0.4196281369670578
CATGTGDEKLFF	TRBV10-3*01	2e-05	0.5212269612248055
CAWSNGFLEFF	TRBV30*01	2e-05	0.864631435940076
CASSLTIPGQGGGYEQYF	TRBV7-9*01	2e-05	0.6716510724451287
CAISQGQFMNTEAFF	TRBV10-3*01	2e-05	0.6476049500095061
CATSRLKGVSTEAFF	TRBV15*01	2e-05	0.7030873609453347
CASVLLAGGNNEQFF	TRBV11-3*01	2e-05	0.7547344805786358
CASSVGGAYYNEQFF	TRBV9*01	2e-05	0.45485700961680714
CSARVDRDRTYEQYF	TRBV20-1*01	2e-05	0.9289986733455682
CSVTQGAVLDTQYF	TRBV20-1*01	2e-05	0.9463641854591819
CSATLAGSTGELFF	TRBV20-1*04	2e-05	0.7728349809991863
CSASSLAGYNEQFF	TRBV20-1*04	2e-05	0.7796891916309726
CATSRERTGELFF	TRBV15*02	2e-05	0.3762738189131564
CASSLGSNNEQFF	TRBV7-7*01	2e-05	0.19218674601808056
CSVLVNTEAFF	TRBV29-1*01	2e-05	0.47186962647045166
CSAGIQPQHF	TRBV29-1*01	2e-05	0.7551758585067677
CASRLYRSPTGGANVLTF	TRBV6-6*05	2e-05	0.8637715242864366
CAIRGVAGGPFQDTQYF	TRBV10-3*01	2e-05	0.8579509674681203
CASRHTGTDYSNQPQHF	TRBV12-3*01	2e-05	0.5533232634035188
CATSSPTAALLNEQFF	TRBV15*02	2e-05	0.7871043438923585
CASSLVYSGVAYEQYF	TRBV11-2*01	2e-05	0.5115349013768941
CASSSAGTENTGELFF	TRBV5-1*01	2e-05	0.20909987327956867
CASSTTGINTGELFF	TRBV19*01	2e-05	0.4439131998502206
CASSDSSGGADTQYF	TRBV6-4*01	2e-05	0.18254238290215308
CASSEYRSGANVLTF	TRBV2*03	2e-05	0.42026269722792525
CASSLTGEGSQPQHF	TRBV6-2*01	2e-05	0.28707184809357555
CASSPTGTGDYGYTF	TRBV7-3*01	2e-05	0.16935310123694264
CSARGGTSPYNEQFF	TRBV20-1*01	2e-05	0.9351792927475925
CASSIQGTYNEQFF	TRBV19*01	2e-05	0.41402540292632073
CASSSGRGVGPQHF	TRBV27*01	2e-05	0.20562791042877135
CASSSLRQVYGYTF	TRBV5-6*01	2e-05	0.4660242030313954
CASSPEGTVPEQFF	TRBV11-2*01	2e-05	0.9045332884665931
CASSLAEAGGLQFF	TRBV5-1*01	2e-05	0.6955295364421272
CSARGGEYNSPLHF	TRBV20-1*01	2e-05	0.9362621883227636
CASRGQRTDTQYF	TRBV4-2*01	2e-05	0.3543295200165551
CASSRNRAPKLFF	TRBV3-1*01	2e-05	0.7443742623042876
CASSVQDEDTQYF	TRBV9*01	2e-05	0.3093501079056127
CASGRGLAAEQFF	TRBV4-1*01	2e-05	0.7419379965938855
CASSQPSYNEQFF	TRBV4-1*01	2e-05	0.2727911921509967
CASSCLVPQYF	TRBV5-1*01	2e-05	0.6087062498478395
CASSWLAGGPRTDTQYF	TRBV5-6*01	2e-05	0.5222045369516719
CASSDSAGGGYNEQFF	TRBV6-4*01	2e-05	0.15812496117828614
CASSLALDPNNEKLFF	TRBV7-9*01	2e-05	0.6721498613682717
CASSLAGSVRTGELFF	TRBV7-9*01	2e-05	0.37623947721930223
CASSVFNSGGYNEQFF	TRBV9*01	2e-05	0.5861960724644536
CASSVGSGNLDTEAFF	TRBV9*01	2e-05	0.5483766987947335
CASSGKREGWTGELFF	TRBV11-2*01	2e-05	0.7723039639419665
CASRDGLAGSRLPQYF	TRBV6-6*04	2e-05	0.8863321644426088
CATSRSGQGVNEQFF	TRBV15*01	2e-05	0.31603588934020366
CASSFWGGVTDTQYF	TRBV27*01	2e-05	0.6747451720767103
CASSSQGSGGETQYF	TRBV6-5*01	2e-05	0.23008842985266345
CASSYAEDGNEKLFF	TRBV6-2*01	2e-05	0.7369867431131619
CASSLRPQVTDTQYF	TRBV13*01	2e-05	0.7327179690288782
CASSPRAGGEEKLFF	TRBV4-2*01	2e-05	0.2134509777750442
CASSTAAGDHNEQFF	TRBV11-3*01	2e-05	0.4784105706561949
CASSRGTGVTDTQYF	TRBV5-1*01	2e-05	0.3822511636430009
CASSQSRGGYTEAFF	TRBV4-1*01	2e-05	0.24378600500041067
CASSTGTPGGTEAFF	TRBV5-1*01	2e-05	0.46683203928897266
CSARLAGRGYNEQFF	TRBV20-1*05	2e-05	0.9574835626393472
CSARVRRGSTDTQYF	TRBV20-1*01	2e-05	0.9586539115164522
CASSPTGTAGELFF	TRBV18*01	2e-05	0.6056022988703946
CASSLAPPPDTQYF	TRBV7-2*01	2e-05	0.6636615098174928
CASSPPAGIKAQYF	TRBV3-1*01	2e-05	0.9642075407317997
CSAPPASKQETQYF	TRBV20-1*01	2e-05	0.9695698008304239
CATSMGDGETQYF	TRBV15*02	2e-05	0.6803224985444799
CASSIVANEKLFF	TRBV19*01	2e-05	0.27814702649153367
CASTIPGPYGYTF	TRBV7-2*01	2e-05	0.6187120987642256
CASSLGVYNEQFF	TRBV11-2*01	2e-05	0.17320249187454526
CASSLTANTEAFF	TRBV7-9*01	2e-05	0.14278689896169316
CASSLSGVDEAFF	TRBV7-3*01	2e-05	0.23218443794911608
CASSQDWEETQYF	TRBV3-1*01	2e-05	0.751860613863985
CASTVVGGTEAFF	TRBV5-1*01	2e-05	0.2336818279031714
CASSHVKVNEQFF	TRBV4-1*01	2e-05	0.8805991047627433
CSVTWGTYNEQFF	TRBV20-1*01	2e-05	0.8138291984373479
CSATGLSTDTQYF	TRBV20-1*01	2e-05	0.7891985532436305
CSVEAGEGAEAFF	TRBV29-1*01	2e-05	0.9170688478691781
CASGGGEQFF	TRBV6-1*01	2e-05	0.31138959018382645
CASSYSRPGRASDSKNIQYF	TRBV7-6*01	2e-05	0.9309791709636317
CASSLHGAPGLFTGELFF	TRBV9*01	2e-05	0.8193747913519792
CASSRGLAGVAHTDTQYF	TRBV11-3*01	2e-05	0.4832659077979843
CSVNPFPHSAGGSDTQYF	TRBV29-1*01	2e-05	0.9854387572362949
CASSLWASASSYNEQFF	TRBV5-1*01	2e-05	0.8089188745703079
CASSIEAGSGANVLTF	TRBV19*01	2e-05	0.23000736918274006
CASSDSSGGSTDTQYF	TRBV6-4*01	2e-05	0.18196182711020864
CASSLERHRGNQPQHF	TRBV5-6*01	2e-05	0.6607456978413077
CASSSGLGRSKNIQYF	TRBV11-3*01	2e-05	0.6396859434856719
CASSPAKGARTDTQYF	TRBV3-1*01	2e-05	0.6687185388854118
CASSPPGTSGMNEQFF	TRBV7-3*01	2e-05	0.7113701347160094
CASSPSGRAYQETQYF	TRBV7-9*01	2e-05	0.7487495822950813
CASSVGPGETNTEAFF	TRBV9*01	2e-05	0.34765919360741854
CASSGTSGSETGELFF	TRBV6-4*01	2e-05	0.2760798806277077
CASSQAAGLGSYEQYF	TRBV4-3*01	2e-05	0.4028938945552619
CASSQEVGGLLDTQYF	TRBV4-3*01	2e-05	0.7171025426220259
CSVFSRGPLSYNEQFF	TRBV20-1*01	2e-05	0.958605348537904
CASTLAGGFADTQYF	TRBV28*01	2e-05	0.44030584395583905
CASSFPNRGSETQYF	TRBV28*01	2e-05	0.8724916821571466
CASSLSIQGSEKLFF	TRBV27*01	2e-05	0.19451337919051204
CASSLALGFNQPQHF	TRBV5-6*01	2e-05	0.47503418416664067
CASSLGEGLGTEAFF	TRBV7-6*01	2e-05	0.3373831037076132
CASSLGTARNEKLFF	TRBV7-6*01	2e-05	0.5948274217419276
CASSLTGIGANVLTF	TRBV11-3*01	2e-05	0.3230491884582677
CASSVSGGRDSPLHF	TRBV9*01	2e-05	0.2640469660253029
CASSGATGAREKLFF	TRBV3-1*01	2e-05	0.6378159573624801
CALRGAGGAETQYF	TRBV24-1*01	2e-05	0.5285917998572062
CATQEGQGVYGYTF	TRBV6-1*01	2e-05	0.5650361775333959
CASSFSGRGETQYF	TRBV27*01	2e-05	0.3962086664995098
CASSLFSGKETQYF	TRBV27*01	2e-05	0.7495681880065138
CASSSGQAGQPQHF	TRBV7-6*01	2e-05	0.19463630635393564
CASRPTGTPYEQYF	TRBV5-6*01	2e-05	0.5414298320477019
CASRKLAGGGGGFF	TRBV6-2*01	2e-05	0.8653064951662285
CASKRPPQYNEQFF	TRBV27*01	2e-05	0.8786603853894053
CSARLAGVIETQYF	TRBV20-1*04	2e-05	0.9810961226740431
CASDRSSYNEQFF	TRBV30*01	2e-05	0.24288406995586612
CATSESAGTEAFF	TRBV24-1*01	2e-05	0.4242500225986206
CASSSGSTGELFF	TRBV6-4*01	2e-05	0.1025634356891078
CASSYETDPSAFF	TRBV7-8*01	2e-05	0.9447658878236629
CASRLKGWGEQYF	TRBV2*01	2e-05	0.705842317970627
CASRPTGTDTQYF	TRBV11-3*02	2e-05	0.3159599174618217
CASSLYVNTEAFF	TRBV5-1*01	2e-05	0.16497433960897512
CASSPYTGFEAFF	TRBV4-1*01	2e-05	0.7104644623886022
CAGMADQETQYF	TRBV30*01	2e-05	0.9078007081477271
CASSLEEETQYF	TRBV7-9*01	2e-05	0.2769436491397253
CASSLYVDTQYF	TRBV7-9*01	2e-05	0.31257448836283475
CASGRTGELFF	TRBV30*01	2e-05	0.2103928973890448
CAWSPADTQYF	TRBV30*01	2e-05	0.6874118588394663
CASSLSVEQFF	TRBV11-1*01	2e-05	0.306859430586212
CSVETEPIYF	TRBV29-1*01	2e-05	0.931959519254049
CAISEPTGTGPYNEQFF	TRBV10-3*01	2e-05	0.7436110626032618
CASSPPTGTGVADTQYF	TRBV7-9*01	2e-05	0.4316445766915291
CASSPLPTNPSNQPQHF	TRBV5-5*01	2e-05	0.8039413621881673
CASSPAASGVLTDTQYF	TRBV6-6*05	2e-05	0.4652724805375231
CASSEGPLPRKETQYF	TRBV6-1*01	2e-05	0.8442236186991905
CASSSSGGADTGELFF	TRBV7-2*01	2e-05	0.1716500092175326
CASSAQSSGSRDTQYF	TRBV7-3*01	2e-05	0.2803932265873974
CASGWVAGGQETQYF	TRBV28*01	2e-05	0.7733721224784218
CASSLVTVFSGELFF	TRBV13*01	2e-05	0.900840880549922
CASRPGQSSTDTQYF	TRBV5-1*01	2e-05	0.40069561846644025
CAGSWSGYSYEQYF	TRBV28*01	2e-05	0.6535737739215878
CATPLSGQYTEAFF	TRBV30*01	2e-05	0.6926367044118168
CASRVTGWAGELFF	TRBV19*01	2e-05	0.9132368040795934
CASIPDTTQETQYF	TRBV7-9*01	2e-05	0.8522355068422932
CASSYAESTDTQYF	TRBV6-5*01	2e-05	0.5354549472084811
CASSHPPPPETQYF	TRBV6-6*04	2e-05	0.8930026425185917
CASSQRTDQETQYF	TRBV11-3*01	2e-05	0.40201236818518815
CASSTDAGITEAFF	TRBV5-6*01	2e-05	0.4761928471439454
CASRAGGITDTQYF	TRBV5-1*01	2e-05	0.39832702759701505
CSADRGSSYNEQFF	TRBV29-1*01	2e-05	0.6549576229155516
CASSHQRSGELFF	TRBV7-9*01	2e-05	0.4978384510232279
CSVEFNSNQPQHF	TRBV29-1*02	2e-05	0.7134196818821966
CASTGWGTEAFF	TRBV19*01	2e-05	0.32612327815425224
CASSRTGRDAFF	TRBV14*01	2e-05	0.7491863468528389
CASSQVREQFF	TRBV3-1*01	2e-05	0.5217610432755243
CASSQEPGSAVYNEQFF	TRBV4-1*01	2e-05	0.6268936729426375
CASSIRDRGYNEQFF	TRBV19*01	2e-05	0.4933338986073064
CASRQEGAGANVLTF	TRBV4-3*01	2e-05	0.20607121878202578
CSASTTAGGANVLTF	TRBV20-1*04	2e-05	0.7915703370833902
CAIIAGTGDTEAFF	TRBV10-3*01	2e-05	0.681799919744299
CASIALGSTDTQYF	TRBV27*01	2e-05	0.6161671132600731
CASSLEPNTGELFF	TRBV7-6*01	2e-05	0.2901726513318557
CASKRGTSYNEQFF	TRBV14*01	2e-05	0.3788811482023624
CASMVGYQETQYF	TRBV2*01	2e-05	0.8601359527280296
CASSPGSQETQYF	TRBV7-3*01	2e-05	0.30540067054124387
CAWSEQADTQYF	TRBV30*01	2e-05	0.670249664058119
CASSVSGGGEKLFF	TRBV9*01	1.9e-05	0.26420551794245917
CASSFRDTSLSYNEQFF	TRBV11-3*01	1.9e-05	0.9054549860764369
CASSGGASGGSDTQYF	TRBV5-1*01	1.9e-05	0.2992543339680133
CASSETLKETQYF	TRBV7-9*05	1.9e-05	0.7589047459644811
CATSDLPSGSRVDTQYF	TRBV24-1*01	1.9e-05	0.7239678266696027
CASSYSGTSGVYNEQFF	TRBV6-2*01	1.9e-05	0.34953013403411326
CASSFSTPGQSNNEQFF	TRBV11-2*01	1.9e-05	0.8224743122828768
CASSVAPPGTGISEAFF	TRBV9*01	1.9e-05	0.8817932779670846
CAISSASGGPTDTQYF	TRBV10-3*02	1.9e-05	0.36036873614573234
CASSYSAGGNSPLHF	TRBV6-5*01	1.9e-05	0.26602054809128906
CASSDFPENTDTQYF	TRBV6-4*01	1.9e-05	0.48251091322059625
CASSFQGARNSPLHF	TRBV5-6*01	1.9e-05	0.7212081970267803
CASSQVNSPGETQYF	TRBV14*01	1.9e-05	0.8627754029920033
CASRTKTGGEGGYTF	TRBV7-9*01	1.9e-05	0.7600486905307683
CSATGLAAHTDTQYF	TRBV20-1*01	1.9e-05	0.9356950107735511
CASSEAARTGLAFF	TRBV2*01	1.9e-05	0.7015569052357752
CASWGFQADTQYF	TRBV6-1*01	1.9e-05	0.7693366460858538
CASSLDDYNEQFF	TRBV7-8*01	1.9e-05	0.2516452778764553
CASSPSGDYEQYF	TRBV4-1*01	1.9e-05	0.19049266368532258
CASSSGGHASGGANVLTF	TRBV28*01	1.9e-05	0.5973939941813882
CASSYTPASGGTDTQYF	TRBV6-5*01	1.9e-05	0.8542727797280222
CASSLSGRGLSSYEQYF	TRBV5-6*01	1.9e-05	0.23103978238313713
CASSLTSGGAKNIQYF	TRBV6-5*01	1.9e-05	0.6583692665933262
CASSYLAGGSTDTQYF	TRBV11-3*01	1.9e-05	0.22104642436215027
CASSQQGAGYNSPLHF	TRBV3-1*01	1.9e-05	0.32823808563468493
CASNLGTSGVTGELFF	TRBV6-1*01	1.9e-05	0.5417547121272743
CATSDLAGSTDTQYF	TRBV24-1*01	1.9e-05	0.3553946121537197
CASSPDGLTYNEQFF	TRBV18*01	1.9e-05	0.5600596021671472
CASSETSGSYNEQFF	TRBV6-4*01	1.9e-05	0.1377102210782685
CASSLVAGGNNEQFF	TRBV7-6*01	1.9e-05	0.5647273503393968
CASSLVQGLNTEAFF	TRBV7-9*01	1.9e-05	0.14939503559291714
CASSVAGDSYNEQFF	TRBV9*01	1.9e-05	0.3029592102236785
CASSVGVADYNEQFF	TRBV5-1*01	1.9e-05	0.3321040848195466
CASSLSTDNYGYTF	TRBV5-4*01	1.9e-05	0.15489853766340286
CASSLGTVNEKLFF	TRBV6-6*05	1.9e-05	0.2669353657231402
CSVSGGRITGELFF	TRBV29-1*01	1.9e-05	0.6383171255635488
CAISAGTSGSTFF	TRBV10-3*01	1.9e-05	0.7777646432347971
CAIRKDFYNEQFF	TRBV10-3*01	1.9e-05	0.9079196326158991
CASSWDRVNEQYF	TRBV7-6*01	1.9e-05	0.5097070617735271
CASSIGIGELFF	TRBV19*01	1.9e-05	0.2532371513837734
CASSTYSYEQYF	TRBV5-6*01	1.9e-05	0.21309222648530235
CSVRGWEQFF	TRBV29-1*01	1.9e-05	0.8893184681921152
CATSREHLGATRIEKLFF	TRBV15*01	1.9e-05	0.9579424823669026
CAISGTPGLAVTDTQYF	TRBV10-3*01	1.9e-05	0.9162874330563792
CASSIGLAGGPYNEQFF	TRBV19*01	1.9e-05	0.40502614803502945
CASSYSRQGQNTGELFF	TRBV6-2*01	1.9e-05	0.4371062893492393
CASSEFAFRGVYNEQFF	TRBV2*03	1.9e-05	0.9192974373795403
CASSQVPGVVGNTEAFF	TRBV4-2*01	1.9e-05	0.6824851870268025
CASSQIGTGSRNQPQHF	TRBV4-1*01	1.9e-05	0.5170117344710091
CASSSRSGPTFYEQYF	TRBV28*01	1.9e-05	0.633324947888207
CASSILGRSSYNEQFF	TRBV19*01	1.9e-05	0.4193181040499307
CASSSRQGAGNQPQHF	TRBV19*01	1.9e-05	0.09603536115131238
CASSYPNVRGGDTQYF	TRBV6-5*01	1.9e-05	0.852350837172003
CSAARDSTQEGTEAFF	TRBV20-1*01	1.9e-05	0.9430829603193337
CASSPLAGEFNEQFF	TRBV18*01	1.9e-05	0.47955037978080334
CASSLELAGGMGQFF	TRBV5-5*01	1.9e-05	0.8572896724683068
CASSQEGRSATEAFF	TRBV3-1*01	1.9e-05	0.3823118558247051
CASSVGNQGGEKLFF	TRBV9*01	1.9e-05	0.3723741092343448
CASRIQDQNTGELFF	TRBV2*01	1.9e-05	0.41130551778193525
CAKPAERKSTDTQYF	TRBV6-4*01	1.9e-05	0.772947996029381
CSVPRGGGMNTEAFF	TRBV29-1*01	1.9e-05	0.5864596806194106
CASSLGTGFSEQFF	TRBV27*01	1.9e-05	0.582173150493786
CASSEGRVNYGYTF	TRBV2*01	1.9e-05	0.257450801847575
CASSQDGTRNIQYF	TRBV14*01	1.9e-05	0.8041543125913105
CASSDRDREGEQFF	TRBV9*01	1.9e-05	0.40201961861112473
CASSFRTGDGEQFF	TRBV5-1*01	1.9e-05	0.6374390957395583
CASSSTVAETQYF	TRBV5-1*01	1.9e-05	0.5161707088629033
CASSSGANVLTF	TRBV27*01	1.9e-05	0.1045485927492757
CASSLVSDTQYF	TRBV11-3*01	1.9e-05	0.30445490040133594
CASSLVADTQYF	TRBV11-2*01	1.9e-05	0.3262418101688376
CASSLGGTEAFF	TRBV11-2*01	1.9e-05	0.08093819953566492
CTRGTNTEAFF	TRBV7-2*03	1.9e-05	0.5680864339567606
CASSQEPARSSLPGELFF	TRBV14*01	1.9e-05	0.9477310789071182
CASGLVLSGRMDGELFF	TRBV12-5*01	1.9e-05	0.9117186929202535
CATSRDLASVNTGELFF	TRBV15*01	1.9e-05	0.5879708590996457
CASSLITGLPVGGELFF	TRBV3-1*01	1.9e-05	0.8888473212893037
CASSQSQGGGRTGELFF	TRBV4-1*01	1.9e-05	0.3041545421822219
CAWSARLAGAPDTQYF	TRBV30*01	1.9e-05	0.7214441709056202
CASSLGTPGNTGELFF	TRBV11-2*01	1.9e-05	0.4661787223578917
CASSPQGAGISNEQFF	TRBV6-6*05	1.9e-05	0.6038318570414327
CASSHPRDSPNTEAFF	TRBV3-1*01	1.9e-05	0.7558643069179857
CASSQGLAESYNEQFF	TRBV4-2*01	1.9e-05	0.481657153738107
CASSQDYGSLNTEAFF	TRBV4-2*01	1.9e-05	0.7272208091865452
CASSAEPGHLNTEAFF	TRBV9*03	1.9e-05	0.4769192576319861
CASSLQPHSYNEQFF	TRBV27*01	1.9e-05	0.686551321446383
CASSDQGGRDNEQFF	TRBV6-1*01	1.9e-05	0.40989171884678455
CASSDELAGYSEQFF	TRBV6-4*01	1.9e-05	0.3342097513751398
CASSLTNENTGELFF	TRBV7-3*01	1.9e-05	0.19915619231329806
CASSPFKGAGETQYF	TRBV7-7*01	1.9e-05	0.7338446851296221
CASSRGQGARTEAFF	TRBV7-9*01	1.9e-05	0.38214632627261574
CASSQTLGGPETQYF	TRBV14*01	1.9e-05	0.6322280834941931
CASSQQTGVGEKLFF	TRBV3-1*01	1.9e-05	0.3582766526062046
CASSVRQGRVDTQYF	TRBV11-1*01	1.9e-05	0.5595856950170753
CASSVVGVAGTEAFF	TRBV9*01	1.9e-05	0.438174824638576
CASSVGGRADQPQHF	TRBV9*01	1.9e-05	0.3119554469816734
CASRAHRGEGTEAFF	TRBV9*03	1.9e-05	0.7131751015513969
CASSQDLGAGETQYF	TRBV4-3*01	1.9e-05	0.43298306775222384
CASGLEMVSYEQYF	TRBV12-5*01	1.9e-05	0.7507494892031686
CAITGSAMNTEAFF	TRBV10-3*01	1.9e-05	0.528606600283477
CATGAQGIGEKLFF	TRBV10-3*01	1.9e-05	0.7801110767795993
CASRYGGSGNEQFF	TRBV19*03	1.9e-05	0.468497352532413
CASRRGWSTDTQYF	TRBV19*01	1.9e-05	0.678147850052215
CASSWRGGYNEQFF	TRBV18*01	1.9e-05	0.30791423459326756
CASSYSGENTEAFF	TRBV5-6*01	1.9e-05	0.1798176209620775
CASSLDSRFDTQYF	TRBV11-3*01	1.9e-05	0.5246122777638156
CASSLGPGPHEQFF	TRBV7-8*01	1.9e-05	0.6048863704562418
CASSLGTGGETQYF	TRBV11-3*01	1.9e-05	0.17212900051498797
CASSSQGHYYEQYF	TRBV5-5*01	1.9e-05	0.4629887708171413
CASSSTLSTDTQYF	TRBV7-3*01	1.9e-05	0.2632328804800049
CASSPRSSSYEQYF	TRBV5-6*01	1.9e-05	0.1729219021443841
CASSHPAPNTEAFF	TRBV6-6*05	1.9e-05	0.6867134683361297
CASNLGTGRETQYF	TRBV28*01	1.9e-05	0.559973737748446
CASSLDREAGELFF	TRBV5-1*01	1.9e-05	0.3169170778740186
CASSQVTSTDTQYF	TRBV4-1*01	1.9e-05	0.510205073344417
CSVHGQHDPYEQYF	TRBV29-1*01	1.9e-05	0.9712950490680511
CASLRASYNEQFF	TRBV6-2*01	1.9e-05	0.442604333917659
CASTVGLTETQYF	TRBV6-1*01	1.9e-05	0.6377326503135261
CASSPVPGDEQFF	TRBV5-6*01	1.9e-05	0.5202753463602406
CASSVASGETQYF	TRBV9*01	1.9e-05	0.3951077960503928
CASSTSGGPMTDF	TRBV3-1*01	1.9e-05	0.896287592203789
CASRPDWDYEQYF	TRBV7-8*03	1.9e-05	0.3334847723912886
CASSLRSGGLFF	TRBV28*01	1.9e-05	0.6337860296376007
CASSPLETQYF	TRBV7-7*01	1.9e-05	0.3050906394354849
CASSSTARGPSLSSYNEQFF	TRBV7-2*01	1.9e-05	0.9167147763815983
CASSAEALVGGYYNEQFF	TRBV9*03	1.9e-05	0.724698699473708
CASSLSPTGLTDTQYF	TRBV11-3*01	1.9e-05	0.4489173364253138
CSASVGTGAPSGTQYF	TRBV20-1*04	1.9e-05	0.9581749163591768
CASMGRGATNEKLFF	TRBV19*01	1.9e-05	0.600655242396441
CASSYSGQSTDTQYF	TRBV6-5*01	1.9e-05	0.31163801356537835
CASSPFKGQGTEAFF	TRBV6-6*04	1.9e-05	0.6714183118539193
CASSDSGTGFGELFF	TRBV2*03	1.9e-05	0.5291563338017221
CASSDGQGAADTQYF	TRBV6-4*01	1.9e-05	0.4165859951349716
CASSFFDRGPYGQYF	TRBV7-9*01	1.9e-05	0.8832653414509517
CASSLTGGSTGELFF	TRBV7-9*01	1.9e-05	0.19244790894399658
CASSWGQGHNSPLHF	TRBV5-4*01	1.9e-05	0.3141093689319512
CASSPIAGGPHEQFF	TRBV7-3*01	1.9e-05	0.5960335218709168
CASSHSRSGANVLTF	TRBV11-3*01	1.9e-05	0.515494152581337
CASSQERGGPDTQYF	TRBV4-2*01	1.9e-05	0.43956866251634674
CASSVYGSYNSPLHF	TRBV9*01	1.9e-05	0.4661915936994097
CASSFRDPRETQYF	TRBV27*01	1.9e-05	0.8176741454892512
CASSDGQNTGELFF	TRBV6-4*01	1.9e-05	0.1617349290708062
CASSLVPGQETQYF	TRBV7-9*01	1.9e-05	0.4387951920064914
CASSSSGGVDEAFF	TRBV9*01	1.9e-05	0.16548861263116058
CASSQDKQVDIQYF	TRBV14*01	1.9e-05	0.9207812590566916
CASSVDRAQETQYF	TRBV9*01	1.9e-05	0.4526793789465497
CARHSEATNEKLFF	TRBV7-3*01	1.9e-05	0.7230143714499422
CSADEGRRQETQYF	TRBV20-1*01	1.9e-05	0.9254832674746836
CASSVERTDTQYF	TRBV19*01	1.9e-05	0.28159596411298177
CASSVEHTDTQYF	TRBV6-4*01	1.9e-05	0.3524623174847934
CSATDRGPYEQYF	TRBV20-1*01	1.9e-05	0.8503502275235312
CASSFVRNEQYF	TRBV7-2*01	1.9e-05	0.4810494553790101
CSVEGLRHEQFF	TRBV29-1*01	1.9e-05	0.9147358440576167
CASSFFASTTSYNEQFF	TRBV5-5*01	1.9e-05	0.8158478479573407
CASSLSLTSGMVGELFF	TRBV5-8*01	1.9e-05	0.8244760039721275
CASSQASGLAVGVTQYF	TRBV3-2*03	1.9e-05	0.7687781783059414
CASSTGAGPYTGELFF	TRBV19*01	1.9e-05	0.5322280503326882
CASSFDRGGFAYEQYF	TRBV7-8*01	1.9e-05	0.5688409906296382
CASSPPAGERTGELFF	TRBV7-9*04	1.9e-05	0.6883768184355393
CATSVGTAYTDTQYF	TRBV15*02	1.9e-05	0.6342109156049495
CASSKRGSSYNEQFF	TRBV19*01	1.9e-05	0.3374343667429643
CASFPSGRSLNEQFF	TRBV12-4*02	1.9e-05	0.7642074461692236
CASSFDGTNHYGYTF	TRBV5-6*01	1.9e-05	0.5667623362624424
CASSVDAGGPWELFF	TRBV9*01	1.9e-05	0.7636072596212711
CASSQERRADNEQFF	TRBV4-3*01	1.9e-05	0.789695751272675
CSASPTQGAYYGYTF	TRBV20-1*02	1.9e-05	0.7687855736866518
CSARDPAFTMSGQFF	TRBV20-1*01	1.9e-05	0.9935756908268559
CASSFWTGGGEQFF	TRBV27*01	1.9e-05	0.7119397690839707
CASGGQGGTEAFF	TRBV2*01	1.9e-05	0.22184408855214877
CASSQLISDTQYF	TRBV11-2*01	1.9e-05	0.7166614198071123
CASSTRYEQFF	TRBV10-2*01	1.9e-05	0.2981830078693083
CASSRRSATNEKLFF	TRBV28*01	1.8e-05	0.3992689129580393
CASNQGILNTEAFF	TRBV5-1*01	1.8e-05	0.40179136540424404
CSADQRGRRNTQYF	TRBV20-1*01	1.8e-05	0.9615901612113459
CASSYSPSGGQETQYF	TRBV6-2*01	1.8e-05	0.6756322391267383
CSARDWKSDAPKLFF	TRBV20-1*01	1.8e-05	0.985314226854023
CASSLAAAKNIQYF	TRBV6-2*01	1.8e-05	0.5358283556433039
CSARFHFQETQYF	TRBV20-1*05	1.8e-05	0.9917716961225232
CASSQALGRSGGGSSYNEQFF	TRBV3-1*01	1.8e-05	0.5688628600554626
CSARLRVGRGGAGSGELFF	TRBV20-1*01	1.8e-05	0.9885512367683289
CSARQGREGLSYNEQFF	TRBV20-1*01	1.8e-05	0.9753701816111283
CASSSAVGHSNQPQHF	TRBV7-9*01	1.8e-05	0.30532319362369503
CASSQDPSGRADEQFF	TRBV3-1*01	1.8e-05	0.7300397327138463
CASSLGTGVGNTIYF	TRBV11-2*01	1.8e-05	0.19815477229053205
CASSVAASSYNEQFF	TRBV9*01	1.8e-05	0.20878394693010358
CASNSLGRQNEKLFF	TRBV11-2*01	1.8e-05	0.752863695726619
CTSSPSVLVGNEQFF	TRBV18*01	1.8e-05	0.839553414527143
CAWRRQANTGELFF	TRBV30*01	1.8e-05	0.624324793081509
CASSPGNRGETQYF	TRBV7-3*01	1.8e-05	0.44139308983227027
CASSDLLSYNEQFF	TRBV9*01	1.8e-05	0.33948802564998637
CASTSERSYEQYF	TRBV6-4*01	1.8e-05	0.19150428748271547
CASSLVGLGEQYF	TRBV5-6*01	1.8e-05	0.4954528162378895
CASSQDAGVEAFF	TRBV4-1*01	1.8e-05	0.6504045442296883
CSARGYNEQFF	TRBV20-1*01	1.8e-05	0.7424584637998591
CASSYSRLVEKEWETQYF	TRBV6-5*01	1.8e-05	0.8126785302198379
CASSPMRSGAGSSYEQYF	TRBV5-1*01	1.8e-05	0.673221177262714
CATSREAGTRAYNEQFF	TRBV15*01	1.8e-05	0.7239975681882497
CASSRLAGGPSTGELFF	TRBV19*01	1.8e-05	0.4448751084193222
CASSFGSRLAETDTQYF	TRBV6-5*01	1.8e-05	0.5928318940849153
CASSVSLAGGSYNEQFF	TRBV9*01	1.8e-05	0.40909007432709277
CATSDSGQGVTGELFF	TRBV24-1*01	1.8e-05	0.44279901599969335
CASSPPTDRAKNIQYF	TRBV18*01	1.8e-05	0.7825847646605559
CASTTPQRAVNTEAFF	TRBV7-6*01	1.8e-05	0.7593392040077305
CASSDSIGGVLNEQFF	TRBV6-4*01	1.8e-05	0.6230030528032579
CASSPSAQKTYEKLFF	TRBV5-5*01	1.8e-05	0.6555549852541613
CASSQPRTGEDQPQHF	TRBV3-2*02	1.8e-05	0.4912998666654048
CASSQAGVSGSEKLFF	TRBV4-1*01	1.8e-05	0.37981729586647
CAWSTGGQGVDTQYF	TRBV30*01	1.8e-05	0.4892193919766566
CAQLEGGGSTGELFF	TRBV30*01	1.8e-05	0.375344752714117
CASSDLAGAYNEQFF	TRBV6-4*01	1.8e-05	0.23343085535747252
CASSLADVYTGELFF	TRBV7-2*04	1.8e-05	0.3762523604544061
CASSGPGQGANEQFF	TRBV7-3*01	1.8e-05	0.42054422131440455
CASSTGLAGGDTQYF	TRBV7-6*01	1.8e-05	0.281071280562885
CAWSEGGGPNEQYF	TRBV30*01	1.8e-05	0.5547764154902327
CASTPGGATGELFF	TRBV7-6*01	1.8e-05	0.4421470227460623
CASSPRVYTDTQYF	TRBV11-3*01	1.8e-05	0.5140285618378073
CASSRGTAGDTQYF	TRBV7-9*01	1.8e-05	0.381183769602498
CASSTGGGGYGYTF	TRBV7-2*01	1.8e-05	0.0926355810451306
CASSKQGENSPLHF	TRBV7-3*01	1.8e-05	0.4856886626100766
CSARTVLENHEQFF	TRBV20-1*02	1.8e-05	0.9863833664831261
CSVAGGGSYNEQFF	TRBV29-1*01	1.8e-05	0.5720634506881933
CASSWGLTDTQYF	TRBV7-8*01	1.8e-05	0.40409431310758437
CASSIGTSYEQYF	TRBV5-6*01	1.8e-05	0.21124809588883742
CSAPPGTGDEQYF	TRBV20-1*01	1.8e-05	0.8430130647702743
CASSLASNEQFF	TRBV7-9*01	1.8e-05	0.16860248601145855
CASSSGVETQYF	TRBV11-2*01	1.8e-05	0.2714591620058042
CSVVVVGNEQFF	TRBV29-1*01	1.8e-05	0.8506260955537747
CASSPKVVGQGPNNQPQHF	TRBV7-3*01	1.8e-05	0.8931330599991772
CATGRGRASNPPDTQYF	TRBV24-1*01	1.8e-05	0.831937783092509
CASSFPLAVLTRETQYF	TRBV7-2*01	1.8e-05	0.9078777665126961
CASSLAPDESLSSEQYF	TRBV11-2*01	1.8e-05	0.8260090616767496
CASSLGGSGGPGETQYF	TRBV11-2*01	1.8e-05	0.3721855402790945
CASSRLAGTTNAGELFF	TRBV6-6*04	1.8e-05	0.632172174439406
CASSQALGPAGGNEQFF	TRBV4-2*01	1.8e-05	0.8768009218744387
CASSQEGAGGSYNEQFF	TRBV4-1*01	1.8e-05	0.1753206601706969
CASSPRVAQNTGELFF	TRBV18*01	1.8e-05	0.39977810098591066
CASSLEGTVGQEKLFF	TRBV6-5*01	1.8e-05	0.5591785014399565
CASSKQGGGKNTEAFF	TRBV28*01	1.8e-05	0.20803539888762704
CASSLVVAFYNSPLHF	TRBV5-4*01	1.8e-05	0.8481464973309044
CASSLERSGKAYEQYF	TRBV7-9*01	1.8e-05	0.5451480598133877
CASSQSGVSSTDTQYF	TRBV4-2*01	1.8e-05	0.4368257826210585
CASRTSGRHSTDTQYF	TRBV10-1*01	1.8e-05	0.7158584008469083
CASSTSGGPYNEQFF	TRBV19*01	1.8e-05	0.25288732431162186
CASGPDSYVWEKLFF	TRBV7-9*01	1.8e-05	0.9461291664961216
CASSFGAGRTDTQYF	TRBV27*01	1.8e-05	0.41115450688125604
CASSPQAGGSDTQYF	TRBV6-6*04	1.8e-05	0.4535661582449625
CASSEGGVFKNIQYF	TRBV6-1*01	1.8e-05	0.8794075648505523
CASSLGDRGLYEQYF	TRBV5-6*01	1.8e-05	0.2623491184955017
CASSLDPGGRNIQYF	TRBV11-2*01	1.8e-05	0.7054149792424457
CASSSVAQGTGELFF	TRBV7-7*01	1.8e-05	0.24357210293834858
CASSSLAGGTDTQYF	TRBV6-4*01	1.8e-05	0.1718189641536861
CASSWGQGVGSPLHF	TRBV5-4*01	1.8e-05	0.5762838309191928
CASSPGPTLAGELFF	TRBV7-3*01	1.8e-05	0.6963744229203181
CASSPLGTGDQPQHF	TRBV5-5*01	1.8e-05	0.2812043051908612
CASSRGQITQETQYF	TRBV28*01	1.8e-05	0.7497719913880119
CASSQGTGVTTEAFF	TRBV11-1*01	1.8e-05	0.25028750509079106
CASSQDRGLGETQYF	TRBV3-1*01	1.8e-05	0.4106153180043743
CASSFGPAVGEKLFF	TRBV5-1*01	1.8e-05	0.755194305553084
CASSLVGPNTGELFF	TRBV5-1*01	1.8e-05	0.34577649396944327
CASSPGQVPYNEQFF	TRBV5-1*01	1.8e-05	0.6725155725076692
CSATPGLAGAETQYF	TRBV20-1*01	1.8e-05	0.8980176319483923
CAWTRTSGEETQYF	TRBV30*01	1.8e-05	0.6292784192037254
CAGSFRSTNYGYTF	TRBV28*01	1.8e-05	0.3514646127951974
CASSDPNGRETQYF	TRBV2*01	1.8e-05	0.677540096109528
CASSFVTSYTEAFF	TRBV7-9*01	1.8e-05	0.521479941645322
CASSLASRTDTQYF	TRBV7-9*01	1.8e-05	0.40324183892721976
CASSVGGEPYEQYF	TRBV9*01	1.8e-05	0.3385625315322778
CASSADATNEKLFF	TRBV9*03	1.8e-05	0.37558871741172994
CASRGQGDTDTQYF	TRBV6-4*01	1.8e-05	0.23570438634488197
CASTWTGDTGELFF	TRBV5-1*01	1.8e-05	0.5071929014754664
CASSRAGERNEQFF	TRBV4-1*01	1.8e-05	0.47071358529872365
CASSESRDRYEQFF	TRBV5-1*01	1.8e-05	0.5027194500033049
CSVEGGGANEKLFF	TRBV29-1*01	1.8e-05	0.5873289290325197
CASSDSESNEQFF	TRBV6-4*01	1.8e-05	0.2415153753123392
CASSSVGGNEQFF	TRBV7-3*01	1.8e-05	0.26696496870218456
CASSQQGTGELFF	TRBV7-3*01	1.8e-05	0.11343022968386629
CASSENSYDEQFF	TRBV9*01	1.8e-05	0.33883053918380446
CATSRVRETQYF	TRBV15*02	1.8e-05	0.6304633169600061
CASSSLAGELFF	TRBV6-6*03	1.8e-05	0.1452878402258374
CASSRTVEKLFF	TRBV7-9*01	1.8e-05	0.36654982181260753
CASSRGTDEAFF	TRBV9*01	1.8e-05	0.12305277868629369
CAWSDVAYEQYF	TRBV30*01	1.8e-05	0.5884692264485195
CASRAAEAFF	TRBV6-2*01	1.8e-05	0.3057950276391399
CATSDMTGTGSRAHQETQYF	TRBV24-1*01	1.8e-05	0.7846298986154406
CASSFPQGGELQETQYF	TRBV7-6*01	1.8e-05	0.6246003659825373
CASSLAGARPTYNEQFF	TRBV7-2*01	1.8e-05	0.6974015628528375
CATSDEGGYHTDTQYF	TRBV24-1*01	1.8e-05	0.8718766531940213
CATSDIAGGSYNEQFF	TRBV24-1*01	1.8e-05	0.44849934883706605
CASSRGRGRGTGELFF	TRBV19*01	1.8e-05	0.28598525402780983
CASSFMDSRSNQPQHF	TRBV5-6*01	1.8e-05	0.7661551455013239
CASSSGLSRFVETQYF	TRBV6-6*05	1.8e-05	0.7786209979533563
CASSNRGLKVTDTQYF	TRBV6-6*04	1.8e-05	0.8434413594303206
CASSGGAGSGANVLTF	TRBV5-1*01	1.8e-05	0.11326470695466544
CSAPGLAGARYNEQFF	TRBV20-1*01	1.8e-05	0.9655754837617953
CATSRPGEGTDTQYF	TRBV15*01	1.8e-05	0.3822751191628309
CASSSPPDKRETQYF	TRBV6-2*01	1.8e-05	0.7449676804150402
CASSLGQTVNQPQHF	TRBV5-8*01	1.8e-05	0.2538174298468415
CASSLGLAMEDTQYF	TRBV7-8*01	1.8e-05	0.4876059691370221
CASSLRGGREETQYF	TRBV11-2*01	1.8e-05	0.37336149009669045
CASSQHSGGGETQYF	TRBV6-4*01	1.8e-05	0.3440406207091304
CASSQDRDGQETQYF	TRBV4-2*01	1.8e-05	0.4929790306304232
CASAPSGSSYNEQFF	TRBV4-1*01	1.8e-05	0.26684237136389805
CASSQPYVRETQYF	TRBV18*01	1.8e-05	0.9150309144888852
CASGRGGDGNTQYF	TRBV7-2*01	1.8e-05	0.4842771700237802
CASSLGFGTDTQYF	TRBV5-5*01	1.8e-05	0.20854797070453004
CASSLSVRANVLTF	TRBV11-2*01	1.8e-05	0.5121478742000712
CASSSREGVETQYF	TRBV11-2*01	1.8e-05	0.4568247444601835
CASSQQGFESGYTF	TRBV5-4*01	1.8e-05	0.6839788239732608
CSARVPGSGETQYF	TRBV20-1*01	1.8e-05	0.9071240390844407
CSVGAAGAKNIQYF	TRBV29-1*01	1.8e-05	0.8747638974670819
CASSRDFYNEQFF	TRBV18*01	1.8e-05	0.4877457874170027
CASSLNRVETQYF	TRBV7-7*01	1.8e-05	0.5157569309844312
CASSYATNEKLFF	TRBV7-9*01	1.8e-05	0.2556204978912049
CASSHRDLSQQFF	TRBV10-1*01	1.8e-05	0.9191593264169046
CSVEVTQGNIQYF	TRBV29-1*01	1.8e-05	0.9451315425792921
CAISEASNEQFF	TRBV10-3*01	1.8e-05	0.44718104206637693
CASDSLRVEQFF	TRBV7-9*01	1.8e-05	0.8058868089521405
CASRLRGDLEYF	TRBV28*01	1.8e-05	0.698645221181199
CSAQDLSTEAFF	TRBV20-1*01	1.8e-05	0.7529297420592952
CSVDRGREQYF	TRBV29-1*01	1.8e-05	0.7018095578963346
CASSRPGQVATNEKLFF	TRBV18*01	1.8e-05	0.4996844008984077
CASSQGRLGANTDTQYF	TRBV4-1*01	1.8e-05	0.46364881116714707
CASSDGTSGVAYTQYF	TRBV6-1*01	1.8e-05	0.518834615425534
CASSFVRGRSTGELFF	TRBV5-6*01	1.8e-05	0.618680334053137
CASSYSLTSRHEQFF	TRBV6-5*01	1.8e-05	0.8117966217257165
CASSARLAGVDTQYF	TRBV28*01	1.8e-05	0.44501967856722646
CASSDSWEGPGEQFF	TRBV6-4*01	1.8e-05	0.7846987250050567
CASSLQADSYNEQFF	TRBV7-3*01	1.8e-05	0.4208773924681706
CASSVAVSSYNEQFF	TRBV9*01	1.8e-05	0.32715563575528706
CSARELAVFGNEQYF	TRBV20-1*01	1.8e-05	0.9764935358385376
CASSLTGVGGEQFF	TRBV7-9*01	1.8e-05	0.4048670460656972
CASSPPGTGEKLFF	TRBV13*01	1.8e-05	0.4618920854155856
CASNPAGNQETQYF	TRBV28*01	1.8e-05	0.5847388283475644
CSGAGGAPGNIQYF	TRBV20-1*01	1.8e-05	0.9191470662341108
CAAGRAGTDTQYF	TRBV7-9*04	1.8e-05	0.5005445887975111
CASTGVAKNIQYF	TRBV3-1*01	1.8e-05	0.7991697209807019
CASTFTSNQPQHF	TRBV2*01	1.8e-05	0.383147561998169
CASSPRVSDPQYF	TRBV14*01	1.8e-05	0.5289591481448466
CSAVAGGTDTQYF	TRBV20-1*04	1.8e-05	0.8374961477417079
CSARGDTFYEQYF	TRBV20-1*01	1.8e-05	0.9067300927666766
CSARVRDTEAFF	TRBV20-1*01	1.8e-05	0.8948433192016977
CASSFLAGGRSETQYF	TRBV7-2*01	1.7e-05	0.5695054026988158
CASSRGQRNEKLFF	TRBV28*01	1.7e-05	0.26263128851799805
CASSPWTGLAKNIQYF	TRBV6-6*04	1.7e-05	0.7898030750955546
CASSLSSGSVADTQYF	TRBV7-2*04	1.7e-05	0.29086445106428915
CASSLDQLDGDEQFF	TRBV28*01	1.7e-05	0.6221499298676441
CASSQGPGTEYEQYF	TRBV5-1*01	1.7e-05	0.3722694011674478
CASSLRGGADTQYF	TRBV7-3*01	1.7e-05	0.15670928132585066
CASSRFLGGREQYF	TRBV5-4*01	1.7e-05	0.5257416859924195
CASSVGGGAETQYF	TRBV9*01	1.7e-05	0.31444563126817276
CASSWGGLNEAFF	TRBV19*01	1.7e-05	0.29089117936295794
CASSQGSISALHF	TRBV14*01	1.7e-05	0.7317149906528271
CASSSGADTQYF	TRBV7-3*01	1.7e-05	0.1471393470752763
CASSFEGRWTSDTDTQYF	TRBV7-9*01	1.7e-05	0.8793050248394553
CASSVAGIAGGNNEQFF	TRBV9*01	1.7e-05	0.7605689081435968
CASSFSQRGRTDTQYF	TRBV5-1*01	1.7e-05	0.5209554394299586
CSAAEGAGGPGDTQYF	TRBV20-1*02	1.7e-05	0.886325606799709
CASSPPGVQSGELFF	TRBV18*01	1.7e-05	0.6908131270119173
CASSGLQSSGNTIYF	TRBV2*01	1.7e-05	0.1707821388339275
CASRGISGEPYEQYF	TRBV6-1*01	1.7e-05	0.5552512116966886
CASSLVGQSYEQYF	TRBV5-6*01	1.7e-05	0.16374502034977878
CASSTSGSRETQYF	TRBV7-2*01	1.7e-05	0.3032065012241457
CASSPGQGGTEAFF	TRBV5-1*01	1.7e-05	0.11642242688010072
CASTSAPQDEQFF	TRBV9*01	1.7e-05	0.7911972263527092
CASSQDPGNTIYF	TRBV4-2*01	1.7e-05	0.3327876575243185
CASSFDTGELFF	TRBV5-1*01	1.7e-05	0.12848054916193918
CSASGHSYEQYF	TRBV20-1*01	1.7e-05	0.8404922891223856
CASSLRPGQGGGSVCEQYF	TRBV27*01	1.7e-05	0.9228892759714239
CASSFAGTSGGAIPRTQYF	TRBV11-3*01	1.7e-05	0.8911187001465082
CASSLMGSLAGGTDTQYF	TRBV11-3*01	1.7e-05	0.563594531488662
CASSDGLAGDYPHNEQFF	TRBV5-8*01	1.7e-05	0.8166672660337259
CATSRRAGGSSYNEQFF	TRBV15*01	1.7e-05	0.33190902509781717
CASSVRDSGRPWAEQYF	TRBV9*01	1.7e-05	0.9225700832832486
CAWNRPGQGFDNEQFF	TRBV30*01	1.7e-05	0.9503212991559032
CAIRSNGLAGTDTQYF	TRBV10-3*01	1.7e-05	0.7539904420730892
CASSMGLAESYNEQFF	TRBV19*01	1.7e-05	0.7251569966674886
CASSPDGRAVVGEQFF	TRBV18*01	1.7e-05	0.9269684037355449
CASSLASLSTNEKLFF	TRBV7-8*01	1.7e-05	0.703465793622259
CASSQDRAGVYYGYTF	TRBV4-2*01	1.7e-05	0.2982329664758299
CASSASQRFGANVLTF	TRBV28*01	1.7e-05	0.4980539293508986
CASTSGLAGRVNEQYF	TRBV5-1*01	1.7e-05	0.601478751775447
CASSPGLRGYTDTQYF	TRBV5-1*01	1.7e-05	0.4861145267396727
CASSIERGPHNEQFF	TRBV19*01	1.7e-05	0.7021162063424492
CASSDELAGYNEQFF	TRBV6-4*01	1.7e-05	0.28214401046144305
CASSLDQVLLYEQYF	TRBV5-4*01	1.7e-05	0.6730793083469924
CASSLVREWGETQYF	TRBV7-2*01	1.7e-05	0.8545227376616191
CASSPLGGFGYEQYF	TRBV9*01	1.7e-05	0.3322322480479624
CASSPGGQLTYEQYF	TRBV7-2*01	1.7e-05	0.48366180419051447
CASSVVAGTGSPLHF	TRBV9*01	1.7e-05	0.5499233856998638
CASSATRQGNQPQHF	TRBV5-6*01	1.7e-05	0.17576982598665775
CASSPTENSYNEQFF	TRBV5-1*01	1.7e-05	0.5353812303941432
CASSPRLAGFGEQFF	TRBV4-1*01	1.7e-05	0.7745600087180619
CSASPSGGESGELFF	TRBV20-1*04	1.7e-05	0.8078256351028142
CASSPLIGTYEQYF	TRBV12-3*01	1.7e-05	0.3704136516802106
CASSLEAGGYEQYF	TRBV5-4*01	1.7e-05	0.1317153394314298
CASSLEVAGETQYF	TRBV7-8*01	1.7e-05	0.3773621482065986
CASSPRESTDTQYF	TRBV7-8*03	1.7e-05	0.395033138520616
CASSYPGLGDEQFF	TRBV5-1*01	1.7e-05	0.7655914716007671
CSAKRQNMNTEAFF	TRBV20-1*01	1.7e-05	0.8786202044375299
CASSLVPSDTQYF	TRBV7-3*01	1.7e-05	0.5231284803932278
CASSSPPAETQYF	TRBV7-2*01	1.7e-05	0.5294995445281799
CASSRDYQETQYF	TRBV2*01	1.7e-05	0.5456837037517044
CSASRRGGETQYF	TRBV20-1*04	1.7e-05	0.7637779457317028
CSARPGQTYEQYF	TRBV20-1*01	1.7e-05	0.8873843428330606
CAISEDLLGAFF	TRBV10-3*01	1.7e-05	0.9350997286286408
CASSTNQETQYF	TRBV5-1*01	1.7e-05	0.3706417140456358
CASSLTDTQYF	TRBV6-5*01	1.7e-05	0.1586440067675582
CSVGPEPQHF	TRBV29-1*01	1.7e-05	0.679396773020769
CASSIQSRTSGGPTDTQYF	TRBV7-9*01	1.7e-05	0.5981757839989222
CASGLVGGEDGSSYEQYF	TRBV12-5*01	1.7e-05	0.4645311865826636
CASSFLKGRESSYNEQFF	TRBV27*01	1.7e-05	0.8000297917308038
CASSAGAGGGTSRYEQYF	TRBV9*03	1.7e-05	0.32058293505684266
CASSGGGASGPGYNEQFF	TRBV9*01	1.7e-05	0.33972147975372063
CASSPGEGPYSNQPQHF	TRBV18*01	1.7e-05	0.30570712070788264
CASSQGIGAGGSNEQFF	TRBV4-2*01	1.7e-05	0.4988735262737231
CATSRVRGRPYNEQFF	TRBV15*01	1.7e-05	0.8197083554379453
CASSPFSGPSTDTQYF	TRBV6-6*04	1.7e-05	0.7780840617907926
CASSPNGLGSYNEQFF	TRBV6-6*04	1.7e-05	0.5712339193210395
CASSLGVQTSTDTQYF	TRBV5-8*01	1.7e-05	0.45090805120837396
CASSYGAGQAGETQYF	TRBV7-8*01	1.7e-05	0.6126503314101298
CASSLSLGLEKETQYF	TRBV5-6*01	1.7e-05	0.81108272226034
CASSQERDRFGGELFF	TRBV3-1*01	1.7e-05	0.8102533806267721
CASSDGASGDGETQYF	TRBV10-1*01	1.7e-05	0.35516686944345016
CASSFARGGHTGELFF	TRBV5-1*01	1.7e-05	0.4991322429249795
CASSQLGTSEYNEQFF	TRBV4-1*01	1.7e-05	0.49878613144222544
CASSIIRASNQPQHF	TRBV19*01	1.7e-05	0.5092395195059894
CASSDGGSSYNEQFF	TRBV6-4*01	1.7e-05	0.21237402958055002
CASSFPPGTGGEQYF	TRBV5-4*01	1.7e-05	0.6259196174995837
CASSFAIKQGTEAFF	TRBV7-8*01	1.7e-05	0.6285400685564995
CASSLGAGTTDTQYF	TRBV7-8*01	1.7e-05	0.2814013527248353
CASSLVTGEGGELFF	TRBV11-2*01	1.7e-05	0.44991078581041644
CASSSTTGSHQPQHF	TRBV12-3*01	1.7e-05	0.2033528102824697
CASSLGQGVNQPQHF	TRBV3-1*01	1.7e-05	0.13391791828342958
CASSPGLQGTYEQYF	TRBV7-9*04	1.7e-05	0.2209916657463739
CASSVGGGARVEQFF	TRBV9*01	1.7e-05	0.6511662342370067
CSVTRLSRYNNEQFF	TRBV20-1*01	1.7e-05	0.955121273753488
CAISELGEVTEAFF	TRBV10-3*01	1.7e-05	0.7757447598205454
CASSLEGSHEKLFF	TRBV12-3*01	1.7e-05	0.18864064635026412
CASSEEGGAHEQYF	TRBV2*01	1.7e-05	0.41633531442596877
CASSLDSPYNEQFF	TRBV11-3*01	1.7e-05	0.3482119821397504
CASSLDRSGGEQFF	TRBV11-3*01	1.7e-05	0.27886027571110716
CASSSGVLGGEAFF	TRBV7-6*01	1.7e-05	0.4309446245792925
CASSWEGQGGEQFF	TRBV7-6*01	1.7e-05	0.5537181824097669
CASSPGGAGTEAFF	TRBV11-3*01	1.7e-05	0.1534655402443452
CASSQLAAYNEQFF	TRBV6-6*05	1.7e-05	0.35680321681073407
CASRTDRGPDTQYF	TRBV2*02	1.7e-05	0.4175446232939644
CASSQEKSGHEQFF	TRBV4-3*01	1.7e-05	0.5642222848536975
CSARQSLMNTEAFF	TRBV20-1*01	1.7e-05	0.92162593338578
CASTQPDQNTQYF	TRBV11-2*01	1.7e-05	0.551924241092719
CASSLSGKNGYTF	TRBV12-4*02	1.7e-05	0.4295664653889677
CASSRDGQETQYF	TRBV11-3*01	1.7e-05	0.4824960749547811
CASSQDKGNEQFF	TRBV14*01	1.7e-05	0.3312918531057762
CASSPDSGETQYF	TRBV4-3*01	1.7e-05	0.3447113880333729
CASSSEGETQYF	TRBV11-2*01	1.7e-05	0.16731441024023633
CASSSRGDTQYF	TRBV13*01	1.7e-05	0.1583598733891953
CASSPISDTQYF	TRBV9*01	1.7e-05	0.4122660043033079
CAISESKLAEGSYNEQFF	TRBV10-3*01	1.7e-05	0.6617575534662717
CASSQDGAGLKGAYEQYF	TRBV3-1*01	1.7e-05	0.6371661222597346
CASSAERITGSSYEQYF	TRBV6-4*01	1.7e-05	0.3715875254125616
CASSPPIRDKAYNEQFF	TRBV7-9*01	1.7e-05	0.8107894126806748
CASIPADRGLTDTQYF	TRBV27*01	1.7e-05	0.9181394020156666
CASSESVHAEQETQYF	TRBV25-1*01	1.7e-05	0.6215436017506798
CASSLEGQRSYNEQFF	TRBV11-2*01	1.7e-05	0.2829367210529583
CASSSWGIRTYNEQFF	TRBV11-2*01	1.7e-05	0.7813724751802488
CASSPRLSLRTDTQYF	TRBV7-7*01	1.7e-05	0.9378022823321311
CASSPIIVANTGELFF	TRBV5-6*01	1.7e-05	0.7149229773696971
CASPRTSGPKGGTQYF	TRBV4-3*01	1.7e-05	0.8844542820546157
CASSQTPGRGYNEQFF	TRBV4-3*01	1.7e-05	0.733394371448883
CASSIGGTGANIQYF	TRBV19*01	1.7e-05	0.6048660277841642
CASSTPRDRGGEQHF	TRBV28*01	1.7e-05	0.8143775009383257
CASSLVQGGTDTQYF	TRBV5-5*01	1.7e-05	0.2541299395291849
CASSLRTGGLHEQFF	TRBV7-9*01	1.7e-05	0.4587094173005344
CASSPRAGGRDEQFF	TRBV7-9*01	1.7e-05	0.49474732530824334
CASSQRQGAGQPQHF	TRBV4-2*01	1.7e-05	0.17182812444768292
CASSQDSAGYETQYF	TRBV4-2*01	1.7e-05	0.5660107386462416
CASSVVAGQGSPLHF	TRBV9*01	1.7e-05	0.5964089643697956
CASSGTMTGLNIQYF	TRBV5-5*02	1.7e-05	0.879366092501714
CASSREKGSGNTIYF	TRBV7-7*01	1.7e-05	0.2700886575823781
CATSSAQGVNEQFF	TRBV15*02	1.7e-05	0.34767125164798396
CASSSDREADTQYF	TRBV6-4*01	1.7e-05	0.24192720633420356
CASSPGLAGKELFF	TRBV13*01	1.7e-05	0.4565272432103648
CASSQVAGGETQYF	TRBV4-2*01	1.7e-05	0.3677968908104174
CSAKGPQLSYEQYF	TRBV20-1*01	1.7e-05	0.961417502789116
CSVDVAGSGNTIYF	TRBV29-1*01	1.7e-05	0.5784337825964889
CAISATDSSAAFF	TRBV10-3*01	1.7e-05	0.8166146257306403
CASSYGGRDTQYF	TRBV6-5*01	1.7e-05	0.2529109740313231
CASSLMERETQYF	TRBV7-3*01	1.7e-05	0.7092236904163443
CASSLTGEGTQYF	TRBV5-5*01	1.7e-05	0.32031879953348447
CASSVMDNEKLFF	TRBV9*01	1.7e-05	0.3963340532474028
CASRQGGFTEAFF	TRBV16*01	1.7e-05	0.27581416650555474
CASFTSRGELFF	TRBV4-2*01	1.7e-05	0.5677347159680254
CASGTQETQYF	TRBV28*01	1.7e-05	0.49721257296094684
CSAREEGGTRLYEQYF	TRBV20-1*01	1.6e-05	0.950576623430549
CASSLRTQNTGELFF	TRBV7-3*01	1.6e-05	0.2842055448968082
CASSSLLLDRIGEAFF	TRBV27*01	1.6e-05	0.747915805463744
CASGRQGVPYNEQFF	TRBV7-9*01	1.6e-05	0.7279726987189113
CASSRAIIRRTGTVNTEAFF	TRBV14*01	1.6e-05	0.9426394529175102
CASSLGRVINTGELFF	TRBV7-7*01	1.6e-05	0.6160311898101958
CASSPSGVGAIQYF	TRBV6-6*04	1.6e-05	0.7531714041777812
CASSFGTSGDEQFF	TRBV5-1*01	1.6e-05	0.4505148864603402
CGDGSPETQYF	TRBV28*01	1.6e-05	0.8950000807411866
CASGLVIGSSGEGTDTQYF	TRBV12-5*01	1.6e-05	0.6070253863091194
CASSPRGGLAGRNEQFF	TRBV18*01	1.6e-05	0.8113938172091709
CASSEASEGTGANVLTF	TRBV2*01	1.6e-05	0.3143251720260454
CASSLGGSSSYNEQFF	TRBV11-3*01	1.6e-05	0.15378963644277657
CAWSRRTPRGETQYF	TRBV30*01	1.6e-05	0.9142632897419956
CASSDTSGGYNEQFF	TRBV6-4*01	1.6e-05	0.17392877313447966
CASSRDRSSYNEQFF	TRBV7-2*04	1.6e-05	0.17092678087253182
CASSVGGSGTDTQYF	TRBV9*01	1.6e-05	0.20625146847090192
CASSFSGRPEETQYF	TRBV5-1*01	1.6e-05	0.769790226783654
CASSQGAGVANEQFF	TRBV4-3*01	1.6e-05	0.5900462280854092
CASSMGRNTGELFF	TRBV19*01	1.6e-05	0.32967668695031355
CASMFGQANTEAFF	TRBV12-3*01	1.6e-05	0.8335284347347645
CASSQGQGTGEQYF	TRBV7-7*01	1.6e-05	0.29980148352766456
CASSLAGTANVLTF	TRBV5-1*01	1.6e-05	0.15239367126751133
CASSSSGNEDTQYF	TRBV5-1*01	1.6e-05	0.2148364055441223
CASSQGTGADTQYF	TRBV4-1*01	1.6e-05	0.2173852991701921
CASRLGPTTTEAFF	TRBV5-1*01	1.6e-05	0.5440038330023104
CASSQTPSYEQYF	TRBV14*01	1.6e-05	0.2562000477577755
CATSPAGLAGDSTDTQYF	TRBV24-1*01	1.6e-05	0.5806894210051207
CASSLARSVGTENQPQHF	TRBV7-6*01	1.6e-05	0.3343780248972512
CASSLAAGTSAGANVLTF	TRBV7-6*01	1.6e-05	0.23584421918684437
CASSIPGRGLRKQPQHF	TRBV19*01	1.6e-05	0.8699272324610328
CASSGVMTSGAPDTQYF	TRBV6-1*01	1.6e-05	0.8268792637917228
CASSLSPRGTSTDTQYF	TRBV7-6*01	1.6e-05	0.5399237821801864
CASSLAVGRGDRDEQFF	TRBV7-9*01	1.6e-05	0.7485474692789835
CASSSPWTSGRAGELFF	TRBV28*01	1.6e-05	0.8760337192490837
CASSSAHGTGRTGELFF	TRBV13*01	1.6e-05	0.4725461323557531
CASSNQRGGGGANVLTF	TRBV7-3*01	1.6e-05	0.18690927253594153
CASSHPPAGTSGDTQYF	TRBV4-1*01	1.6e-05	0.8874618968727007
CAISDGQGMPRDTQYF	TRBV10-3*01	1.6e-05	0.930358638860099
CASLNTRGQGTGELFF	TRBV18*01	1.6e-05	0.6487328495938012
CASSPPAGGTYNEQFF	TRBV18*01	1.6e-05	0.46928849525773914
CASSQILVGGNQPQHF	TRBV4-1*01	1.6e-05	0.22850319611304182
CATKKGQGMAGELFF	TRBV6-1*01	1.6e-05	0.91791207616644
CASSPRLAGIETQYF	TRBV27*01	1.6e-05	0.6263048929832256
CASSFPGQIQETQYF	TRBV11-3*01	1.6e-05	0.7374456485479318
CASSLAGSGANVLTF	TRBV11-3*01	1.6e-05	0.11613928279200844
CASSLDRIFNEKLFF	TRBV11-2*01	1.6e-05	0.6483154779764259
CASSPHGGSVETQYF	TRBV7-3*01	1.6e-05	0.5477572024237951
CASSPGGAIQETQYF	TRBV7-3*01	1.6e-05	0.5501752256842908
CASSVGQGVGEKLFF	TRBV9*01	1.6e-05	0.3566934097346516
CASSIFTGGSEKLFF	TRBV5-6*01	1.6e-05	0.4040135374531212
CASRKGTVAYNEQFF	TRBV27*01	1.6e-05	0.6814101768853885
CASSQRAGQGTEAFF	TRBV4-1*01	1.6e-05	0.2666959825928408
CASSQDGLVETEAFF	TRBV4-3*01	1.6e-05	0.5290644713857576
CATSRAWTGQTQYF	TRBV15*01	1.6e-05	0.6980924060602691
CASTSGPQGNEQFF	TRBV6-1*01	1.6e-05	0.582344935438016
CASSLASTTDTQYF	TRBV7-9*01	1.6e-05	0.2683569992666146
CASSQQGEDTEAFF	TRBV7-6*01	1.6e-05	0.1282571583225606
CASSLGAPVNEQFF	TRBV5-1*01	1.6e-05	0.5257882993805659
CASAPVGQETQYF	TRBV6-1*01	1.6e-05	0.6370483938324472
CASTSGGTGKLFF	TRBV3-1*01	1.6e-05	0.4639602439083554
CASSFPGNYGYTF	TRBV28*01	1.6e-05	0.24531354010908007
CASSWDRWYGYTF	TRBV6-2*01	1.6e-05	0.48599274496338846
CASSGQVQETQYF	TRBV6-1*01	1.6e-05	0.44660493916859306
CSARLAGTYEQYF	TRBV20-1*05	1.6e-05	0.7788373763856841
CSVGEELNSPLHF	TRBV29-1*01	1.6e-05	0.9395755028030871
CSASIGDRTQYF	TRBV20-1*04	1.6e-05	0.9170238861076239
CATSELAGTSGPSYNEQFF	TRBV24-1*01	1.6e-05	0.550799354056123
CASSLDTPRFSGNTGELFF	TRBV7-8*01	1.6e-05	0.8819856652391911
CASSASGSGRPSTDTQYF	TRBV18*01	1.6e-05	0.4811691157397486
CASSQEATGGGRVTEAFF	TRBV4-1*01	1.6e-05	0.48099871560738877
CASSLLPGSGSTDTQYF	TRBV7-3*01	1.6e-05	0.43353791335019143
CASSLDRAGGVYNEQFF	TRBV7-9*01	1.6e-05	0.3455212154201046
CASSAGLRNSYNSPLHF	TRBV5-5*02	1.6e-05	0.6573410578316299
CASSRQGQGHQGGEQFF	TRBV4-1*01	1.6e-05	0.6661376981402974
CSVEDWTERATNEKLFF	TRBV29-1*01	1.6e-05	0.9873221585494255
CASSDDPGRSTDTQYF	TRBV6-4*01	1.6e-05	0.542771521706648
CASSLVTGGGTDTQYF	TRBV5-4*01	1.6e-05	0.2767731339894255
CASSPRRPSGANVLTF	TRBV7-8*03	1.6e-05	0.568436226311208
CASSPRTESSYNEQFF	TRBV9*01	1.6e-05	0.48938568356092554
CASSVALQGANTEAFF	TRBV9*01	1.6e-05	0.43054020572258905
CASSVGAGVSQETQYF	TRBV9*01	1.6e-05	0.5348165422181969
CASSIGGGAYNEQFF	TRBV19*01	1.6e-05	0.22674803786458
CASSLAVTPNQPQHF	TRBV12-3*01	1.6e-05	0.5411386763831626
CASSDPGDRGTRKFF	TRBV6-1*01	1.6e-05	0.9599954414059557
CASSETSGGVDTQYF	TRBV6-1*01	1.6e-05	0.2469398413005206
CASSLTSGRGYEQYF	TRBV7-9*01	1.6e-05	0.2815863660441289
CASSSPLAGANEQFF	TRBV7-6*01	1.6e-05	0.43872897016953266
CASSPGDRGVEPQHF	TRBV7-6*01	1.6e-05	0.6256607379836743
CASSPGTGGHNEQFF	TRBV7-9*01	1.6e-05	0.2748485154379477
CASSVGSLGSGGYTF	TRBV9*01	1.6e-05	0.5781975139253726
CASSAQQGWNTEAFF	TRBV9*03	1.6e-05	0.35873952649263796
CASRRTLTGGDTQYF	TRBV28*01	1.6e-05	0.623170022533955
CASSLGGLRADTQYF	TRBV5-1*01	1.6e-05	0.49629251003391517
CSATGLAGAGETQYF	TRBV20-1*04	1.6e-05	0.8835157541087307
CATSNEAREDEQFF	TRBV24-1*01	1.6e-05	0.5758529218361876
CASSPRSVNNEQFF	TRBV18*01	1.6e-05	0.5603007200030901
CASTLGADDYGYTF	TRBV2*01	1.6e-05	0.38826998874739715
CASSFRGKEETQYF	TRBV27*01	1.6e-05	0.7269832632667257
CASSFGFRAGELFF	TRBV5-6*01	1.6e-05	0.7723564301159389
CASSLQGTYNEQFF	TRBV7-2*01	1.6e-05	0.24007253512967572
CASSWGDSYNEQFF	TRBV5-6*01	1.6e-05	0.3591340275510398
CASSLAAANNEQFF	TRBV7-9*04	1.6e-05	0.35711276275997866
CASSVKGWGETQYF	TRBV9*01	1.6e-05	0.6828994739547688
CASSAPSGANVLTF	TRBV9*03	1.6e-05	0.208667154689291
CASSAAAPGDEQFF	TRBV9*03	1.6e-05	0.6148429039714867
CASSGRGSGNTIYF	TRBV5-6*01	1.6e-05	0.16980703149854254
CASRPQGNPTEAFF	TRBV6-1*01	1.6e-05	0.6190160127431277
CASIQDRDQPQHF	TRBV2*01	1.6e-05	0.47683464392574415
CASSLWQAYEQYF	TRBV5-4*01	1.6e-05	0.45595265657812895
CASSRDRVEKLFF	TRBV7-9*01	1.6e-05	0.520393941935723
CASSVGSYNEQFF	TRBV9*01	1.6e-05	0.10841316750979607
CASSGVREETQYF	TRBV9*01	1.6e-05	0.5089246985563844
CSARQGLVGEQFF	TRBV20-1*01	1.6e-05	0.9428662924795592
CRPGPLGVETQYF	TRBV20-1*01	1.6e-05	0.9725090785109293
CASSVGANEQFF	TRBV9*01	1.6e-05	0.28007458419408193
CASSSRRTAGGPSGGASTDTQYF	TRBV9*01	1.6e-05	0.8034321124092569
CATSPPPEEGVVSYNEQFF	TRBV15*02	1.6e-05	0.9579758586612527
CASSLVPYYAGGSYNEQFF	TRBV7-8*01	1.6e-05	0.554597267189991
CASSRKLAGPLTGGDTQYF	TRBV9*01	1.6e-05	0.7941333545205709
CASSDSGTSGGPDTQYF	TRBV6-4*01	1.6e-05	0.23066976382479357
CASSLGLGRGQTYEQYF	TRBV5-4*01	1.6e-05	0.34307391260859604
CASSLVGLADSTDTQYF	TRBV5-1*01	1.6e-05	0.5064497327845824
CASSSSLAGGSTDTQYF	TRBV5-1*01	1.6e-05	0.2372700345444055
CSARLAPTSGVTDTQYF	TRBV20-1*04	1.6e-05	0.9812232581827217
CSFAGSSGGANLNEQFF	TRBV29-1*01	1.6e-05	0.9343552515985751
CASSFSPDRAREKLFF	TRBV11-2*01	1.6e-05	0.9238345981966112
CASSPWTSGGQETQYF	TRBV27*01	1.6e-05	0.6776007123664901
CASSLLAGGLGDTQYF	TRBV7-2*01	1.6e-05	0.3068045641806368
CASSLMPGTNTDTQYF	TRBV7-6*01	1.6e-05	0.4738336866536577
CASSLIAGGAGDTQYF	TRBV7-9*01	1.6e-05	0.3974759496197714
CASSARAGTSTDTQYF	TRBV14*02	1.6e-05	0.4627766621344736
CASSAVQGKQYNEQFF	TRBV11-2*01	1.6e-05	0.5175590510901642
CASSRRGQGGNQPQHF	TRBV5-1*01	1.6e-05	0.12878250846940523
CASSLQLGDTYEQYF	TRBV5-5*01	1.6e-05	0.3819382673672985
CASSYSGEGGETQYF	TRBV6-2*01	1.6e-05	0.36530267224887947
CASSYRDSLQETQYF	TRBV6-2*01	1.6e-05	0.7420125801158884
CASSEYPSGANVLTF	TRBV6-4*01	1.6e-05	0.5666305096750284
CASSESPGGADTQYF	TRBV6-4*01	1.6e-05	0.37836428708975417
CASSQWDRGEETQYF	TRBV3-1*01	1.6e-05	0.709028713128325
CASSQDGRADNEQFF	TRBV4-2*01	1.6e-05	0.5123928134414789
CASSSGPLGAGELFF	TRBV5-1*01	1.6e-05	0.6796738944810568
CASSPGQWPYNEQFF	TRBV5-1*01	1.6e-05	0.8568443971118903
CSAAAFSDSYNEQFF	TRBV20-1*01	1.6e-05	0.8923015603405138
CASARDRGGETQYF	TRBV19*01	1.6e-05	0.4268731981853165
CASSPGTERNEQFF	TRBV18*01	1.6e-05	0.6237843164387237
CASSLPQGADTQYF	TRBV7-9*01	1.6e-05	0.251393433462912
CASSLGLPSNEQFF	TRBV7-2*01	1.6e-05	0.6984523932750254
CASSVQGKGGELFF	TRBV9*01	1.6e-05	0.44369620245385477
CASKPTSGVWTQYF	TRBV6-1*01	1.6e-05	0.7295608109374065
CASSPGKQETQYF	TRBV19*03	1.6e-05	0.40013623103343965
CASSLASGTEAFF	TRBV7-9*01	1.6e-05	0.11994013719240655
CASSPDSRHEQYF	TRBV3-1*01	1.6e-05	0.5228436221602196
CASSENPQGTQYF	TRBV10-1*01	1.6e-05	0.790821573346859
CSAPRGLLYEQYF	TRBV20-1*01	1.6e-05	0.8991483189151367
CSATGDRYNEQFF	TRBV20-1*01	1.6e-05	0.8194310302313411
CASSLREGEQYF	TRBV28*01	1.6e-05	0.22061416175041637
CASSGSTDTQYF	TRBV9*01	1.6e-05	0.14610486989108995
CASSLESDTQYF	TRBV5-1*01	1.6e-05	0.2615420450893784
CASLRETQYF	TRBV2*01	1.6e-05	0.3815527506858315
CASSSWDSSGSGSQYF	TRBV5-1*01	1.5e-05	0.4902606670691085
CASSQDILGLPPNEQFF	TRBV3-1*01	1.5e-05	0.9459558610968648
CASRHGWQGMGTDTQYF	TRBV7-2*01	1.5e-05	0.7478157315883057
CASTRGLGDIQYF	TRBV9*01	1.5e-05	0.5997267026076918
CASSVNYNEQFF	TRBV9*01	1.5e-05	0.20367945476971755
CASSVAGALGGLGQGTQYF	TRBV9*01	1.5e-05	0.8097155802711296
CASSYSPRWAATNEKLFF	TRBV6-5*01	1.5e-05	0.8982457760074
CASSESGRAGSTDTQYF	TRBV10-1*01	1.5e-05	0.5225077009942148
CASSPLGTGGTETQYF	TRBV5-1*01	1.5e-05	0.4618719116929806
CASSLQMGILLGYTF	TRBV5-6*01	1.5e-05	0.9625918274457502
CASSLGDRNTGELFF	TRBV5-1*01	1.5e-05	0.1398766535986157
CASSRDTGGEKLFF	TRBV19*01	1.5e-05	0.20208719279930257
CSASKPRPRDTQYF	TRBV20-1*04	1.5e-05	0.9703139388356439
CSVRGGGQVFF	TRBV29-1*01	1.5e-05	0.7862844377649126
CATSDPRGDSGGSGETQYF	TRBV24-1*01	1.5e-05	0.6020070084072642
CASSPDGTGPIYQPQHF	TRBV7-6*01	1.5e-05	0.8908033928206169
CAWSVHLAGGLGTQYF	TRBV30*01	1.5e-05	0.8607621422293654
CASSYGLSNYQETQYF	TRBV6-5*01	1.5e-05	0.5903438807728115
CASSDPGTSVTDTQYF	TRBV2*03	1.5e-05	0.5844430605448997
CASSEQGGGKNTEAFF	TRBV28*01	1.5e-05	0.1888014793422101
CASSERGDSSGNTIYF	TRBV9*01	1.5e-05	0.1624233650926033
CASSLRTGKSTDTQYF	TRBV7-9*01	1.5e-05	0.48258324090571747
CASSSDPQGAGTEAFF	TRBV5-1*01	1.5e-05	0.22980745312343462
CASSWGGTGSYEQYF	TRBV6-5*01	1.5e-05	0.2634562999131155
CASSADRGGYNEQFF	TRBV2*01	1.5e-05	0.17658932027382787
CASSLDGGAYNEQFF	TRBV7-8*01	1.5e-05	0.28127334420941164
CASSRTGVGTDTQYF	TRBV27*01	1.5e-05	0.34391972982835634
CASSQDPQRGGTQYF	TRBV3-1*01	1.5e-05	0.7796314204361323
CASRPHRGAGTEAFF	TRBV6-6*03	1.5e-05	0.8560042217117241
CASSISLGNTEAFF	TRBV19*01	1.5e-05	0.5418631073538122
CASSLGNGFYEQYF	TRBV12-3*01	1.5e-05	0.2951794327140208
CASSLYQGADTQYF	TRBV5-4*01	1.5e-05	0.19484867182087695
CASSLDRANEKLFF	TRBV7-2*01	1.5e-05	0.2926087343658108
CASSPGTLGDTQYF	TRBV7-7*01	1.5e-05	0.7179670771892565
CASRAGVVDTEAFF	TRBV11-3*02	1.5e-05	0.4241309040670959
CASSAGLQETQYF	TRBV27*01	1.5e-05	0.35449126386271035
CASRYQAGGEQFF	TRBV6-5*01	1.5e-05	0.6159190920157911
CASSPASTDTQYF	TRBV5-1*01	1.5e-05	0.27091553705269916
CSAIGSEETQYF	TRBV20-1*01	1.5e-05	0.9386408597321252
CASSQGGHKYF	TRBV4-1*01	1.5e-05	0.5462835960120895
CASGPEAQYF	TRBV3-1*01	1.5e-05	0.6975545335482753
CSGILTGVFGLGSLPDTQYF	TRBV29-1*01	1.5e-05	0.9797960327205195
CASSYSIGYGVGANEKLFF	TRBV6-5*01	1.5e-05	0.4702696406919773
CSARLASFRMPSYNEQFF	TRBV20-1*05	1.5e-05	0.9905940504546167
CASSSMLGQGLGETQYF	TRBV7-9*06	1.5e-05	0.5742262667885036
CASSERLAGGPVDTQYF	TRBV2*01	1.5e-05	0.5868762001402504
CASSFFLLASSYNEQFF	TRBV7-9*01	1.5e-05	0.8614548563066382
CASSQGEEGAGGRPQHF	TRBV3-1*01	1.5e-05	0.43054632882694643
CAGSFLAGGAGETQYF	TRBV7-2*01	1.5e-05	0.7220023390932073
CASSIASGASTDTQYF	TRBV19*01	1.5e-05	0.3673077621155737
CASSEGGGSSYNEQFF	TRBV2*01	1.5e-05	0.17270124217545504
CASSFLAGGAGETQYF	TRBV7-2*01	1.5e-05	0.4444949405925666
CASSLGTGSAKNIQYF	TRBV11-2*01	1.5e-05	0.577066973311413
CASSLNAGTSTDTQYF	TRBV7-3*01	1.5e-05	0.5385569659973449
CASSSMDRTSTDTQYF	TRBV11-2*01	1.5e-05	0.5271115708228381
CASSNGGGGSTDTQYF	TRBV7-2*01	1.5e-05	0.29265961679977776
CASRPPGLATQETQYF	TRBV6-1*01	1.5e-05	0.822253534166688
CASSLEGTWKHTEAFF	TRBV5-1*01	1.5e-05	0.8670694952757598
CSAQTSVVSGANVLTF	TRBV20-1*04	1.5e-05	0.9325686349326645
CASSSSDRAKNIQYF	TRBV27*01	1.5e-05	0.7047614375022019
CASSDSSGVTDTQYF	TRBV6-4*01	1.5e-05	0.3390221128516996
CASSPGTGKMAEQFF	TRBV7-9*01	1.5e-05	0.8615792730969837
CASSQVGSGGDEQFF	TRBV3-1*01	1.5e-05	0.5768957950230394
CASSHDRVSQETQYF	TRBV4-1*01	1.5e-05	0.6032098309086981
CASWGQGLTDTQYF	TRBV6-1*01	1.5e-05	0.7497597573554572
CASSFSGVLDEQFF	TRBV11-2*01	1.5e-05	0.7112050502786684
CASSSGQGGDTQYF	TRBV7-3*01	1.5e-05	0.1785173001896247
CASSLTRGQDEQFF	TRBV5-6*01	1.5e-05	0.36687087818465924
CASRSGGEQETQYF	TRBV28*01	1.5e-05	0.44072830662574414
CATSDRSDQPQHF	TRBV19*01	1.5e-05	0.472065644115015
CASERDSAHEQYF	TRBV28*01	1.5e-05	0.6907761168383082
CASSYAFTDTQYF	TRBV6-5*01	1.5e-05	0.603629253614065
CASSPNLVEKLFF	TRBV27*01	1.5e-05	0.6910637183457633
CASSHLRVGEQYF	TRBV4-1*01	1.5e-05	0.7018428115461176
CSATLNSNQPQHF	TRBV20-1*01	1.5e-05	0.717362274460745
CAWSVPGDTQYF	TRBV30*01	1.5e-05	0.5922627152796744
CASMTFQETQYF	TRBV6-1*01	1.5e-05	0.9168325648228647
CASSLLGETQYF	TRBV27*01	1.5e-05	0.17591613706529033
CARWGLGETQYF	TRBV6-2*01	1.5e-05	0.7632613024337551
CASSPPETQYF	TRBV28*01	1.5e-05	0.32149171056560505
CASSLGQPQHF	TRBV5-8*01	1.5e-05	0.0781951517235098
CASSLGSTQYF	TRBV13*01	1.5e-05	0.2167448606472563
CASGIQPAFF	TRBV7-3*01	1.5e-05	0.6523290998223298
CASSQEKFGLASSTDTQYF	TRBV4-2*01	1.5e-05	0.8392987173173333
CAISERGTSGRAGETQYF	TRBV10-3*01	1.5e-05	0.764450951993075
CASTHSWGSDSGANVLTF	TRBV4-3*01	1.5e-05	0.7896454603321132
CASSPRLGLAYFTDTQYF	TRBV4-1*01	1.5e-05	0.7222377203153534
CASSQDPTGGASTDTQYF	TRBV4-1*01	1.5e-05	0.5279541422349009
CASSADSSGQNTGELFF	TRBV6-4*01	1.5e-05	0.21449160645590518
CASSLVPISSGTETQYF	TRBV7-2*01	1.5e-05	0.835354756466657
CASSVEGSGGPRNEQFF	TRBV9*01	1.5e-05	0.5830733816982402
CASSIQRDRGNTGELFF	TRBV9*01	1.5e-05	0.6555218621786525
CASSFGVGRGGRETQYF	TRBV5-1*01	1.5e-05	0.5746435705748467
CASSLETSGKGYNEQFF	TRBV5-1*01	1.5e-05	0.3334384705457447
CASGSTSGGFQETQYF	TRBV12-5*01	1.5e-05	0.6150611276376551
CASGSQGNTGANVLTF	TRBV5-4*01	1.5e-05	0.5411650799793722
CASTRGSAGLYNEQFF	TRBV6-1*01	1.5e-05	0.7398580663185561
CASSLTSGSRTDTQYF	TRBV27*01	1.5e-05	0.3328052730335684
CASSYTGQYMNTEAFF	TRBV6-5*01	1.5e-05	0.39774448655001143
CASSLPGGSSGNTIYF	TRBV5-4*01	1.5e-05	0.18430775143452838
CASSLQGGRAYNEQFF	TRBV7-7*01	1.5e-05	0.3753986277615447
CASRQLGLSGANVLTF	TRBV11-2*01	1.5e-05	0.5167342782578899
CAWRLDSHPGTEAFF	TRBV30*01	1.5e-05	0.8732578716114411
CATSRTSGSSNEQFF	TRBV6-1*01	1.5e-05	0.27705551142768364
CATTSGGASYNEQFF	TRBV19*01	1.5e-05	0.39930070850421495
CASSIGGGRVETQYF	TRBV19*01	1.5e-05	0.6199638064234159
CASSLGWATNEKLFF	TRBV27*01	1.5e-05	0.50905119832712
CASSYSLDNNEKLFF	TRBV6-5*01	1.5e-05	0.553151772908494
CASSRQAGVTNEQFF	TRBV6-6*04	1.5e-05	0.599401758680272
CASSEAGSSTDTQYF	TRBV6-4*01	1.5e-05	0.18521471747285756
CASSFTDRESYEQCF	TRBV7-9*01	1.5e-05	0.8713831302145154
CASSLGGGQGISQYF	TRBV5-5*01	1.5e-05	0.6906551514960293
CASSWVFEGNTEAFF	TRBV5-8*01	1.5e-05	0.8484506749508591
CASSQDRVEFGELFF	TRBV4-2*01	1.5e-05	0.7918068829148126
CASSQDGQLWETQYF	TRBV3-1*01	1.5e-05	0.938479357190559
CASSTYRDTNQPQHF	TRBV5-6*01	1.5e-05	0.43889071791950657
CASSQQTGSGTEAFF	TRBV4-1*01	1.5e-05	0.2747952148307754
CASSQATGTNEKLFF	TRBV4-1*01	1.5e-05	0.2846062578864114
CSAREGSGGYNEQFF	TRBV20-1*01	1.5e-05	0.8386534548635767
CAISESTGFNEQFF	TRBV10-3*01	1.5e-05	0.8004748883144277
CATSTGAGAPEQYF	TRBV27*01	1.5e-05	0.7417905683493499
CATSDPGQGQPQHF	TRBV24-1*01	1.5e-05	0.45708409970216096
CASSKGGGRETQYF	TRBV19*01	1.5e-05	0.47867635287503985
CASSLGLSTDTQYF	TRBV7-9*01	1.5e-05	0.14821789021060575
CASSLEAGNYGYTF	TRBV7-2*01	1.5e-05	0.11158785103089482
CASSSMGGRGTQYF	TRBV5-6*01	1.5e-05	0.3084513413763918
CASSGGQVVGPQHF	TRBV9*01	1.5e-05	0.5311816315144984
CASRANNHYNEQFF	TRBV6-6*05	1.5e-05	0.5988603921987126
CASSLFGGHAEASF	TRBV5-1*01	1.5e-05	0.9678948187154968
CSVPEPGRPREQYF	TRBV29-1*02	1.5e-05	0.9770249796571777
CASSDKDTDTQYF	TRBV6-4*01	1.5e-05	0.2991822687599048
CASSSREVGELFF	TRBV7-7*01	1.5e-05	0.3737509238188863
CASSTLQGIEQYF	TRBV3-1*01	1.5e-05	0.6080441381742637
CASSLDWPETQYF	TRBV5-1*01	1.5e-05	0.7020425754071682
CSVEKSGGGEQFF	TRBV29-1*01	1.5e-05	0.8973431285392253
CASSDRDQPQHF	TRBV25-1*01	1.5e-05	0.13908068600853085
CASSLTGRQYF	TRBV12-3*01	1.5e-05	0.4998032003742756
CSAARGEGAFF	TRBV20-1*01	1.5e-05	0.9295644973354634
CASSVIQAGDGQDTQYF	TRBV9*01	1.4e-05	0.6481340571361316
CSVLQGTYGYTF	TRBV29-1*01	1.4e-05	0.6215225916072216
CSAWGLAGGPSSTDTQYF	TRBV20-1*01	1.4e-05	0.954781608353464
CASSQDRLLRAMETQYF	TRBV3-1*01	1.4e-05	0.9422714477802558
CASSPASGGNEKLFF	TRBV18*01	1.4e-05	0.34006962657571194
CASSDSSGGQETQYF	TRBV6-4*01	1.4e-05	0.2827726384705754
CASSFGTVLNNEQFF	TRBV11-3*01	1.4e-05	0.8065990186296971
CASSLRLAFTDTQYF	TRBV9*01	1.4e-05	0.6945178960238237
CASRGTSGRSGEPFF	TRBV7-2*01	1.4e-05	0.6623929072063741
CSARTSGREMETQYF	TRBV20-1*04	1.4e-05	0.948411582866418
CAISETSGRNEQFF	TRBV10-3*01	1.4e-05	0.8197413859493955
CASRPGTGGNEQFF	TRBV6-6*05	1.4e-05	0.41240111927267503
CASSVETVTDTQYF	TRBV9*01	1.4e-05	0.5299897689948062
CASSLSGGALEAFF	TRBV5-1*01	1.4e-05	0.5584528014060166
CSVNLPAGTYEQYF	TRBV29-1*01	1.4e-05	0.9586102110745223
CASSATRGREAGANVLTF	TRBV9*03	1.4e-05	0.5230943515770663
CASSPGDRGQYEETQYF	TRBV19*01	1.4e-05	0.6712606273508439
CASTSLLGPLAKNIQYF	TRBV6-2*01	1.4e-05	0.8427386602321595
CASSYWLAGRAKNIQYF	TRBV6-2*01	1.4e-05	0.957627333766625
CASSPGLAAGSYNEQFF	TRBV5-5*01	1.4e-05	0.4695352256850454
CASSLNVARGVRETQYF	TRBV5-1*01	1.4e-05	0.9127817920027967
CASSPLAGTDTGELFF	TRBV18*01	1.4e-05	0.20666430235134253
CASSFVGGRDNYGYTF	TRBV12-3*01	1.4e-05	0.5742263615114871
CASSLGRRRSDQPQHF	TRBV28*01	1.4e-05	0.5752292875829785
CASSHSPGGGTGELFF	TRBV4-1*01	1.4e-05	0.5111753058643481
CSTPSLAASGANVLTF	TRBV20-1*01	1.4e-05	0.848868552955542
CASSIDQGWNYGYTF	TRBV19*01	1.4e-05	0.4464631039053102
CASSSGTSYTGELFF	TRBV28*01	1.4e-05	0.2265885374076593
CASSSSASGSDIQYF	TRBV6-2*01	1.4e-05	0.5189299733265026
CASSPSTGEAYEQYF	TRBV7-9*01	1.4e-05	0.23708082084468882
CSARVLRYRQETQYF	TRBV20-1*01	1.4e-05	0.9867631408303574
CSVEKSGGEGYGYTF	TRBV29-1*01	1.4e-05	0.7047810324463932
CASTTGQGNYEQYF	TRBV9*01	1.4e-05	0.2907327486804144
CASSGTSFGDTQYF	TRBV6-1*01	1.4e-05	0.6473358449370967
CASSLQQGSAEQYF	TRBV5-5*01	1.4e-05	0.5527392188071483
CASSAAETVNEQFF	TRBV3-1*01	1.4e-05	0.4239505105842706
CASSLGRHPDTQYF	TRBV5-1*01	1.4e-05	0.6109779199517773
CASSPVGGANVLTF	TRBV5-1*01	1.4e-05	0.2677408473671387
CASSATGGTEAFF	TRBV19*01	1.4e-05	0.10075469220713143
CASSSYQGNEQFF	TRBV6-5*01	1.4e-05	0.29994146412429645
CASSSRGAGELFF	TRBV7-8*01	1.4e-05	0.2623801021834926
CASSPYPGYEQFF	TRBV11-2*01	1.4e-05	0.5497259474113695
CASSTGANTEAFF	TRBV9*01	1.4e-05	0.08240723588728328
CASSLFRPDTQYF	TRBV5-1*01	1.4e-05	0.7118186281703953
CASSLLTGETQYF	TRBV4-1*01	1.4e-05	0.2495156343975366
CSVSPADTQYF	TRBV29-1*01	1.4e-05	0.7977292878188752
CASSRTSGALSSYNEQFF	TRBV19*01	1.4e-05	0.6435408715890831
CASSSTPPLAGLTDTQYF	TRBV6-2*01	1.4e-05	0.6711589339102775
CASSGTLGQGANTGELFF	TRBV25-1*01	1.4e-05	0.4502055037892994
CASSVGASGGGNQETQYF	TRBV9*01	1.4e-05	0.6606431177005743
CSARDTGAAGAMVGEQFF	TRBV20-1*01	1.4e-05	0.9574454221866493
CATPIPGTHADTGELFF	TRBV18*01	1.4e-05	0.9395310493871759
CASSYRTGAYQETQYF	TRBV18*01	1.4e-05	0.5664282948063453
CASSSNRRGWNTEAFF	TRBV12-3*01	1.4e-05	0.46538169241809557
CASSPTGQSGANVLTF	TRBV28*01	1.4e-05	0.25353373486154707
CASSALQGASYNEQFF	TRBV9*03	1.4e-05	0.20880937117125847
CASSLGAAGRAGELFF	TRBV5-1*01	1.4e-05	0.5464763681751555
CASSPSVGPGTGELFF	TRBV5-1*01	1.4e-05	0.4905007066743442
CSATWGGGGNYNEQFF	TRBV20-1*01	1.4e-05	0.8891331715209458
CASIGGGAPGNTIYF	TRBV19*01	1.4e-05	0.4636935751051698
CASTQKWGFGETQYF	TRBV19*01	1.4e-05	0.8258581409676327
CASSGAGYLNSPLHF	TRBV5-6*01	1.4e-05	0.6379885349518681
CASRAGTSGINEQFF	TRBV11-3*02	1.4e-05	0.3946821955716442
CASNEAGGPSETQYF	TRBV28*01	1.4e-05	0.7130635637006173
CASSQDHSGGNEQFF	TRBV4-3*01	1.4e-05	0.49491886778011535
CASGRDSGANVLTF	TRBV6-1*01	1.4e-05	0.19879515257666028
CASTIELGQETQYF	TRBV5-6*01	1.4e-05	0.7298021193081361
CASSLSGWGETQYF	TRBV28*01	1.4e-05	0.6269568392924395
CASSLNRNNEKLFF	TRBV27*01	1.4e-05	0.3167843957262706
CASSYGEAPYEQYF	TRBV6-2*01	1.4e-05	0.6475448244378428
CASSRDGENNEQFF	TRBV6-4*01	1.4e-05	0.3138771255501179
CASSGDLAGDEQYF	TRBV12-3*01	1.4e-05	0.36759825245650474
CASSLVTRNEKLFF	TRBV5-5*01	1.4e-05	0.6619612493207815
CASSLGSMNTEAFF	TRBV6-6*05	1.4e-05	0.17049429278503878
CASSQGSSTNEAFF	TRBV4-2*01	1.4e-05	0.2348331551265599
CASSVEATTAEAFF	TRBV9*01	1.4e-05	0.8114562370352569
CASSGGGSNQPQHF	TRBV5-8*01	1.4e-05	0.10793810316957068
CASTETMGDAVRYF	TRBV5-1*01	1.4e-05	0.982405948860883
CASSLEGVNTEAFF	TRBV5-1*01	1.4e-05	0.10966088567173565
CASSQAGDSETQYF	TRBV4-3*01	1.4e-05	0.39343033610147327
CSPSRTGSATEAFF	TRBV29-1*01	1.4e-05	0.7839137395678292
CASRPPAGGEQFF	TRBV6-2*01	1.4e-05	0.747905196902591
CASRQGARNEQFF	TRBV14*01	1.4e-05	0.4966139454224854
CSAKTGALDTQYF	TRBV20-1*01	1.4e-05	0.965472470129349
CASSMDRETQYF	TRBV19*01	1.4e-05	0.4415042161692668
CASSPDLETQYF	TRBV6-6*05	1.4e-05	0.4587627960168732
CASSFVGELFF	TRBV5-1*01	1.4e-05	0.21988530378694585
CSARDNEQFF	TRBV20-1*01	1.4e-05	0.7818798384436039
CASSLVYYIGRERFTGELFF	TRBV7-9*01	1.4e-05	0.9092268566747359
CASSRRPTLDREIMNTEAFF	TRBV5-4*01	1.4e-05	0.9700016606362596
CASGLVPRLAGGDTGELFF	TRBV12-5*01	1.4e-05	0.8934951841001821
CASSLLSRAAGYNSPLHF	TRBV5-6*01	1.4e-05	0.7058885141531603
CASSSRVDSYPFSYKQYF	TRBV11-2*01	1.4e-05	0.9004508244209835
CASSPTLAGGPRHTQYF	TRBV19*03	1.4e-05	0.674342983322837
CASSLGLAGAWQETQYF	TRBV28*01	1.4e-05	0.7465621594610415
CASSFREGQGAYNEQFF	TRBV9*01	1.4e-05	0.43283616101942807
CASSVGGLAGFTDTQYF	TRBV9*01	1.4e-05	0.4642956102780537
CTSSWTGSYSGANVLTF	TRBV6-5*01	1.4e-05	0.6155712221819883
CATRSILAQESDTQYF	TRBV15*02	1.4e-05	0.9015140415828224
CASSPRPGLAVVGQYF	TRBV19*01	1.4e-05	0.8995101994467921
CASAEQGARGTDTQYF	TRBV2*01	1.4e-05	0.6039586300509896
CASSSPGGGGGEKLFF	TRBV28*01	1.4e-05	0.33080399010730255
CASSLGSDLAKNIQYF	TRBV7-2*04	1.4e-05	0.718137079286165
CASRQLGTGGTDTQYF	TRBV6-6*03	1.4e-05	0.27542148294328817
CSVGAPGTGVRYEAFF	TRBV29-1*01	1.4e-05	0.9185228630624551
CASTPLAGSTDTQYF	TRBV19*01	1.4e-05	0.4558299653277158
CASSPPSRDTGELFF	TRBV18*01	1.4e-05	0.6387555953070203
CASSFADRLSYEQYF	TRBV27*01	1.4e-05	0.5559234393483448
CASSYSGATNEKLFF	TRBV6-5*01	1.4e-05	0.3330274856036707
CASSYGGERLKTQYF	TRBV6-2*01	1.4e-05	0.8966244644872357
CASSPRSGGENEQFF	TRBV6-4*01	1.4e-05	0.39062401499665117
CASSGVSTSTDTQYF	TRBV2*01	1.4e-05	0.4842057787653055
CASSQGGGFTTPLHF	TRBV4-2*01	1.4e-05	0.7537787468477671
CASSGGGTPPHEQYF	TRBV9*01	1.4e-05	0.7865162974961902
CSAKTDREENTEAFF	TRBV20-1*01	1.4e-05	0.941013375821321
CLRGGRGGTDTQYF	TRBV6-1*01	1.4e-05	0.3662201404890274
CAGSLGGMDYGYTF	TRBV7-2*01	1.4e-05	0.43873127819154684
CASIPGGGQKTQYF	TRBV6-6*04	1.4e-05	0.8662159886782337
CASTVGGSGTEAFF	TRBV6-1*01	1.4e-05	0.25206639439521505
CASSYRDVKYEKYF	TRBV6-5*01	1.4e-05	0.8389781107160837
CASSDSAEADTQYF	TRBV6-4*01	1.4e-05	0.2889196784574025
CASSESGGGGEQFF	TRBV2*03	1.4e-05	0.2931469019791368
CASSLGRATGELFF	TRBV5-5*01	1.4e-05	0.24985766506192242
CASSLGQPSYEQYF	TRBV5-6*01	1.4e-05	0.26978805586472643
CASSLFASQETQYF	TRBV7-9*01	1.4e-05	0.6328660316158585
CASSSPEGGNIQYF	TRBV7-9*01	1.4e-05	0.5281335968452842
CASSYGQGGEFQHF	TRBV3-1*01	1.4e-05	0.4155414790180253
CASSQVRAQAGYTF	TRBV3-1*01	1.4e-05	0.8679268731673973
CASSVETGQETQYF	TRBV9*01	1.4e-05	0.350515599697138
CANSLEQGTGELFF	TRBV7-2*01	1.4e-05	0.22321362585502005
CSATPPGLSGTQYF	TRBV20-1*01	1.4e-05	0.9466624982317439
CATSLLNPDEQFF	TRBV15*02	1.4e-05	0.8704321932594474
CATNREGTDTQHF	TRBV24-1*01	1.4e-05	0.47247616373659834
CASRKVGTDTQYF	TRBV7-9*05	1.4e-05	0.5131987620023393
CASTRERVNEQFF	TRBV12-3*01	1.4e-05	0.6883043681178442
CASSRTGRETQYF	TRBV2*01	1.4e-05	0.39514813252547687
CASSLGDYNEQFF	TRBV7-9*01	1.4e-05	0.10510702030097993
CSVRLAGGDEQFF	TRBV29-1*01	1.4e-05	0.9050046590165103
CASRGPQILESF	TRBV2*01	1.4e-05	0.9339288931999878
CASSLNTDTQYF	TRBV5-1*01	1.4e-05	0.16224527870267122
CSVEDRGREAFF	TRBV29-1*01	1.4e-05	0.9461554085725115
CASGGGETQYF	TRBV13*01	1.4e-05	0.3385530413529359
CASSAADTQYF	TRBV5-1*01	1.4e-05	0.15788583066544257
CASSPGLVVSGNTIYF	TRBV11-2*01	1.3e-05	0.4836235826841155
CSARIPRHNSWNQPQHF	TRBV20-1*01	1.3e-05	0.9831557887704855
CSDQTGGDYGYTF	TRBV29-1*01	1.3e-05	0.6214545386058794
CASSSGSSGGASGETQYF	TRBV7-7*01	1.3e-05	0.33559745243054695
CASSLGSGRRVNEQFF	TRBV7-9*01	1.3e-05	0.6373036327103001
CASSLGSRGGNEQYF	TRBV7-2*01	1.3e-05	0.3527332422648256
CASSQDLRDLGELFF	TRBV3-1*01	1.3e-05	0.7354957022032321
CATSRSPGLADVTDTQYF	TRBV15*01	1.3e-05	0.637548973797908
CASSLRRDSGSYNEQFF	TRBV6-6*04	1.3e-05	0.43592030940581
CASSLVGDLSSGNTIYF	TRBV7-9*01	1.3e-05	0.4855710927844067
CSVEGALEGGQGAEQYF	TRBV29-1*01	1.3e-05	0.8736939999178337
CASTGASGSWGETQYF	TRBV28*01	1.3e-05	0.862527308091135
CASSDVGTGDTEKLFF	TRBV28*01	1.3e-05	0.23646763334242477
CASSIPGLAVLVEQFF	TRBV11-2*01	1.3e-05	0.7964483200534209
CASSPVNRVNEKLFF	TRBV18*01	1.3e-05	0.7714627572441602
CASTLAGGFADTQYF	TRBV28*01	1.3e-05	0.44030584395583905
CASSYSRGLLNEQFF	TRBV6-5*01	1.3e-05	0.6947223922463936
CASRLGVPANSPLHF	TRBV10-2*01	1.3e-05	0.7455977292832653
CATSVPGGGNEQFF	TRBV24-1*01	1.3e-05	0.4972954805209496
CASSVQGARHEQYF	TRBV19*01	1.3e-05	0.5167302334021409
CASSGSGNTGELFF	TRBV6-4*01	1.3e-05	0.13425367331668805
CASSRQGGKETQYF	TRBV7-3*01	1.3e-05	0.43978063701935866
CASSLGPGRETQYF	TRBV7-2*01	1.3e-05	0.5056502462643842
CASSQDQGWREQFF	TRBV4-1*01	1.3e-05	0.9094603937299939
CASSLGPPNEQFF	TRBV5-6*01	1.3e-05	0.5098630879310018
CASSWRTGTPTGNEQFF	TRBV7-2*01	1.3e-05	0.8388554537739998
CAISEMTGTMGDTQYF	TRBV10-3*01	1.3e-05	0.921961383720207
CATGETGTGGGETQYF	TRBV24-1*01	1.3e-05	0.6085129361349839
CASSYSGRVPYNEQFF	TRBV6-5*01	1.3e-05	0.7243146440007272
CASSQDYRGWGTEAFF	TRBV4-2*01	1.3e-05	0.8045636060235771
CASSQDWREVIYEQFF	TRBV4-3*01	1.3e-05	0.9167820662422598
CASSQEASGGTDTQYF	TRBV4-1*01	1.3e-05	0.32393770707511704
CSARALRGGETDTQYF	TRBV20-1*01	1.3e-05	0.9555683857679814
CAISRQGRDQETQYF	TRBV10-3*01	1.3e-05	0.5108228033109332
CAMHWGRENVDTQYF	TRBV2*01	1.3e-05	0.9193226040979692
CATSPRGGLYNEQFF	TRBV15*02	1.3e-05	0.59336766756278
CASSPSGPSMNTQYF	TRBV18*01	1.3e-05	0.4524837734161921
CASSPPGQQFEKLFF	TRBV18*01	1.3e-05	0.8546593187364224
CASSLGTKRADTQYF	TRBV28*01	1.3e-05	0.7569049604972055
CASSEGLAGYIEQFF	TRBV2*01	1.3e-05	0.4783311808220162
CASSLSAGSTDTQYF	TRBV7-3*04	1.3e-05	0.21506406017663882
CASSPRGTPQGEQFF	TRBV4-2*01	1.3e-05	0.8437481965237749
CASVGVGVRETQYF	TRBV6-1*01	1.3e-05	0.8252655444984295
CASSIGGGGNEQFF	TRBV19*01	1.3e-05	0.29548795553013124
CASSLAFPTDTQYF	TRBV28*01	1.3e-05	0.6963761116704117
CASSSQPGQGVMFF	TRBV13*01	1.3e-05	0.7281490649336864
CASSYSVTPEKLFF	TRBV6-5*01	1.3e-05	0.6145699111841788
CASSQVSGYNEQFF	TRBV14*01	1.3e-05	0.31375086812261
CASSVGGTNEKLFF	TRBV9*01	1.3e-05	0.18113512041327923
CASNPLGGSDTQYF	TRBV7-2*01	1.3e-05	0.5572643885802842
CASSPQGMGNEQFF	TRBV5-1*01	1.3e-05	0.50431651328855
CAISEPIQETQYF	TRBV10-3*01	1.3e-05	0.7156880051231362
CATGLSDVHEQFF	TRBV7-3*01	1.3e-05	0.8773759897426704
CATSGLAGFEQFF	TRBV24-1*01	1.3e-05	0.6009017519868323
CASSPGTINEQFF	TRBV14*01	1.3e-05	0.45216781350177243
CASSVEIWGTQYF	TRBV9*01	1.3e-05	0.7608443234105504
CSARARGSETQYF	TRBV20-1*01	1.3e-05	0.9288194701077129
CSARGLLSYEQYF	TRBV20-1*01	1.3e-05	0.9355581329279639
CASSWDSNTQYF	TRBV18*01	1.3e-05	0.447760389276889
CASSGIEALQFF	TRBV7-3*01	1.3e-05	0.8787698110936505
CASSLRGSTRLAGGSDTQYF	TRBV7-2*01	1.3e-05	0.6484003972514438
CASSLFGQGNSRRDTQYF	TRBV18*01	1.3e-05	0.6270242946652743
CSANTDRGYTSAKNIQYF	TRBV20-1*02	1.3e-05	0.9684962553194849
CASSPTDRGASTDTQYF	TRBV7-3*01	1.3e-05	0.5958422023066376
CASTPRTRDRVHNEQFF	TRBV5-1*01	1.3e-05	0.9690908558034176
CSAREPPLGGFTDTQYF	TRBV20-1*01	1.3e-05	0.9844027262065727
CATSRDSRYDSYEQYF	TRBV15*01	1.3e-05	0.48049017165849406
CASSAGIAGGLNEQFF	TRBV6-4*01	1.3e-05	0.6281587783026008
CASSQDRKGVQETQYF	TRBV3-1*01	1.3e-05	0.6129399906251718
CASSRTSGRTSGELFF	TRBV5-1*01	1.3e-05	0.3120959752425945
CASSEEARGTDTQYF	TRBV2*01	1.3e-05	0.39531470743587555
CASSPGTSGLYEQYF	TRBV7-6*01	1.3e-05	0.25415945086773234
CASSRPLRGSDTQYF	TRBV3-1*01	1.3e-05	0.9028837269093944
CASSRGAGSYNEQFF	TRBV3-1*01	1.3e-05	0.14743499771419064
CASSRTGAVWDEQFF	TRBV3-1*01	1.3e-05	0.7941379149088311
CSASVSGSEADTQYF	TRBV20-1*02	1.3e-05	0.7767346131512777
CSARRGLAGWQPQHF	TRBV20-1*01	1.3e-05	0.9490324319840373
CSARDLGSSYNEQFF	TRBV20-1*01	1.3e-05	0.7295909745499147
CASSPQGFNTEAFF	TRBV11-1*01	1.3e-05	0.25947081093631996
CASSPGTTAGELFF	TRBV18*01	1.3e-05	0.6784276726676401
CASSLRGGRETQYF	TRBV27*01	1.3e-05	0.37265507070704074
CASSFSGATDEQFF	TRBV7-9*01	1.3e-05	0.41878432481801076
CASSLVGLSETQYF	TRBV11-2*01	1.3e-05	0.49522617809643515
CASSLDRGNTEAFF	TRBV7-6*01	1.3e-05	0.12808529277896438
CASSLEGLVETQYF	TRBV7-9*01	1.3e-05	0.4027843198985328
CASSPPTDTGELFF	TRBV3-1*01	1.3e-05	0.32669666394123165
CASSQTESSYEQYF	TRBV3-1*01	1.3e-05	0.2800700533354303
CASSVTGTKSEQFF	TRBV9*01	1.3e-05	0.8313207331939847
CASGWSENYGYTF	TRBV12-5*01	1.3e-05	0.48963441038227845
CASSDSGTDTQYF	TRBV6-4*01	1.3e-05	0.1742115100030912
CASSLDGNQPQHF	TRBV5-5*01	1.3e-05	0.179079124897674
CASSQEGGPEAFF	TRBV3-1*01	1.3e-05	0.48942388415299226
CSGTDRGVEKLFF	TRBV20-1*01	1.3e-05	0.8892291181472973
CATGFSTDTQYF	TRBV24-1*01	1.3e-05	0.4780485082353587
CASTQTPDTQYF	TRBV28*01	1.3e-05	0.5669492805101409
CASSWSTGEAFF	TRBV11-3*01	1.3e-05	0.31888134546503893
CSVIFTTRSQYF	TRBV29-1*01	1.3e-05	0.9888422528529721
CASSEFEKLFF	TRBV2*03	1.3e-05	0.2725698412765564
CSARDVRLAGGPSTDTQYF	TRBV20-1*01	1.2e-05	0.9718173752129707
CASSPDLRQADTQYF	TRBV18*01	1.2e-05	0.8236882805195922
CASSLVGGFTDTQYF	TRBV7-2*01	1.2e-05	0.3510761754307559
CASSLSNGIETQYF	TRBV7-6*01	1.2e-05	0.5071791766162638
CASSQFYDNEQFF	TRBV3-1*01	1.2e-05	0.548669693722702
CASSQGTSGSAVGANVLTF	TRBV7-9*01	1.2e-05	0.3826226088492806
CSALDPGVKRVRETQYF	TRBV20-1*01	1.2e-05	0.9980996425461023
CASSQGSSSSYNEQFF	TRBV4-3*01	1.2e-05	0.161838230909023
CAISDRGLAGGIQYF	TRBV10-3*01	1.2e-05	0.8784477577098712
CATSDLVAGGTEQFF	TRBV24-1*01	1.2e-05	0.7754110714126773
CASSVDTAGADTQYF	TRBV9*01	1.2e-05	0.2994132975189193
CASRSFGTQPQHF	TRBV5-8*01	1.2e-05	0.4992604559092506
CAWSSYNEKLFF	TRBV30*01	1.2e-05	0.17548678783935734
CASSVSTDTQYF	TRBV5-6*01	1.2e-05	0.17922703048349076
CASSLLSGAAGYNSPLHF	TRBV5-6*01	1.2e-05	0.5257024064523386
CASSLDLTSGGEETQYF	TRBV11-2*01	1.2e-05	0.5651867564498724
CAGSYSRGGRVNEQYF	TRBV6-5*01	1.2e-05	0.540577238423554
CASSSSLGGFYNEQFF	TRBV27*01	1.2e-05	0.46172092569999323
CASSYRDRATNEKLFF	TRBV6-5*01	1.2e-05	0.570662723128409
CASSLTRTGVENIQYF	TRBV28*01	1.2e-05	0.718037436260689
CASSESSSRGNYGYTF	TRBV2*03	1.2e-05	0.21850151529829648
CASSLSAGVAGETQYF	TRBV7-2*04	1.2e-05	0.6094176475745332
CASSQDGTGGYNEQFF	TRBV4-2*01	1.2e-05	0.2577411979122274
CASSLRVGGSYEQYF	TRBV28*01	1.2e-05	0.25042811973111323
CASSARDSQNYGYTF	TRBV9*03	1.2e-05	0.16293754593972212
CASSPLGDGGQPQHF	TRBV4-1*01	1.2e-05	0.40177458228441376
CSARPPERTPDTQYF	TRBV20-1*05	1.2e-05	0.9926106595926705
CSATGGGQSAAEAFF	TRBV20-1*01	1.2e-05	0.9752800870007456
CASSEAGGPDTQYF	TRBV6-1*01	1.2e-05	0.22782878020724787
CASSLARGGEKLFF	TRBV3-1*01	1.2e-05	0.29415739738952124
CASSPGESTDTQYF	TRBV7-3*01	1.2e-05	0.31564396090885255
CASSQRGGDNEQFF	TRBV3-1*01	1.2e-05	0.2899620001194649
CASSQVEVHNEQFF	TRBV7-3*01	1.2e-05	0.7071059905669004
CASRPGTFQETQYF	TRBV5-1*01	1.2e-05	0.7128260738591095
CASGGGSKNTQYF	TRBV19*01	1.2e-05	0.6051923855002256
CASSQNSADTQYF	TRBV27*01	1.2e-05	0.41117576342490514
CASSFSDTGELFF	TRBV5-6*01	1.2e-05	0.28094978138317206
CASSFRGNQPQHF	TRBV7-8*01	1.2e-05	0.14369524161762567
CASSLYGANVLTF	TRBV7-3*01	1.2e-05	0.2894201878928336
CASSLAPTETQYF	TRBV11-3*01	1.2e-05	0.47677366950055444
CASSRVNTGELFF	TRBV7-7*01	1.2e-05	0.15577125491681698
CSVALLGTYEQYF	TRBV29-1*01	1.2e-05	0.7637682025221378
CASSPPLETQYF	TRBV18*01	1.2e-05	0.5969479851241087
CASSTQGDTQYF	TRBV6-2*01	1.2e-05	0.2369148350389431
CASSQRGTEAFF	TRBV5-1*01	1.2e-05	0.08820760779344873
CASSQGAEAFF	TRBV3-1*01	1.2e-05	0.2824864330678081
CSAPLRDTQYF	TRBV20-1*01	1.2e-05	0.9000385992987462
CASSYLRDRGRKIGTGELFF	TRBV5-1*01	1.2e-05	0.9774025646093892
CASSQVKSPSRHSNQPQHF	TRBV3-2*02	1.2e-05	0.9598608749989912
CAWSVRRLAPRGETQYF	TRBV30*01	1.2e-05	0.9821091502020324
CAWSVPPGRGTDTQYF	TRBV30*01	1.2e-05	0.9099828105698284
CASSPQGDLAKNIQYF	TRBV28*01	1.2e-05	0.8020448101122246
CASSEAQLAVYNEQFF	TRBV2*01	1.2e-05	0.72520079408248
CASSSTRRMMSTEAFF	TRBV11-1*01	1.2e-05	0.6877259957000693
CASSGVRTGGGNTIYF	TRBV9*01	1.2e-05	0.23416473123162618
CASSQVSGISTDTQYF	TRBV4-1*01	1.2e-05	0.47181063793598105
CSARSSGGARYTEAFF	TRBV20-1*01	1.2e-05	0.9171834281447705
CAVGLAVDLGYEQYF	TRBV7-7*01	1.2e-05	0.7758341703650855
CATSDTRTSNQPRHF	TRBV24-1*01	1.2e-05	0.6631120198195006
CASSIRDSANTEAFF	TRBV19*01	1.2e-05	0.33496902679924717
CASKKRGTGQETQYF	TRBV19*01	1.2e-05	0.5338149402456449
CASSYSKGVKDTQYF	TRBV6-2*01	1.2e-05	0.5166543556702387
CASSPPTGGLYEQYF	TRBV27*01	1.2e-05	0.28509604663934435
CASSLGPGGRETQYF	TRBV5-6*01	1.2e-05	0.36145773640799544
CASSPDRGRRETQYF	TRBV7-8*03	1.2e-05	0.7520894638359652
CASSRRTGSDEKLFF	TRBV11-2*01	1.2e-05	0.3217879904096166
CASSQDVGGGAEAFF	TRBV3-1*01	1.2e-05	0.3760890738605414
CASSVEGGPVDTQYF	TRBV9*01	1.2e-05	0.560011677002502
CASSVGGQGVQALHF	TRBV9*01	1.2e-05	0.5666789779361151
CASSAQWSPNEKLFF	TRBV5-6*01	1.2e-05	0.7954573865058148
CASSTAGPSTDTQYF	TRBV9*03	1.2e-05	0.3814048619733438
CASRPTSGSAGELFF	TRBV3-1*01	1.2e-05	0.5961159109008027
CASSPRRDLGEKLFF	TRBV4-1*01	1.2e-05	0.8116739437619432
CSAYTAGGRTDTQYF	TRBV20-1*02	1.2e-05	0.914246935750087
CASQSGGEGNEQFF	TRBV18*01	1.2e-05	0.4318855450519664
CASSELAGGETQYF	TRBV6-4*01	1.2e-05	0.23724623962100147
CASSLGPRAQPQHF	TRBV7-6*01	1.2e-05	0.35505169191051
CASSWGETGGLTFF	TRBV5-6*01	1.2e-05	0.8718539599898902
CASSPGQGNTEAFF	TRBV7-3*01	1.2e-05	0.10318722897114642
CASSPDRLNTEAFF	TRBV5-4*01	1.2e-05	0.1674797277808641
CASSHGQGAQKLFF	TRBV11-3*01	1.2e-05	0.2963165149280377
CASSQVVQGETQYF	TRBV3-1*01	1.2e-05	0.4292929045770135
CASRLSGPHNEQFF	TRBV7-8*03	1.2e-05	0.643795997626004
CASSVRSGANVLTF	TRBV5-1*01	1.2e-05	0.14849755802688938
CAGQVLGGETQYF	TRBV2*02	1.2e-05	0.5571511332943355
CASSLAGNTEAFF	TRBV19*01	1.2e-05	0.08433380428393676
CASSLGTAYEQYF	TRBV5-6*01	1.2e-05	0.2847561592174024
CASSPQGSRTQYF	TRBV7-2*01	1.2e-05	0.6103341100475255
CASSHTPRETQYF	TRBV3-1*01	1.2e-05	0.8332759601410982
CSARPSVADTQYF	TRBV20-1*04	1.2e-05	0.9551972165309079
CATRRGQETQYF	TRBV6-2*01	1.2e-05	0.6393214999858111
CASSLYTDTQYF	TRBV7-9*01	1.2e-05	0.19702190987358872
CSASPENEKLFF	TRBV20-1*04	1.2e-05	0.6950615874304695
CSSRDFQETQYF	TRBV29-1*01	1.2e-05	0.8055108069847935
CASSKEDTQYF	TRBV19*01	1.2e-05	0.2779845849423473
CASSLHTEAFF	TRBV5-6*01	1.2e-05	0.2331280006886967
CASSPTPSGANVLTF	TRBV6-6*04	1.1e-05	0.494854833011959
CASSKGGEMETQYF	TRBV19*01	1.1e-05	0.5346215219243068
CASSLGGVGSFTFF	TRBV7-6*01	1.1e-05	0.8061506021092233
CASSQGATNEKLFF	TRBV7-9*01	1.1e-05	0.1941717347550124
CASSAQGRSSPLHF	TRBV9*03	1.1e-05	0.3148978716165089
CASSLQVSNQPQHF	TRBV4-3*01	1.1e-05	0.34396326597120297
CASTNGNRDRGSFSSYEQYF	TRBV7-9*05	1.1e-05	0.664146517597201
CASSSRTSGIPNLGNEQFF	TRBV7-9*01	1.1e-05	0.9351437589699284
CASSVDSGTGGTDTQYF	TRBV9*01	1.1e-05	0.27882497734396544
CASSLGLAGRYNEQFF	TRBV11-3*01	1.1e-05	0.35348551609076034
CAIAAWAEGGETQYF	TRBV10-3*01	1.1e-05	0.9415450662347441
CATSDLSGKYNEQFF	TRBV24-1*01	1.1e-05	0.6052324037183098
CASSTVGQHTGELFF	TRBV19*01	1.1e-05	0.5200790829261347
CASSFSGGANEKLFF	TRBV7-6*01	1.1e-05	0.2721361069846325
CASSYSGFSGTEAFF	TRBV6-5*01	1.1e-05	0.6207156387411435
CASSELAGGTDTQYF	TRBV2*03	1.1e-05	0.18189788464189113
CASSLGSNRDRSQYF	TRBV7-3*01	1.1e-05	0.4949600820323579
CASSLGGTNNYEQYF	TRBV7-6*01	1.1e-05	0.22021632131864863
CASSPWDVKQETQYF	TRBV7-9*01	1.1e-05	0.725965521071921
CASSWPGTVLELFF	TRBV7-9*01	1.1e-05	0.8928244814206318
CASSRETSTDTQYF	TRBV9*01	1.1e-05	0.41444784529701806
CSARDSGGWNEQFF	TRBV20-1*01	1.1e-05	0.9319506896041232
CSVSYRQVSFEAFF	TRBV29-1*01	1.1e-05	0.9679046190102122
CASSQVGDTQYF	TRBV14*01	1.1e-05	0.26663800550711275
CASKLAGALLDF	TRBV28*01	1.1e-05	0.9677073249027326
CSARGPLETQYF	TRBV20-1*01	1.1e-05	0.9504980223152306
CAILYGEELFF	TRBV7-9*01	1.1e-05	0.8177301742137397
CASSSTGELFF	TRBV28*01	1.1e-05	0.09858026124820701
CASSDQETQYF	TRBV27*01	1.1e-05	0.2344528157194282
CAISESWDTTTTSTDTQYF	TRBV10-3*01	1.1e-05	0.647225808720604
CASSYSVSGRGNTGELFF	TRBV6-2*01	1.1e-05	0.6035598714455171
CATSRDRSRLAVDEQFF	TRBV15*01	1.1e-05	0.7704530228549156
CASSLAGVGSSTGELFF	TRBV5-5*01	1.1e-05	0.3722005680971759
CASSPRAGQVGTDTQYF	TRBV11-2*01	1.1e-05	0.6107176818866392
CASSLEGSGASTDTQYF	TRBV5-1*01	1.1e-05	0.20573736605662798
CASSQDRAGTGANVLTF	TRBV4-3*01	1.1e-05	0.2119232503461698
CASSLDKRAWVDTQYF	TRBV11-3*01	1.1e-05	0.933217175198947
CASSPGTSGSYNEQFF	TRBV3-1*01	1.1e-05	0.2379790042404781
CASSVYTGLNTGELFF	TRBV9*01	1.1e-05	0.47967157395187865
CASSTQLRRLTDTQYF	TRBV11-3*01	1.1e-05	0.8727207536470402
CASSLSGTGGSDTQYF	TRBV5-1*01	1.1e-05	0.22216269161303553
CASSIIQGGFNEQFF	TRBV19*01	1.1e-05	0.60795915841255
CASSPGPRSNAEAFF	TRBV18*01	1.1e-05	0.8254235353806083
CASSSQDSTNEKLFF	TRBV27*01	1.1e-05	0.3070895791332392
CASSDGTSGGETQYF	TRBV10-1*01	1.1e-05	0.28890961277523397
CASSLSRDRGNEQFF	TRBV5-1*01	1.1e-05	0.633074516347841
CSARGRLANTGELFF	TRBV20-1*01	1.1e-05	0.9214484387622506
CSARKGSAGANVLTF	TRBV20-1*01	1.1e-05	0.9086990290701703
CASSMGPLSGTQYF	TRBV19*01	1.1e-05	0.8368010711367956
CASSLPGLRETQYF	TRBV18*01	1.1e-05	0.7570172036222531
CASSLGRPPDTQYF	TRBV11-2*01	1.1e-05	0.4875717324752555
CASKWGDTDSPLHF	TRBV5-6*01	1.1e-05	0.7681306651320108
CASSQETNTGELFF	TRBV4-1*01	1.1e-05	0.21412418010057407
CASNPPGDTGELFF	TRBV5-1*01	1.1e-05	0.6115054562479965
CSARVRGGADTQYF	TRBV20-1*01	1.1e-05	0.8889969971354503
CATSGSAYNEQFF	TRBV24-1*01	1.1e-05	0.2763842194620104
CASSSGFLNEQFF	TRBV14*01	1.1e-05	0.4994556496207853
CASSPGSPETQYF	TRBV6-6*04	1.1e-05	0.47931797651796276
CASSVGPDNEQFF	TRBV9*01	1.1e-05	0.34942862550786186
CASSVEDGDEQFF	TRBV9*01	1.1e-05	0.45122074166638276
CASRAGTETEAFF	TRBV12-3*01	1.1e-05	0.44268180391720796
CASSAQGPGELFF	TRBV10-2*01	1.1e-05	0.3250911133813328
CASSGDSYNEQFF	TRBV10-2*01	1.1e-05	0.20535790341226529
CSAAQGITDTQYF	TRBV20-1*01	1.1e-05	0.8698852219801297
CSAGVGSTDTQYF	TRBV20-1*01	1.1e-05	0.885269343912363
CASSDRGETQYF	TRBV19*03	1.1e-05	0.2427211860147128
CASSQEFNEQFF	TRBV3-1*01	1.1e-05	0.35191184851892554
CASSQNLASQYF	TRBV14*01	1.1e-05	0.8377523718290311
CSVRGGSETQYF	TRBV20-1*01	1.1e-05	0.8328347785262111
CSAKTPPREAFF	TRBV20-1*01	1.1e-05	0.990103852050106
CASSLGQGRTYNEQFF	TRBV7-6*01	1e-05	0.3574970666170749
CASSSTGGWEKLFF	TRBV7-9*01	1e-05	0.281732082758593
CASSQRDSGVIQYF	TRBV4-1*01	1e-05	0.8909800801769994
CSAPDLSEQFF	TRBV20-1*02	1e-05	0.9174490726264419
CASSRSGGLAGGQRYNEQFF	TRBV19*01	1e-05	0.4657982094075935
CASSLVGTSGGRIAHEQFF	TRBV7-6*01	1e-05	0.8959902833032937
CASSRSGGLWDENAEAFF	TRBV7-9*01	1e-05	0.915103476816432
CSVVKRGQGAKLGNEQFF	TRBV29-1*01	1e-05	0.9854225870310275
CASSPRTGQMNTGELFF	TRBV7-9*01	1e-05	0.3666099849165184
CASSRTGTPATNEKLFF	TRBV4-1*01	1e-05	0.6015170698433884
CASSDTRTSWYNEQFF	TRBV9*01	1e-05	0.8557153496270858
CATSRVQQKNTEAFF	TRBV15*02	1e-05	0.6898223937575336
CASSSDRMGNEKLFF	TRBV6-5*01	1e-05	0.2814112362340749
CASSGQGALGEQFF	TRBV6-1*01	1e-05	0.7392367907673306
CASSLSASADTQYF	TRBV7-3*01	1e-05	0.32435940089369814
CASSMGLAANEQFF	TRBV11-1*01	1e-05	0.6083617811453008
CASSHDRKQETQYF	TRBV4-1*01	1e-05	0.7213243721249625
CSARDLTSGDTQYF	TRBV20-1*01	1e-05	0.9070885999558872
CASSDETRGTQYF	TRBV6-4*01	1e-05	0.48963873172441186
CSGTGDLAGELFF	TRBV20-1*01	1e-05	0.7790717624632412
CASSISLAGRSSTDTQYF	TRBV19*01	1e-05	0.6519031854750797
CASSPPSQRGFYNEQFF	TRBV18*01	1e-05	0.7634046019386913
CASSLTTGISSNQPQHF	TRBV7-2*01	1e-05	0.34619742026160166
CASSLASGQIKAYEQYF	TRBV11-1*01	1e-05	0.7667515213377268
CASSLPPTSGRRGELFF	TRBV4-1*01	1e-05	0.779571630862442
CSASFIPRSGGLETQYF	TRBV20-1*02	1e-05	0.9863184520131901
CATSREDSGPQETQYF	TRBV15*01	1e-05	0.5874320522232734
CASSPRTSGFTDTQYF	TRBV18*01	1e-05	0.3940325949638147
CASSPRGAGGQETQYF	TRBV9*01	1e-05	0.34985602637262764
CASSQESLAAYNEQFF	TRBV4-2*01	1e-05	0.700350530653273
CASSGSQGDYNEQFF	TRBV6-1*01	1e-05	0.22180474397028152
CASSHGSRGAGELFF	TRBV13*01	1e-05	0.776224339386465
CASSARQGALKTQYF	TRBV5-1*01	1e-05	0.8651860861899889
CAWTDRAGANVLTF	TRBV30*01	1e-05	0.619208952635099
CASTGSSGANVLTF	TRBV6-1*01	1e-05	0.11352396274551685
CASSLERGINEQYF	TRBV5-4*01	1e-05	0.39354656827999085
CASKGGISTDTQYF	TRBV14*01	1e-05	0.5508080512884701
CSAATGGFWETQYF	TRBV20-1*01	1e-05	0.9764232414038299
CATSEREGRPQHF	TRBV24-1*01	1e-05	0.7512923806191488
CASSQGWPYEQYF	TRBV2*01	1e-05	0.5829047322343937
CASSDGPGNTIYF	TRBV27*01	1e-05	0.2829479312138493
CASSLADRGGLNF	TRBV14*01	1e-05	0.840425521852221
CAKPGTPTDTQYF	TRBV9*01	1e-05	0.9196538771907883
CSVRRGGTDTQYF	TRBV29-1*01	1e-05	0.5705032013051611
CASSLAIYEQYF	TRBV12-3*01	1e-05	0.22586048038463327
CASSLEREKLFF	TRBV7-2*01	1e-05	0.2894694187484917
CASSPERTQYF	TRBV18*01	1e-05	0.4794046502049003
CASSTLNTDTQYF	TRBV9*03	9e-06	0.22453985540705315
CASSQDGAGVDEQFF	TRBV4-1*01	9e-06	0.46730583618521626
CASSSSGNSKEQFF	TRBV11-2*01	9e-06	0.7683552437056547
CSANVRGTEAFF	TRBV20-1*01	9e-06	0.6188880447709078
CASSLDAGVPGELFF	TRBV5-1*01	9e-06	0.742833391189312
CASSLDRGQDTQYF	TRBV7-3*01	9e-06	0.15813594305356646
CASSREPGEETQYF	TRBV4-1*01	9e-06	0.41916300987782973
CATSRGVILEAGGPGIQYF	TRBV15*01	9e-06	0.9392474983148243
CASSYSGGLAGVYNEQFF	TRBV6-5*01	9e-06	0.4284798968032781
CASSFGTGGRTGELFF	TRBV5-6*01	9e-06	0.2983595872502318
CASSLELLAGVETQYF	TRBV7-9*01	9e-06	0.6312325967447658
CASSQEPSETYNEQFF	TRBV14*01	9e-06	0.623722264236236
CASSLWERGAKNIQYF	TRBV5-1*01	9e-06	0.9147924495829103
CAISVFDGLNTEAFF	TRBV10-3*01	9e-06	0.8167235705069996
CASSRQETLLDTQYF	TRBV18*01	9e-06	0.9399386859281087
CASPSVGQGEETQYF	TRBV6-1*01	9e-06	0.7269168195554814
CASTTNDRSNQPQHF	TRBV2*02	9e-06	0.5417456488020489
CASSLRGGGTGELFF	TRBV7-3*01	9e-06	0.1413559436687395
CASSPGDRSNQPQHF	TRBV5-8*01	9e-06	0.2224365260143806
CASSVYEYATDTQYF	TRBV9*01	9e-06	0.8707050449323018
CASSSYRGGYEQYF	TRBV5-6*01	9e-06	0.135359355527546
CASSGDLSSYEQYF	TRBV5-4*01	9e-06	0.34954253388799505
CASSEQGATDTQYF	TRBV2*01	9e-06	0.27122330218385116
CASSQERGLNGYTF	TRBV4-3*01	9e-06	0.6105063647316156
CASNSGTRDSEQFF	TRBV10-2*01	9e-06	0.680974691882118
CSARTRLGSSVQFF	TRBV29-1*01	9e-06	0.9959066890910325
CAILSRRGGTQYF	TRBV10-3*01	9e-06	0.7430561597386949
CSVVLAGGYEQYF	TRBV29-1*01	9e-06	0.7447186463040376
CASNSGGKTQYF	TRBV14*01	9e-06	0.7430402502610521
CASSLEGKAAFF	TRBV7-9*01	9e-06	0.6513544585943322
CASSLIGAEQFF	TRBV7-3*01	9e-06	0.5004760547033905
CSAGKRQETQYF	TRBV20-1*01	9e-06	0.9399527093727037
CASGQETQYF	TRBV6-2*01	9e-06	0.3296700482818658
CASSVTSGSTDTQYF	TRBV6-1*01	8e-06	0.2350791708969363
CASSTLTGSSPLHF	TRBV19*03	8e-06	0.303811926631799
CATSRDHWGMETDTQYF	TRBV15*01	8e-06	0.9115710313911102
CASSRGPARGDTDTQYF	TRBV4-1*01	8e-06	0.8279799802676506
CASSQEYPQGAGVEQYF	TRBV4-1*01	8e-06	0.6472712757392215
CASSTPSGGGSYNEQFF	TRBV5-1*01	8e-06	0.31828481120129853
CASTTDSRSGANVLTF	TRBV27*01	8e-06	0.355347695701167
CASIARPEGANTEAFF	TRBV5-1*01	8e-06	0.8494832062771601
CAISVASGLGDTQYF	TRBV10-3*01	8e-06	0.6011666818773409
CATSRDPGQQETQYF	TRBV15*01	8e-06	0.6417646912225422
CASSYSAGGTDTQYF	TRBV6-5*01	8e-06	0.17296123842407043
CASSLVGEPYNEQFF	TRBV5-6*01	8e-06	0.5070143806292176
CASSLEIGLQETQYF	TRBV5-1*01	8e-06	0.5829998512677066
CASSAASGARETQYF	TRBV5-1*01	8e-06	0.4645642491117735
CASRMESRTDTQYF	TRBV19*01	8e-06	0.8076147029327733
CASSLGTGIGELFF	TRBV7-3*01	8e-06	0.4889186925031482
CASCLGMTDTQYF	TRBV5-1*01	8e-06	0.8237850871833994
CASSNQDTQYF	TRBV4-1*01	8e-06	0.15448951756543572
CAISESTSGNSDTQYF	TRBV10-3*01	7e-06	0.5498125358307924
CASSEGGGGSYNEQFF	TRBV2*01	7e-06	0.11280979416193378
CASSIGGRWDTQYF	TRBV19*01	7e-06	0.5822690489389696
CASRTSGGTYEQYF	TRBV7-2*01	7e-06	0.15467668514445934
CASRTRDRGTEAFF	TRBV7-9*01	7e-06	0.6013508587278543
CASSQRGANEKLFF	TRBV5-1*01	7e-06	0.20535152280623287
CASSRDRRYTF	TRBV5-6*01	7e-06	0.23900397859514555
CASSLRTTPGLAGNIQYF	TRBV13*01	6e-06	0.9112385220371703
CASSLRDSGETQYF	TRBV11-3*01	6e-06	0.40141743512739064
CASSFQGIRAQYF	TRBV7-2*01	6e-06	0.8952189811683824
CASSLTSGRTDTQYF	TRBV7-3*01	5e-06	0.375057694809228
CASSERENTEAFF	TRBV2*03	5e-06	0.11542647962663964
CASSPRGTGNTGELFF	TRBV18*01	4e-06	0.21215215889037792
